NOMBRE : UR137
COMENTARIO :  24  componentes 
VERTICES :  980
ARISTAS_REQ : 1308
ARISTAS_NOREQ :  436
LISTA_ARISTAS_REQ :
(   1,   2)   coste      54       54
(   3,   4)   coste      17       17
(   3,   5)   coste      15       15
(   3,   6)   coste      26       26
(   7,   8)   coste      46       46
(   7,   9)   coste      34       34
(  10,  11)   coste      32       32
(  10,  12)   coste      18       18
(  10,  13)   coste      14       14
(  10,  14)   coste       6        6
(  10,  15)   coste      19       19
(  16,  17)   coste      31       31
(  16,  18)   coste      23       23
(  16,  19)   coste      34       34
(  20,  21)   coste      24       24
(  20,  22)   coste      12       12
(  20,  23)   coste      27       27
(  20,  24)   coste      48       48
(  25,  26)   coste      49       49
(  25,  27)   coste      45       45
(  25,  28)   coste      47       47
(  29,  30)   coste      39       39
(  29,  31)   coste      39       39
(  29,  32)   coste      37       37
(  33,  34)   coste      31       31
(  33,  35)   coste      15       15
(  33,  36)   coste      25       25
(  37,  38)   coste      22       22
(  37,  39)   coste      29       29
(  37,  40)   coste      19       19
(  37,  41)   coste      21       21
(  37,  42)   coste      24       24
(  43,  44)   coste      34       34
(  43,  45)   coste      22       22
(  19,  43)   coste      29       29
(  43,  46)   coste      29       29
(  47,  48)   coste      47       47
(  47,  49)   coste      30       30
(  50,  51)   coste      24       24
(  50,  52)   coste      33       33
(  53,  54)   coste      33       33
(  55,  56)   coste       6        6
(  57,  58)   coste      35       35
(  57,  59)   coste      21       21
(  57,  60)   coste      35       35
(  61,  62)   coste      19       19
(  61,  63)   coste      23       23
(  61,  64)   coste      16       16
(  65,  66)   coste      21       21
(  65,  67)   coste      22       22
(  65,  68)   coste      10       10
(  69,  70)   coste      15       15
(  71,  72)   coste      34       34
(  71,  73)   coste      33       33
(  71,  74)   coste      43       43
(  75,  76)   coste      21       21
(  75,  77)   coste      16       16
(  75,  78)   coste      30       30
(  79,  80)   coste      25       25
(  79,  81)   coste      37       37
(  79,  82)   coste      37       37
(  83,  84)   coste      26       26
(  83,  85)   coste       9        9
(  86,  87)   coste      39       39
(  86,  88)   coste      18       18
(  86,  89)   coste      36       36
(  86,  90)   coste      20       20
(  72,  91)   coste      25       25
(  72,  74)   coste      29       29
(  92,  93)   coste      37       37
(  94,  95)   coste      37       37
(  94,  96)   coste      14       14
(  94,  97)   coste      43       43
(  98,  99)   coste      16       16
( 100, 101)   coste      33       33
( 100, 102)   coste      18       18
(  66, 103)   coste      29       29
( 103, 104)   coste       9        9
( 103, 105)   coste       4        4
( 106, 107)   coste      29       29
( 106, 108)   coste      32       32
( 106, 109)   coste      45       45
( 110, 111)   coste      22       22
( 112, 113)   coste      25       25
( 112, 114)   coste       9        9
( 112, 115)   coste      12       12
( 116, 117)   coste      30       30
( 102, 116)   coste      13       13
( 118, 119)   coste      15       15
( 118, 120)   coste      35       35
( 118, 121)   coste      33       33
( 118, 122)   coste      19       19
( 123, 124)   coste      22       22
( 123, 125)   coste      24       24
( 123, 126)   coste      35       35
( 127, 128)   coste      19       19
( 127, 129)   coste      38       38
( 130, 131)   coste      37       37
( 130, 132)   coste      18       18
( 133, 134)   coste      59       59
( 133, 135)   coste      14       14
( 133, 136)   coste      39       39
( 133, 137)   coste      43       43
( 138, 139)   coste      27       27
( 138, 140)   coste      27       27
( 138, 141)   coste      21       21
( 142, 143)   coste      32       32
( 142, 144)   coste      13       13
( 142, 145)   coste      35       35
( 146, 147)   coste      21       21
( 134, 148)   coste      47       47
( 149, 150)   coste      26       26
( 149, 151)   coste      23       23
( 149, 152)   coste      23       23
( 149, 153)   coste      22       22
( 154, 155)   coste      32       32
( 154, 156)   coste      17       17
( 154, 157)   coste      40       40
( 158, 159)   coste      20       20
( 148, 158)   coste      18       18
( 158, 160)   coste      28       28
( 161, 162)   coste      35       35
( 163, 164)   coste      21       21
( 126, 163)   coste      21       21
( 165, 166)   coste      24       24
( 167, 168)   coste      43       43
( 167, 169)   coste      10       10
( 170, 171)   coste      41       41
( 170, 172)   coste      18       18
( 173, 174)   coste      32       32
( 173, 175)   coste      15       15
( 173, 176)   coste      28       28
( 173, 177)   coste      34       34
( 178, 179)   coste      30       30
( 178, 180)   coste      45       45
( 178, 181)   coste      16       16
( 182, 183)   coste      28       28
( 182, 184)   coste      31       31
( 185, 186)   coste      19       19
( 185, 187)   coste      70       70
( 185, 188)   coste      22       22
( 185, 189)   coste      29       29
( 190, 191)   coste      32       32
( 190, 192)   coste       9        9
( 190, 193)   coste      30       30
( 194, 195)   coste       6        6
( 194, 196)   coste      15       15
( 143, 197)   coste      12       12
( 143, 198)   coste      18       18
( 143, 199)   coste      24       24
( 191, 200)   coste      15       15
( 200, 201)   coste       4        4
( 200, 202)   coste      16       16
( 203, 204)   coste      22       22
( 205, 206)   coste      30       30
( 205, 207)   coste      29       29
( 107, 208)   coste      28       28
( 208, 209)   coste      26       26
( 208, 210)   coste      14       14
( 211, 212)   coste      50       50
( 211, 213)   coste      31       31
( 211, 214)   coste      44       44
( 215, 216)   coste      33       33
( 217, 218)   coste      34       34
( 219, 220)   coste      27       27
( 219, 221)   coste      36       36
( 195, 222)   coste      21       21
( 195, 196)   coste      16       16
( 195, 223)   coste      25       25
( 224, 225)   coste      48       48
( 224, 226)   coste      17       17
( 147, 227)   coste      43       43
( 147, 228)   coste      35       35
( 147, 229)   coste      30       30
( 147, 230)   coste      37       37
( 231, 232)   coste      29       29
( 231, 233)   coste      29       29
( 231, 234)   coste      17       17
(  30, 235)   coste       4        4
(  30,  31)   coste       3        3
( 236, 237)   coste      24       24
( 236, 238)   coste      23       23
( 239, 240)   coste      24       24
( 239, 241)   coste      29       29
( 242, 243)   coste      24       24
( 242, 244)   coste       8        8
( 245, 246)   coste      41       41
( 245, 247)   coste      42       42
( 131, 245)   coste      41       41
( 225, 226)   coste      32       32
( 248, 249)   coste      50       50
(  93, 248)   coste      33       33
( 248, 250)   coste      45       45
( 251, 252)   coste      43       43
( 251, 253)   coste      36       36
( 251, 254)   coste      38       38
(  95, 255)   coste      10       10
( 255, 256)   coste      14       14
( 257, 258)   coste      23       23
( 257, 259)   coste       4        4
( 260, 261)   coste      17       17
( 260, 262)   coste      22       22
( 260, 263)   coste      30       30
(  34,  35)   coste      21       21
(  34, 264)   coste      27       27
(  34, 265)   coste      21       21
(  34, 266)   coste      41       41
( 267, 268)   coste      29       29
( 267, 269)   coste      45       45
( 267, 270)   coste      16       16
( 271, 272)   coste      31       31
( 271, 273)   coste      25       25
( 271, 274)   coste      30       30
( 271, 275)   coste       6        6
( 276, 277)   coste      15       15
( 276, 278)   coste      16       16
( 276, 279)   coste      34       34
(   8, 140)   coste      27       27
(   8, 280)   coste      31       31
( 281, 282)   coste      50       50
( 281, 283)   coste      13       13
( 281, 284)   coste      17       17
( 281, 285)   coste      33       33
( 286, 287)   coste      29       29
( 286, 288)   coste      18       18
( 289, 290)   coste      22       22
( 289, 291)   coste       2        2
( 289, 292)   coste      26       26
( 289, 293)   coste      26       26
( 294, 295)   coste      30       30
( 294, 296)   coste      39       39
( 294, 297)   coste      20       20
( 139, 140)   coste       6        6
( 298, 299)   coste      17       17
( 298, 300)   coste       9        9
( 277, 278)   coste       9        9
(  38,  39)   coste      13       13
(  38,  40)   coste      30       30
( 264, 301)   coste      30       30
( 301, 302)   coste      31       31
( 303, 304)   coste      38       38
( 303, 305)   coste      27       27
( 306, 307)   coste      31       31
( 306, 308)   coste      20       20
( 240, 282)   coste      35       35
( 240, 309)   coste      31       31
( 240, 310)   coste      46       46
( 311, 312)   coste      48       48
( 311, 313)   coste      59       59
( 314, 315)   coste      29       29
(  49, 316)   coste      25       25
( 317, 318)   coste      30       30
( 317, 319)   coste       8        8
( 317, 320)   coste      11       11
( 186, 187)   coste      59       59
( 186, 321)   coste      24       24
( 186, 188)   coste      38       38
( 186, 189)   coste      32       32
( 322, 323)   coste      34       34
( 322, 324)   coste      24       24
( 325, 326)   coste      27       27
( 325, 327)   coste      28       28
( 328, 329)   coste      36       36
( 328, 330)   coste      19       19
( 328, 331)   coste      38       38
( 328, 332)   coste      16       16
( 328, 333)   coste      28       28
( 334, 335)   coste      43       43
( 336, 337)   coste      28       28
( 336, 338)   coste      44       44
( 329, 332)   coste      28       28
( 339, 340)   coste      20       20
( 339, 341)   coste      20       20
( 339, 342)   coste      10       10
( 343, 344)   coste      17       17
( 343, 345)   coste      33       33
( 216, 346)   coste      28       28
( 216, 263)   coste      29       29
( 347, 348)   coste      26       26
(  87, 349)   coste      39       39
(  87, 350)   coste      41       41
(  87,  90)   coste      22       22
( 351, 352)   coste      19       19
( 353, 354)   coste      36       36
(  97, 353)   coste      45       45
( 353, 355)   coste      49       49
( 282, 356)   coste      39       39
( 282, 357)   coste      51       51
( 358, 359)   coste      30       30
(  84, 360)   coste      20       20
( 360, 361)   coste      33       33
( 360, 362)   coste      14       14
( 101, 360)   coste      16       16
( 360, 363)   coste      35       35
( 364, 365)   coste      20       20
( 364, 366)   coste      28       28
( 367, 368)   coste      39       39
( 367, 369)   coste      19       19
( 370, 371)   coste      14       14
( 345, 370)   coste      30       30
( 370, 372)   coste      26       26
( 135, 136)   coste      31       31
( 135, 137)   coste      30       30
( 373, 374)   coste      32       32
( 373, 375)   coste      42       42
( 373, 376)   coste      19       19
( 377, 378)   coste      29       29
( 377, 379)   coste      17       17
( 377, 380)   coste      28       28
( 381, 382)   coste      23       23
( 383, 384)   coste      25       25
( 383, 385)   coste      21       21
( 383, 386)   coste      21       21
( 387, 388)   coste      39       39
( 387, 389)   coste      16       16
( 387, 390)   coste      39       39
( 391, 392)   coste      21       21
( 391, 393)   coste      35       35
( 391, 394)   coste      21       21
( 395, 396)   coste      16       16
( 395, 397)   coste      41       41
( 395, 398)   coste      16       16
( 344, 399)   coste      26       26
( 399, 400)   coste      14       14
( 399, 401)   coste      22       22
( 107, 402)   coste      43       43
( 238, 403)   coste      14       14
( 235, 404)   coste      30       30
( 307, 405)   coste       5        5
( 406, 407)   coste      26       26
( 406, 408)   coste      17       17
( 409, 410)   coste      27       27
( 172, 409)   coste      40       40
(  54, 411)   coste      42       42
( 411, 412)   coste      36       36
( 369, 411)   coste      42       42
(  88, 413)   coste      35       35
( 243, 414)   coste      32       32
( 227, 415)   coste      39       39
( 415, 416)   coste      29       29
( 415, 417)   coste      18       18
( 187, 418)   coste      66       66
( 419, 420)   coste      21       21
( 419, 421)   coste      16       16
( 419, 422)   coste      32       32
( 423, 424)   coste      35       35
( 423, 425)   coste      42       42
(  48, 331)   coste      23       23
(  48, 426)   coste      23       23
(  48, 427)   coste      43       43
( 117, 428)   coste      18       18
( 227, 429)   coste      31       31
( 227, 230)   coste      43       43
( 430, 431)   coste      26       26
( 315, 430)   coste      29       29
( 430, 432)   coste      26       26
(  51, 433)   coste      30       30
(  51, 269)   coste      40       40
(  51, 434)   coste      28       28
( 435, 436)   coste      28       28
( 435, 437)   coste      35       35
( 192, 438)   coste      39       39
( 324, 439)   coste      43       43
( 439, 440)   coste      34       34
( 439, 441)   coste      21       21
( 442, 443)   coste      34       34
( 442, 444)   coste      31       31
( 445, 446)   coste      20       20
( 445, 447)   coste      30       30
( 349, 448)   coste      22       22
(  90, 349)   coste      25       25
( 449, 450)   coste      21       21
( 449, 451)   coste      37       37
( 156, 452)   coste      22       22
( 157, 452)   coste      21       21
( 308, 405)   coste      19       19
( 453, 454)   coste      35       35
( 453, 455)   coste      20       20
( 453, 456)   coste      38       38
( 453, 457)   coste      25       25
( 458, 459)   coste      25       25
( 460, 461)   coste      41       41
( 350, 460)   coste      18       18
( 122, 460)   coste      36       36
( 462, 463)   coste      35       35
( 462, 464)   coste      39       39
(  41, 465)   coste      34       34
( 156, 465)   coste      36       36
( 466, 467)   coste      43       43
( 468, 469)   coste      18       18
( 468, 470)   coste      27       27
( 468, 471)   coste      66       66
( 472, 473)   coste      17       17
( 472, 474)   coste      27       27
( 326, 352)   coste      39       39
( 352, 475)   coste      26       26
( 476, 477)   coste      22       22
( 476, 478)   coste      19       19
( 410, 479)   coste      26       26
( 479, 480)   coste      45       45
( 479, 481)   coste      45       45
(  66, 461)   coste      38       38
(  66, 105)   coste      30       30
(  66,  68)   coste      30       30
( 482, 483)   coste      34       34
( 482, 484)   coste      33       33
( 483, 485)   coste       7        7
(  54, 485)   coste      21       21
( 256, 485)   coste      38       38
( 272, 275)   coste      35       35
( 272, 486)   coste      23       23
( 145, 424)   coste      27       27
( 424, 487)   coste      52       52
(  80, 488)   coste      23       23
( 488, 489)   coste       6        6
(  82, 488)   coste      32       32
( 488, 490)   coste       6        6
( 491, 492)   coste      28       28
( 491, 493)   coste      17       17
( 491, 494)   coste      29       29
( 491, 495)   coste      23       23
( 148, 159)   coste      29       29
( 159, 160)   coste      17       17
( 496, 497)   coste      48       48
( 434, 496)   coste      43       43
( 155, 498)   coste      45       45
(  41, 155)   coste      43       43
( 326, 475)   coste      14       14
( 499, 500)   coste      12       12
( 437, 499)   coste      29       29
( 501, 502)   coste      32       32
( 501, 503)   coste      11       11
( 504, 505)   coste      35       35
( 312, 506)   coste      34       34
( 506, 507)   coste      33       33
(  52, 506)   coste      14       14
( 508, 509)   coste      33       33
( 510, 511)   coste       3        3
( 510, 512)   coste      14       14
( 510, 513)   coste      24       24
( 514, 515)   coste      21       21
( 179, 514)   coste      28       28
( 180, 514)   coste      30       30
( 516, 517)   coste      24       24
( 516, 518)   coste      22       22
( 516, 519)   coste      23       23
(  76, 249)   coste      12       12
(  78, 249)   coste      21       21
( 249, 520)   coste      20       20
( 521, 522)   coste      24       24
( 521, 523)   coste      18       18
( 521, 524)   coste       2        2
( 525, 526)   coste      43       43
( 470, 525)   coste      43       43
( 420, 421)   coste      18       18
( 420, 527)   coste      15       15
( 528, 529)   coste      30       30
( 528, 530)   coste       4        4
( 528, 531)   coste      10       10
( 113, 114)   coste      21       21
( 113, 115)   coste      24       24
( 183, 532)   coste      24       24
( 183, 244)   coste      20       20
( 183, 533)   coste      13       13
( 534, 535)   coste      30       30
( 534, 536)   coste      29       29
( 537, 538)   coste      23       23
( 537, 539)   coste      25       25
( 310, 356)   coste      47       47
( 323, 540)   coste      38       38
( 162, 323)   coste      17       17
( 541, 542)   coste      14       14
( 543, 544)   coste       3        3
( 545, 546)   coste      27       27
( 545, 547)   coste      47       47
( 379, 545)   coste      36       36
( 548, 549)   coste      36       36
( 548, 550)   coste      21       21
( 548, 551)   coste      38       38
( 313, 548)   coste      30       30
( 330, 332)   coste      16       16
( 330, 552)   coste      26       26
( 330, 333)   coste      20       20
( 338, 553)   coste       7        7
( 554, 555)   coste      40       40
( 448, 556)   coste       5        5
( 557, 558)   coste      18       18
( 557, 559)   coste      23       23
( 560, 561)   coste      24       24
( 560, 562)   coste      21       21
( 560, 563)   coste      12       12
( 560, 564)   coste      16       16
( 268, 340)   coste      29       29
( 268, 341)   coste      29       29
( 565, 566)   coste      16       16
( 565, 567)   coste      22       22
(   4, 568)   coste      34       34
(   5, 568)   coste      47       47
( 569, 570)   coste      28       28
( 571, 572)   coste      30       30
( 153, 571)   coste      33       33
(  89, 573)   coste      30       30
( 440, 573)   coste      24       24
( 573, 574)   coste      29       29
( 396, 398)   coste      17       17
( 396, 474)   coste      23       23
( 575, 576)   coste      11       11
( 302, 575)   coste       4        4
( 577, 578)   coste      31       31
( 577, 579)   coste       9        9
( 197, 580)   coste      31       31
( 206, 581)   coste      30       30
( 206, 207)   coste       9        9
( 558, 582)   coste      20       20
( 583, 584)   coste      22       22
( 583, 585)   coste      19       19
( 583, 586)   coste      43       43
( 583, 587)   coste      22       22
( 588, 589)   coste      34       34
( 588, 590)   coste      19       19
( 588, 591)   coste      26       26
(  58, 346)   coste      23       23
(  58, 241)   coste      23       23
( 592, 593)   coste      14       14
( 128, 594)   coste       9        9
( 160, 594)   coste      30       30
(  35, 266)   coste      49       49
( 433, 595)   coste      40       40
( 433, 596)   coste      39       39
( 433, 434)   coste      43       43
(  28, 433)   coste      13       13
( 597, 598)   coste      15       15
( 597, 599)   coste      23       23
( 436, 500)   coste      12       12
( 436, 437)   coste      19       19
( 600, 601)   coste      28       28
( 600, 602)   coste      17       17
( 600, 603)   coste      27       27
( 604, 605)   coste      38       38
( 604, 606)   coste      18       18
( 559, 604)   coste      31       31
( 598, 607)   coste      25       25
( 598, 608)   coste      17       17
( 598, 599)   coste      21       21
( 237, 429)   coste      18       18
( 429, 609)   coste      34       34
( 610, 611)   coste      24       24
(  74, 610)   coste      11       11
( 610, 612)   coste      36       36
( 120, 613)   coste      41       41
( 495, 613)   coste      43       43
( 614, 615)   coste      49       49
( 344, 400)   coste      29       29
( 581, 616)   coste      27       27
( 207, 581)   coste      22       22
( 581, 617)   coste      33       33
( 331, 427)   coste      42       42
( 584, 618)   coste      34       34
( 586, 618)   coste      17       17
( 587, 618)   coste      18       18
( 174, 486)   coste      29       29
( 619, 620)   coste      32       32
( 619, 621)   coste      16       16
( 622, 623)   coste       3        3
( 622, 624)   coste      29       29
( 258, 558)   coste       4        4
( 258, 259)   coste      20       20
( 384, 625)   coste      24       24
( 384, 385)   coste      12       12
( 626, 627)   coste      18       18
( 590, 626)   coste      29       29
( 628, 629)   coste      33       33
( 628, 630)   coste      10       10
( 631, 632)   coste      23       23
( 633, 634)   coste      28       28
( 633, 635)   coste      26       26
(  22, 633)   coste      28       28
( 636, 637)   coste      19       19
( 636, 638)   coste      13       13
( 636, 639)   coste      16       16
( 640, 641)   coste      13       13
( 335, 640)   coste      45       45
( 640, 642)   coste      15       15
( 204, 640)   coste      29       29
( 561, 643)   coste      13       13
( 527, 643)   coste       4        4
(  77, 644)   coste      14       14
( 644, 645)   coste      21       21
( 641, 646)   coste      28       28
( 641, 642)   coste       4        4
( 641, 647)   coste      25       25
( 168, 648)   coste      29       29
( 137, 168)   coste      26       26
( 467, 649)   coste      39       39
( 649, 650)   coste      34       34
( 649, 651)   coste      13       13
( 253, 652)   coste      39       39
( 152, 652)   coste      29       29
( 652, 653)   coste       5        5
( 654, 655)   coste      20       20
( 144, 561)   coste      39       39
( 656, 657)   coste      23       23
( 656, 658)   coste      35       35
( 659, 660)   coste      32       32
(  70, 659)   coste      23       23
( 659, 661)   coste      38       38
( 659, 662)   coste      20       20
(  52, 312)   coste      38       38
( 212, 214)   coste      27       27
( 546, 547)   coste      38       38
( 629, 630)   coste      33       33
( 551, 629)   coste      37       37
( 629, 663)   coste      18       18
(  73, 664)   coste      16       16
(  73, 665)   coste      24       24
( 480, 666)   coste      17       17
( 616, 667)   coste      21       21
( 536, 616)   coste      26       26
( 246, 668)   coste      10       10
( 246, 669)   coste      39       39
( 184, 532)   coste      23       23
( 184, 670)   coste      15       15
( 184, 671)   coste      12       12
( 247, 669)   coste       6        6
(  93, 523)   coste      45       45
(  54, 483)   coste      27       27
( 256, 483)   coste      39       39
( 287, 672)   coste      34       34
( 566, 673)   coste      37       37
( 673, 674)   coste      27       27
(  11, 520)   coste      32       32
(  11, 675)   coste      24       24
(  11,  15)   coste      21       21
( 459, 492)   coste      38       38
( 366, 676)   coste      27       27
( 624, 677)   coste      28       28
( 447, 677)   coste      14       14
( 443, 678)   coste       8        8
( 678, 679)   coste      30       30
( 678, 680)   coste      21       21
( 681, 682)   coste      21       21
( 681, 683)   coste      32       32
( 621, 684)   coste       4        4
( 684, 685)   coste      15       15
( 684, 686)   coste      26       26
( 226, 687)   coste      32       32
( 666, 688)   coste      15       15
( 666, 689)   coste      36       36
( 481, 666)   coste      14       14
( 304, 611)   coste      27       27
( 690, 691)   coste      19       19
( 690, 692)   coste      26       26
( 511, 512)   coste      16       16
( 511, 513)   coste      25       25
( 693, 694)   coste      40       40
( 693, 695)   coste      38       38
( 693, 696)   coste      43       43
(   2, 693)   coste      41       41
( 107, 209)   coste      33       33
( 107, 109)   coste      39       39
( 529, 697)   coste      20       20
( 529, 698)   coste      27       27
( 699, 700)   coste      28       28
( 699, 701)   coste      13       13
( 702, 703)   coste      13       13
( 702, 704)   coste      39       39
(  44,  45)   coste      37       37
(  19,  44)   coste      30       30
( 705, 706)   coste      33       33
( 705, 707)   coste      24       24
( 407, 708)   coste      30       30
( 407, 709)   coste      34       34
( 407, 710)   coste      29       29
( 125, 711)   coste      40       40
( 266, 711)   coste      37       37
( 711, 712)   coste      41       41
( 507, 584)   coste      23       23
( 507, 585)   coste      21       21
( 299, 713)   coste      11       11
( 299, 714)   coste      27       27
( 299, 300)   coste      13       13
( 715, 716)   coste      47       47
( 589, 717)   coste      30       30
( 718, 719)   coste      11       11
( 533, 718)   coste      52       52
( 237, 609)   coste      19       19
( 716, 720)   coste      55       55
( 716, 721)   coste      23       23
( 535, 722)   coste      16       16
( 535, 723)   coste      11       11
( 300, 713)   coste      14       14
( 713, 724)   coste      14       14
( 725, 726)   coste       8        8
( 725, 727)   coste      11       11
( 725, 728)   coste      41       41
( 725, 729)   coste      18       18
( 196, 222)   coste      16       16
( 222, 730)   coste      25       25
( 222, 223)   coste      25       25
( 731, 732)   coste      12       12
(   4,   5)   coste      12       12
( 202, 570)   coste      29       29
( 570, 733)   coste      18       18
(  52, 595)   coste      40       40
(  56, 734)   coste       7        7
( 273, 735)   coste      22       22
( 274, 735)   coste      32       32
( 735, 736)   coste      12       12
( 737, 738)   coste      42       42
( 737, 739)   coste      11       11
( 737, 740)   coste      27       27
( 726, 741)   coste      10       10
( 742, 743)   coste      22       22
( 196, 742)   coste      26       26
( 730, 742)   coste      31       31
(  31, 744)   coste      23       23
(  80,  81)   coste      32       32
(  80, 489)   coste      23       23
( 745, 746)   coste      10       10
( 745, 747)   coste      27       27
( 400, 748)   coste      18       18
( 400, 401)   coste      18       18
(  12, 706)   coste      41       41
( 669, 706)   coste      43       43
( 544, 749)   coste      18       18
( 749, 750)   coste      19       19
( 749, 751)   coste      23       23
( 157, 357)   coste      48       48
( 752, 753)   coste      25       25
( 591, 752)   coste      40       40
( 752, 754)   coste      33       33
( 104, 464)   coste      31       31
( 382, 755)   coste      10       10
( 454, 756)   coste       8        8
( 454, 757)   coste      18       18
( 758, 759)   coste      24       24
( 463, 758)   coste      29       29
( 758, 760)   coste      23       23
(  74,  91)   coste      32       32
(  91, 761)   coste      30       30
(  91, 762)   coste      11       11
( 469, 763)   coste      23       23
( 469, 526)   coste      14       14
( 469, 470)   coste      27       27
( 469, 764)   coste      29       29
( 278, 765)   coste      10       10
(  85, 473)   coste      31       31
( 607, 766)   coste      20       20
( 444, 607)   coste      35       35
( 599, 607)   coste      16       16
( 767, 768)   coste      30       30
( 767, 769)   coste      31       31
( 634, 635)   coste      10       10
( 634, 770)   coste      26       26
(  84, 771)   coste      10       10
(  84, 772)   coste      28       28
( 773, 774)   coste      56       56
( 539, 775)   coste      32       32
( 775, 776)   coste      28       28
( 777, 778)   coste      21       21
( 667, 777)   coste      17       17
( 777, 779)   coste      14       14
( 108, 780)   coste      40       40
( 386, 780)   coste      16       16
( 780, 781)   coste       7        7
( 467, 651)   coste      28       28
(  81, 450)   coste      33       33
( 562, 782)   coste      13       13
( 783, 784)   coste      30       30
( 515, 785)   coste      23       23
( 785, 786)   coste      18       18
( 785, 787)   coste      16       16
( 788, 789)   coste      21       21
( 457, 788)   coste      14       14
( 788, 790)   coste      24       24
( 791, 792)   coste      36       36
( 660, 717)   coste      43       43
( 688, 793)   coste      24       24
( 688, 794)   coste      28       28
( 481, 688)   coste      22       22
( 341, 795)   coste      24       24
(  78, 250)   coste      42       42
( 566, 796)   coste      28       28
( 796, 797)   coste      37       37
( 798, 799)   coste      33       33
( 798, 800)   coste      26       26
( 798, 801)   coste      23       23
( 198, 580)   coste      14       14
( 198, 199)   coste      17       17
( 421, 802)   coste      27       27
( 542, 766)   coste      25       25
( 542, 803)   coste      23       23
( 542, 804)   coste      10       10
( 542, 805)   coste      13       13
( 332, 806)   coste      24       24
( 332, 807)   coste      39       39
(  89, 808)   coste      18       18
(  89, 809)   coste      30       30
( 450, 810)   coste      16       16
( 450, 811)   coste       6        6
( 682, 683)   coste      16       16
( 682, 812)   coste      16       16
( 566, 813)   coste      31       31
( 813, 814)   coste      32       32
( 128, 815)   coste      31       31
( 128, 816)   coste      26       26
( 440, 817)   coste      16       16
( 441, 817)   coste      21       21
( 729, 741)   coste      26       26
( 315, 818)   coste      35       35
( 637, 638)   coste      12       12
( 637, 639)   coste      23       23
( 769, 819)   coste      40       40
( 359, 819)   coste      12       12
( 362, 771)   coste      20       20
( 273, 820)   coste      26       26
( 820, 821)   coste      24       24
( 820, 822)   coste       8        8
(  14, 668)   coste      19       19
( 635, 770)   coste      23       23
(  54, 256)   coste      38       38
( 823, 824)   coste      33       33
( 823, 825)   coste      12       12
( 698, 823)   coste      34       34
(  70, 826)   coste      17       17
(  12,  13)   coste       9        9
(  12, 827)   coste      16       16
(  18,  45)   coste      15       15
(  19,  45)   coste      13       13
(  45,  46)   coste      11       11
(  59, 691)   coste      18       18
(  59, 692)   coste      17       17
( 646, 647)   coste      27       27
( 470, 763)   coste      11       11
( 828, 829)   coste      34       34
( 670, 828)   coste      39       39
( 144, 145)   coste      25       25
( 345, 627)   coste      20       20
( 830, 831)   coste      25       25
( 603, 830)   coste       4        4
( 830, 832)   coste       9        9
( 148, 160)   coste      25       25
(   6, 732)   coste      23       23
( 655, 833)   coste      36       36
( 834, 835)   coste      41       41
( 425, 834)   coste      26       26
( 538, 539)   coste       3        3
( 722, 723)   coste       9        9
( 685, 722)   coste      25       25
(  39, 836)   coste      32       32
( 285, 836)   coste      36       36
( 710, 837)   coste      13       13
( 615, 838)   coste      15       15
( 743, 839)   coste      30       30
( 162, 540)   coste      35       35
( 324, 540)   coste      37       37
( 540, 750)   coste      37       37
( 799, 840)   coste      15       15
( 800, 840)   coste       9        9
( 691, 692)   coste       9        9
( 273, 841)   coste      25       25
( 273, 275)   coste      23       23
( 273, 736)   coste      16       16
( 196, 730)   coste      28       28
( 371, 372)   coste      28       28
( 815, 842)   coste      28       28
( 694, 843)   coste      41       41
( 455, 456)   coste      31       31
( 455, 457)   coste      13       13
(  82, 844)   coste       9        9
( 845, 846)   coste      16       16
( 845, 847)   coste      14       14
( 845, 848)   coste       8        8
( 578, 845)   coste      20       20
(  21,  22)   coste      35       35
( 252, 849)   coste      26       26
( 512, 513)   coste      34       34
( 512, 850)   coste      16       16
( 261, 262)   coste      28       28
( 261, 310)   coste      35       35
( 261, 851)   coste      11       11
( 489, 852)   coste      24       24
( 853, 854)   coste      20       20
( 293, 853)   coste      32       32
( 418, 515)   coste      25       25
( 180, 515)   coste      25       25
( 283, 284)   coste      13       13
( 283, 658)   coste      21       21
( 431, 432)   coste       9        9
( 784, 855)   coste      13       13
( 720, 721)   coste      46       46
( 799, 800)   coste       8        8
( 572, 856)   coste      25       25
( 857, 858)   coste      34       34
( 857, 859)   coste      27       27
( 672, 857)   coste      10       10
( 857, 860)   coste      22       22
( 549, 861)   coste      18       18
( 313, 549)   coste      19       19
( 477, 478)   coste      25       25
( 477, 862)   coste      18       18
( 477, 701)   coste      43       43
( 493, 494)   coste      26       26
( 759, 849)   coste      31       31
( 254, 849)   coste      26       26
( 585, 863)   coste      45       45
( 253, 864)   coste      36       36
( 253, 865)   coste      30       30
( 253, 866)   coste      30       30
( 621, 685)   coste      18       18
( 621, 686)   coste      29       29
( 296, 608)   coste      36       36
(  17, 867)   coste      11       11
(  17, 308)   coste      42       42
( 340, 341)   coste       7        7
( 270, 340)   coste      25       25
( 340, 342)   coste      17       17
( 866, 868)   coste      40       40
( 727, 764)   coste      26       26
( 209, 869)   coste      41       41
( 209, 210)   coste      34       34
( 209, 870)   coste      41       41
( 264, 746)   coste      21       21
( 264, 747)   coste       8        8
( 264, 265)   coste       9        9
( 131, 871)   coste      37       37
( 736, 871)   coste      27       27
( 132, 871)   coste      29       29
( 632, 872)   coste      21       21
( 632, 873)   coste      20       20
( 759, 760)   coste      12       12
( 254, 759)   coste      44       44
( 397, 751)   coste      32       32
( 191, 201)   coste      17       17
( 191, 202)   coste       3        3
( 863, 874)   coste      30       30
( 517, 875)   coste      20       20
( 875, 876)   coste      24       24
( 877, 878)   coste      13       13
( 361, 877)   coste       9        9
( 363, 877)   coste      10       10
( 179, 181)   coste      23       23
( 879, 880)   coste      45       45
( 879, 881)   coste      16       16
( 210, 879)   coste      33       33
( 778, 882)   coste      24       24
( 882, 883)   coste      13       13
( 776, 884)   coste      26       26
( 884, 885)   coste      19       19
( 880, 886)   coste      10       10
( 880, 881)   coste      32       32
( 213, 214)   coste      43       43
( 201, 202)   coste      17       17
( 309, 887)   coste      24       24
(  27, 595)   coste      40       40
(  26,  27)   coste      19       19
( 318, 768)   coste      20       20
( 318, 319)   coste      33       33
( 318, 320)   coste      30       30
( 590, 601)   coste      26       26
( 878, 888)   coste      21       21
( 363, 878)   coste      21       21
( 889, 890)   coste       3        3
( 315, 778)   coste      27       27
( 778, 883)   coste      28       28
( 778, 779)   coste      14       14
( 427, 891)   coste      32       32
( 657, 891)   coste      30       30
( 145, 487)   coste      46       46
(  41, 498)   coste      22       22
( 498, 740)   coste      30       30
( 129, 232)   coste      38       38
( 129, 233)   coste      47       47
( 111, 892)   coste      19       19
( 153, 892)   coste      39       39
( 354, 893)   coste      23       23
(  97, 354)   coste      21       21
( 354, 894)   coste      25       25
( 895, 896)   coste      35       35
(  99, 895)   coste      16       16
( 655, 897)   coste      21       21
( 382, 897)   coste      34       34
( 898, 899)   coste       9        9
( 898, 900)   coste       6        6
( 658, 887)   coste      17       17
(  18,  19)   coste      14       14
(  39, 814)   coste      39       39
(  39,  42)   coste      16       16
(  13, 675)   coste      24       24
(  13,  15)   coste      20       20
( 437, 500)   coste      19       19
( 786, 787)   coste      13       13
( 432, 786)   coste      22       22
( 463, 901)   coste      33       33
(   6, 902)   coste      26       26
( 746, 747)   coste      18       18
( 746, 903)   coste       7        7
( 846, 847)   coste      10       10
( 398, 846)   coste      32       32
( 846, 848)   coste      15       15
( 579, 846)   coste      37       37
( 858, 904)   coste      22       22
( 858, 860)   coste      24       24
( 905, 906)   coste      22       22
( 708, 905)   coste      26       26
( 709, 905)   coste      28       28
( 428, 907)   coste      28       28
( 176, 908)   coste      30       30
( 908, 909)   coste      41       41
( 177, 908)   coste      27       27
( 308, 867)   coste      32       32
( 787, 910)   coste      14       14
( 432, 787)   coste      11       11
( 199, 580)   coste      29       29
( 580, 911)   coste      25       25
( 284, 285)   coste      39       39
( 284, 658)   coste      15       15
( 114, 115)   coste      19       19
( 586, 587)   coste      23       23
( 126, 774)   coste       8        8
( 847, 848)   coste       8        8
( 816, 842)   coste      34       34
(  95,  96)   coste      24       24
(  95, 912)   coste      15       15
(  95, 913)   coste       3        3
(  36, 689)   coste      43       43
( 262, 851)   coste      23       23
( 241, 262)   coste      11       11
(   9, 914)   coste      22       22
( 593, 915)   coste      29       29
( 522, 612)   coste      22       22
( 567, 916)   coste      34       34
( 293, 916)   coste      35       35
( 761, 762)   coste      21       21
( 675, 761)   coste      37       37
( 320, 768)   coste      31       31
( 244, 719)   coste      59       59
( 533, 719)   coste      52       52
( 230, 917)   coste      19       19
( 374, 375)   coste      24       24
( 374, 376)   coste      36       36
( 835, 918)   coste      42       42
( 389, 835)   coste      42       42
(  28, 596)   coste      27       27
( 151, 152)   coste      27       27
( 151, 885)   coste      30       30
( 789, 843)   coste      38       38
( 457, 789)   coste      21       21
( 789, 790)   coste      31       31
( 310, 851)   coste      40       40
( 919, 920)   coste       7        7
( 333, 806)   coste      11       11
( 801, 921)   coste      43       43
( 687, 921)   coste      24       24
( 921, 922)   coste      13       13
( 539, 923)   coste      36       36
( 305, 924)   coste      30       30
( 305, 425)   coste      15       15
( 305, 925)   coste      33       33
(  97, 893)   coste       5        5
( 893, 926)   coste      34       34
( 893, 894)   coste      44       44
(  76,  77)   coste      34       34
(  76,  78)   coste      20       20
(  76, 520)   coste      21       21
( 126, 164)   coste      19       19
( 193, 695)   coste      28       28
( 695, 896)   coste      46       46
( 171, 412)   coste      30       30
( 171, 172)   coste      24       24
( 171, 509)   coste      17       17
( 171, 927)   coste      11       11
( 505, 648)   coste      19       19
( 648, 680)   coste      22       22
( 625, 808)   coste      18       18
( 625, 809)   coste      24       24
( 451, 928)   coste      38       38
( 650, 928)   coste      24       24
( 870, 928)   coste       8        8
( 808, 809)   coste      28       28
(  22,  23)   coste      33       33
(  22,  24)   coste      38       38
( 291, 292)   coste      27       27
( 291, 293)   coste      27       27
( 744, 929)   coste      38       38
( 428, 929)   coste      36       36
( 102, 929)   coste      29       29
( 696, 930)   coste      49       49
(   2, 696)   coste      16       16
(  32, 931)   coste      23       23
(  32, 932)   coste       9        9
(  32, 474)   coste      20       20
( 933, 934)   coste      34       34
( 327, 792)   coste      19       19
( 404, 792)   coste      26       26
( 497, 683)   coste      14       14
( 497, 812)   coste      10       10
(  27, 863)   coste      45       45
( 906, 935)   coste      36       36
( 707, 906)   coste      28       28
( 661, 662)   coste      27       27
( 241, 851)   coste      20       20
( 218, 936)   coste      31       31
( 218, 937)   coste      18       18
( 218, 938)   coste      10       10
( 714, 724)   coste      25       25
( 394, 714)   coste      27       27
( 821, 841)   coste       8        8
( 821, 822)   coste      18       18
( 700, 939)   coste      25       25
( 180, 418)   coste      33       33
( 550, 551)   coste      54       54
( 313, 550)   coste      47       47
( 751, 940)   coste      16       16
( 645, 941)   coste      13       13
( 801, 922)   coste      33       33
( 157, 942)   coste      25       25
( 938, 942)   coste      24       24
(  62,  63)   coste      26       26
( 687, 922)   coste      19       19
( 936, 937)   coste      21       21
( 943, 944)   coste      11       11
( 934, 943)   coste      21       21
( 152, 653)   coste      33       33
( 753, 754)   coste      11       11
( 945, 946)   coste       8        8
( 909, 945)   coste      21       21
( 199, 947)   coste       4        4
( 911, 947)   coste      17       17
( 947, 948)   coste       3        3
( 188, 321)   coste      17       17
( 934, 944)   coste      22       22
( 881, 886)   coste      37       37
( 228, 886)   coste      30       30
( 623, 827)   coste      20       20
( 180, 181)   coste      30       30
( 824, 825)   coste      44       44
( 338, 824)   coste      26       26
( 949, 950)   coste      47       47
( 559, 949)   coste      25       25
( 739, 740)   coste      36       36
( 315, 883)   coste      30       30
( 388, 925)   coste      31       31
( 776, 885)   coste      33       33
( 552, 606)   coste      39       39
( 175, 176)   coste      31       31
( 175, 385)   coste      30       30
( 517, 797)   coste      23       23
( 736, 841)   coste      26       26
( 390, 918)   coste      48       48
( 487, 918)   coste      45       45
(  82, 490)   coste      29       29
( 232, 295)   coste      32       32
( 389, 390)   coste      39       39
( 292, 293)   coste      13       13
( 365, 366)   coste      44       44
(  67, 461)   coste      37       37
(  67,  68)   coste      16       16
(  67, 122)   coste      32       32
( 769, 951)   coste      41       41
( 951, 952)   coste      14       14
( 131, 132)   coste      21       21
( 748, 862)   coste      24       24
( 401, 748)   coste      20       20
( 664, 953)   coste      12       12
( 954, 955)   coste      12       12
( 876, 954)   coste      10       10
( 414, 829)   coste      44       44
( 369, 412)   coste      28       28
( 124, 125)   coste      30       30
( 124, 126)   coste      17       17
( 888, 956)   coste      16       16
( 888, 957)   coste      13       13
( 856, 958)   coste      23       23
( 670, 671)   coste      15       15
( 670, 733)   coste      13       13
( 505, 680)   coste      28       28
( 505, 959)   coste      29       29
( 960, 961)   coste      64       64
( 683, 812)   coste       6        6
( 136, 137)   coste      41       41
( 221, 645)   coste      23       23
( 698, 825)   coste      43       43
( 769, 952)   coste      28       28
( 221, 831)   coste      31       31
( 831, 832)   coste      26       26
( 456, 757)   coste      28       28
( 478, 862)   coste      42       42
( 207, 779)   coste      26       26
( 578, 579)   coste      36       36
( 770, 935)   coste      34       34
( 803, 804)   coste      23       23
( 803, 805)   coste      11       11
( 279, 930)   coste      10       10
( 279, 962)   coste      40       40
( 899, 953)   coste      23       23
( 401, 862)   coste      11       11
( 392, 394)   coste       8        8
( 876, 955)   coste      19       19
( 503, 955)   coste      17       17
( 665, 900)   coste      18       18
( 900, 963)   coste       7        7
( 563, 564)   coste       5        5
( 865, 866)   coste      36       36
( 576, 793)   coste      25       25
( 576, 794)   coste      25       25
( 342, 861)   coste      21       21
( 313, 861)   coste      15       15
( 265, 747)   coste       6        6
( 793, 794)   coste       5        5
( 296, 444)   coste      38       38
( 734, 964)   coste      13       13
( 734, 939)   coste      31       31
( 567, 839)   coste      25       25
( 665, 924)   coste      21       21
( 665, 963)   coste      14       14
( 736, 965)   coste      30       30
( 471, 961)   coste      12       12
( 802, 961)   coste      59       59
( 915, 966)   coste      24       24
( 712, 966)   coste      19       19
( 446, 967)   coste       2        2
( 378, 968)   coste      11       11
( 547, 968)   coste      19       19
( 708, 709)   coste      21       21
( 413, 440)   coste      40       40
( 440, 574)   coste      12       12
( 859, 860)   coste      33       33
( 790, 843)   coste      48       48
( 890, 969)   coste      32       32
( 890, 970)   coste       3        3
(  19,  46)   coste      22       22
(  46, 703)   coste      17       17
( 280, 914)   coste      28       28
( 663, 915)   coste      40       40
( 712, 915)   coste      30       30
( 280, 756)   coste      35       35
(  97, 926)   coste      37       37
(  97, 894)   coste      44       44
( 536, 904)   coste      29       29
( 617, 904)   coste      19       19
( 484, 971)   coste      21       21
( 441, 574)   coste       4        4
( 772, 972)   coste       5        5
( 650, 869)   coste      27       27
( 361, 363)   coste       3        3
( 319, 320)   coste       5        5
( 642, 647)   coste      28       28
( 204, 642)   coste      32       32
( 378, 547)   coste      18       18
( 169, 547)   coste      48       48
( 931, 932)   coste      17       17
( 474, 931)   coste      28       28
( 939, 964)   coste      19       19
( 166, 382)   coste       4        4
( 372, 920)   coste      13       13
( 876, 973)   coste      12       12
( 176, 177)   coste       7        7
( 811, 909)   coste      19       19
( 650, 870)   coste      28       28
( 101, 362)   coste       3        3
( 327, 404)   coste      25       25
( 679, 680)   coste      29       29
( 602, 603)   coste      23       23
( 639, 974)   coste      25       25
( 416, 975)   coste      14       14
( 417, 975)   coste       8        8
( 559, 950)   coste      34       34
( 555, 950)   coste      54       54
( 956, 976)   coste      23       23
( 957, 976)   coste      11       11
( 199, 911)   coste      19       19
( 911, 948)   coste      19       19
( 228, 977)   coste       2        2
( 229, 977)   coste      11       11
( 189, 856)   coste      11       11
( 638, 639)   coste      25       25
( 518, 519)   coste      31       31
( 401, 978)   coste      22       22
( 509, 927)   coste       7        7
( 228, 394)   coste      19       19
( 228, 229)   coste      10       10
( 270, 342)   coste      26       26
( 393, 903)   coste      35       35
( 802, 948)   coste      36       36
( 121, 860)   coste      39       39
( 233, 234)   coste      14       14
( 591, 717)   coste      22       22
(  15, 675)   coste       9        9
( 229, 394)   coste      15       15
( 603, 832)   coste      10       10
( 956, 957)   coste      15       15
( 536, 617)   coste      18       18
( 756, 757)   coste      25       25
( 530, 697)   coste      32       32
( 530, 531)   coste       8        8
( 141, 457)   coste      28       28
( 348, 826)   coste      11       11
( 422, 802)   coste      25       25
( 223, 380)   coste      17       17
( 901, 979)   coste      21       21
( 256, 913)   coste      15       15
( 913, 980)   coste      20       20
( 137, 169)   coste      38       38
( 256, 980)   coste      16       16
( 697, 698)   coste      24       24
( 296, 297)   coste      31       31
( 671, 733)   coste      16       16
LISTA_ARISTAS_NOREQ :
(   1, 631)   coste      52       52
(   1, 930)   coste      53       53
(   2, 694)   coste      23       23
(   3, 902)   coste      40       40
(   4, 783)   coste      44       44
(   4, 902)   coste      56       56
(   5, 902)   coste      46       46
(   7, 280)   coste      45       45
(   9, 280)   coste      15       15
(  13, 827)   coste      14       14
(  16, 867)   coste      38       38
(  18,  46)   coste      17       17
(  21,  23)   coste      16       16
(  22, 161)   coste      46       46
(  23, 791)   coste      35       35
(  24, 161)   coste      17       17
(  25, 596)   coste      21       21
(  26, 874)   coste      27       27
(  27, 874)   coste      32       32
(  30, 792)   coste      25       25
(  31, 235)   coste       6        6
(  35,  36)   coste      38       38
(  38,  42)   coste      23       23
(  40, 797)   coste      16       16
(  41,  42)   coste      25       25
(  43, 435)   coste      31       31
(  47, 674)   coste      39       39
(  50, 433)   coste      12       12
(  53, 368)   coste      16       16
(  55, 734)   coste      12       12
(  57, 346)   coste      22       22
(  58,  59)   coste      26       26
(  60, 215)   coste      10       10
(  61, 250)   coste      43       43
(  62,  64)   coste       7        7
(  62, 220)   coste      60       60
(  62, 250)   coste      57       57
(  63,  64)   coste      20       20
(  69, 348)   coste      10       10
(  69, 826)   coste       3        3
(  70, 348)   coste      23       23
(  70, 662)   coste      19       19
(  72, 762)   coste      32       32
(  75, 644)   coste      21       21
(  81, 811)   coste      36       36
(  83, 374)   coste      29       29
(  84,  85)   coste      28       28
(  88,  90)   coste      37       37
(  92, 523)   coste      35       35
(  92, 704)   coste      17       17
(  94, 893)   coste      38       38
(  94, 926)   coste      44       44
(  95, 980)   coste      22       22
(  96, 912)   coste      10       10
(  97, 355)   coste       9        9
(  98, 896)   coste      15       15
(  99, 896)   coste      22       22
( 100, 116)   coste       8        8
( 106, 402)   coste      16       16
( 107, 459)   coste      40       40
( 108, 402)   coste      19       19
( 109, 459)   coste      42       42
( 110, 364)   coste      38       38
( 110, 892)   coste      32       32
( 111, 572)   coste      38       38
( 113, 388)   coste      37       37
( 117, 907)   coste      42       42
( 119, 120)   coste      21       21
( 119, 122)   coste      26       26
( 120, 605)   coste      25       25
( 121, 859)   coste      37       37
( 124, 774)   coste      16       16
( 125, 592)   coste      30       30
( 127, 594)   coste      18       18
( 129, 231)   coste      41       41
( 130, 946)   coste       3        3
( 132, 946)   coste      17       17
( 134, 158)   coste      59       59
( 137, 167)   coste      36       36
( 141, 453)   coste      17       17
( 146, 880)   coste      24       24
( 146, 886)   coste      17       17
( 150, 153)   coste      20       20
( 150, 571)   coste      25       25
( 150, 865)   coste      33       33
( 151, 676)   coste      32       32
( 154, 452)   coste      26       26
( 163, 978)   coste      22       22
( 164, 774)   coste      20       20
( 165, 755)   coste      15       15
( 165, 869)   coste      69       69
( 166, 381)   coste      21       21
( 166, 755)   coste      11       11
( 168, 505)   coste      22       22
( 169, 721)   coste      49       49
( 170, 409)   coste      36       36
( 172, 412)   coste      31       31
( 174, 272)   coste      39       39
( 178, 868)   coste      53       53
( 179, 180)   coste      26       26
( 182, 532)   coste      15       15
( 183, 829)   coste      21       21
( 185, 321)   coste       6        6
( 192, 193)   coste      35       35
( 194, 222)   coste      25       25
( 194, 743)   coste      21       21
( 195, 380)   coste      26       26
( 196, 743)   coste      22       22
( 197, 198)   coste      22       22
( 203, 334)   coste      26       26
( 204, 334)   coste      38       38
( 204, 960)   coste     106      106
( 204, 969)   coste      88       88
( 205, 581)   coste      31       31
( 206, 779)   coste      25       25
( 211, 584)   coste      35       35
( 212, 213)   coste      30       30
( 213, 584)   coste      36       36
( 217, 737)   coste      37       37
( 217, 738)   coste      13       13
( 217, 739)   coste      36       36
( 219, 636)   coste      33       33
( 220, 250)   coste      63       63
( 220, 645)   coste      25       25
( 221, 941)   coste      18       18
( 224, 687)   coste      46       46
( 225, 454)   coste      38       38
( 225, 687)   coste      36       36
( 225, 914)   coste      43       43
( 229, 392)   coste      13       13
( 235, 792)   coste      23       23
( 236, 403)   coste      11       11
( 236, 609)   coste       6        6
( 236, 943)   coste      33       33
( 238, 943)   coste      47       47
( 239, 309)   coste      11       11
( 242, 829)   coste      16       16
( 244, 533)   coste      20       20
( 244, 718)   coste      63       63
( 244, 829)   coste      14       14
( 245, 669)   coste      40       40
( 247, 965)   coste      35       35
( 252, 254)   coste      45       45
( 255, 913)   coste       9        9
( 260, 851)   coste      23       23
( 262, 263)   coste      27       27
( 267, 340)   coste      28       28
( 269, 434)   coste      44       44
( 274, 275)   coste      25       25
( 274, 486)   coste      35       35
( 276, 790)   coste      31       31
( 276, 962)   coste      14       14
( 277, 962)   coste      12       12
( 278, 962)   coste       4        4
( 281, 658)   coste      31       31
( 283, 887)   coste      22       22
( 286, 617)   coste      44       44
( 287, 288)   coste      27       27
( 288, 979)   coste      33       33
( 290, 853)   coste      21       21
( 290, 854)   coste       4        4
( 291, 968)   coste      30       30
( 295, 297)   coste      18       18
( 298, 833)   coste      18       18
( 299, 724)   coste      23       23
( 300, 833)   coste      26       26
( 303, 388)   coste      39       39
( 304, 610)   coste      33       33
( 306, 405)   coste      27       27
( 306, 754)   coste      46       46
( 309, 690)   coste      25       25
( 311, 336)   coste      40       40
( 314, 430)   coste       5        5
( 316, 554)   coste      51       51
( 316, 730)   coste       4        4
( 318, 767)   coste      19       19
( 322, 540)   coste      50       50
( 325, 475)   coste      26       26
( 327, 791)   coste      30       30
( 328, 806)   coste      19       19
( 329, 416)   coste      30       30
( 329, 807)   coste      41       41
( 330, 806)   coste      10       10
( 331, 426)   coste      38       38
( 332, 552)   coste      32       32
( 335, 646)   coste      35       35
( 337, 338)   coste      17       17
( 339, 549)   coste      28       28
( 339, 795)   coste      29       29
( 341, 342)   coste      21       21
( 343, 399)   coste      42       42
( 350, 461)   coste      33       33
( 351, 475)   coste      14       14
( 352, 525)   coste      42       42
( 355, 893)   coste      11       11
( 355, 926)   coste      30       30
( 356, 357)   coste      14       14
( 358, 631)   coste      58       58
( 358, 632)   coste      52       52
( 358, 819)   coste      22       22
( 360, 771)   coste      17       17
( 363, 956)   coste      13       13
( 365, 414)   coste      37       37
( 366, 537)   coste      25       25
( 367, 410)   coste      37       37
( 368, 794)   coste      37       37
( 370, 627)   coste      17       17
( 370, 919)   coste      25       25
( 370, 920)   coste      21       21
( 371, 627)   coste      26       26
( 372, 919)   coste       7        7
( 375, 614)   coste      26       26
( 375, 772)   coste      18       18
( 375, 972)   coste      21       21
( 376, 578)   coste      35       35
( 377, 546)   coste      23       23
( 379, 546)   coste      11       11
( 383, 780)   coste      34       34
( 386, 781)   coste      14       14
( 390, 834)   coste      38       38
( 390, 835)   coste       7        7
( 390, 925)   coste      38       38
( 393, 714)   coste      31       31
( 394, 977)   coste      18       18
( 395, 931)   coste      35       35
( 396, 472)   coste      31       31
( 397, 940)   coste      22       22
( 399, 748)   coste       6        6
( 400, 978)   coste      26       26
( 403, 934)   coste      20       20
( 403, 943)   coste      34       34
( 406, 710)   coste      15       15
( 406, 837)   coste       7        7
( 408, 708)   coste      21       21
( 408, 837)   coste      21       21
( 413, 573)   coste      34       34
( 415, 975)   coste      25       25
( 416, 417)   coste      19       19
( 418, 785)   coste      27       27
( 420, 422)   coste      21       21
( 420, 643)   coste      16       16
( 421, 422)   coste      17       17
( 423, 834)   coste      20       20
( 424, 835)   coste      40       40
( 425, 924)   coste      24       24
( 426, 427)   coste      29       29
( 431, 818)   coste      38       38
( 431, 910)   coste       6        6
( 432, 910)   coste       4        4
( 436, 499)   coste      13       13
( 438, 951)   coste      24       24
( 438, 952)   coste      25       25
( 439, 574)   coste      23       23
( 442, 679)   coste      12       12
( 442, 850)   coste      27       27
( 444, 850)   coste      27       27
( 449, 810)   coste      15       15
( 455, 788)   coste      24       24
( 458, 492)   coste      23       23
( 458, 493)   coste      24       24
( 462, 758)   coste      15       15
( 462, 760)   coste      36       36
( 463, 760)   coste      17       17
( 463, 979)   coste      39       39
( 465, 498)   coste      14       14
( 465, 740)   coste      17       17
( 466, 773)   coste      32       32
( 466, 852)   coste      60       60
( 468, 763)   coste      17       17
( 470, 526)   coste      27       27
( 471, 960)   coste      55       55
( 473, 847)   coste      29       29
( 474, 932)   coste      14       14
( 476, 862)   coste      31       31
( 480, 481)   coste      28       28
( 480, 689)   coste      27       27
( 482, 971)   coste      21       21
( 483, 484)   coste       6        6
( 483, 971)   coste      25       25
( 490, 852)   coste      14       14
( 492, 493)   coste      14       14
( 494, 495)   coste      40       40
( 494, 933)   coste      16       16
( 496, 812)   coste      52       52
( 497, 682)   coste      10       10
( 501, 955)   coste      16       16
( 502, 954)   coste      22       22
( 502, 955)   coste      24       24
( 503, 954)   coste      28       28
( 504, 648)   coste      17       17
( 504, 678)   coste      31       31
( 506, 585)   coste      35       35
( 507, 583)   coste       8        8
( 518, 796)   coste      41       41
( 519, 875)   coste      31       31
( 522, 524)   coste      23       23
( 523, 704)   coste      35       35
( 526, 764)   coste      22       22
( 527, 561)   coste      16       16
( 531, 697)   coste      27       27
( 534, 904)   coste      36       36
( 537, 676)   coste      10       10
( 538, 923)   coste      36       36
( 541, 804)   coste       8        8
( 543, 749)   coste      20       20
( 543, 750)   coste      17       17
( 544, 750)   coste      17       17
( 551, 663)   coste      20       20
( 552, 806)   coste      33       33
( 552, 807)   coste      35       35
( 553, 824)   coste      22       22
( 554, 950)   coste      37       37
( 555, 686)   coste      62       62
( 556, 809)   coste      18       18
( 557, 582)   coste       5        5
( 557, 949)   coste      13       13
( 559, 582)   coste      26       26
( 559, 606)   coste      30       30
( 562, 563)   coste      12       12
( 562, 564)   coste      12       12
( 563, 782)   coste      22       22
( 564, 782)   coste      20       20
( 565, 796)   coste      21       21
( 568, 720)   coste      41       41
( 568, 783)   coste      18       18
( 568, 784)   coste      28       28
( 568, 855)   coste      27       27
( 569, 671)   coste      21       21
( 569, 733)   coste      23       23
( 571, 958)   coste      19       19
( 572, 958)   coste      14       14
( 574, 817)   coste      20       20
( 577, 845)   coste      38       38
( 578, 848)   coste      27       27
( 580, 728)   coste      31       31
( 582, 949)   coste       9        9
( 584, 587)   coste      24       24
( 585, 595)   coste      38       38
( 588, 717)   coste       7        7
( 589, 660)   coste      18       18
( 590, 974)   coste      22       22
( 592, 712)   coste       8        8
( 593, 712)   coste       9        9
( 593, 966)   coste      11       11
( 597, 608)   coste      25       25
( 599, 766)   coste      11       11
( 601, 626)   coste      26       26
( 601, 974)   coste      12       12
( 602, 639)   coste      22       22
( 603, 831)   coste      28       28
( 605, 613)   coste      26       26
( 611, 612)   coste      20       20
( 614, 772)   coste      31       31
( 614, 972)   coste      28       28
( 620, 621)   coste      21       21
( 620, 684)   coste      18       18
( 620, 685)   coste       6        6
( 622, 827)   coste      20       20
( 623, 677)   coste       9        9
( 624, 967)   coste      34       34
( 628, 795)   coste      31       31
( 630, 795)   coste      26       26
( 631, 873)   coste       6        6
( 640, 646)   coste      17       17
( 640, 647)   coste      27       27
( 642, 960)   coste     108      108
( 642, 969)   coste      90       90
( 644, 941)   coste      26       26
( 648, 678)   coste      30       30
( 650, 651)   coste      46       46
( 654, 833)   coste      17       17
( 656, 891)   coste      11       11
( 657, 917)   coste      34       34
( 664, 899)   coste      26       26
( 667, 779)   coste      18       18
( 672, 859)   coste      30       30
( 673, 813)   coste      19       19
( 674, 813)   coste      38       38
( 680, 959)   coste      21       21
( 685, 686)   coste      30       30
( 688, 689)   coste      36       36
( 692, 917)   coste      40       40
( 694, 696)   coste       9        9
( 699, 939)   coste      39       39
( 700, 701)   coste      35       35
( 700, 964)   coste      24       24
( 705, 965)   coste      36       36
( 706, 707)   coste      47       47
( 715, 720)   coste      30       30
( 715, 721)   coste      51       51
( 720, 784)   coste      31       31
( 725, 741)   coste      17       17
( 726, 727)   coste      12       12
( 726, 729)   coste      23       23
( 728, 729)   coste      27       27
( 731, 902)   coste      56       56
( 735, 871)   coste      25       25
( 738, 739)   coste      38       38
( 745, 903)   coste       4        4
( 749, 940)   coste      38       38
( 755, 897)   coste      35       35
( 760, 901)   coste      37       37
( 765, 962)   coste       9        9
( 773, 852)   coste      74       74
( 775, 884)   coste       5        5
( 777, 882)   coste      23       23
( 783, 855)   coste      22       22
( 798, 840)   coste      24       24
( 799, 921)   coste      40       40
( 804, 805)   coste      16       16
( 810, 811)   coste      12       12
( 810, 909)   coste      12       12
( 814, 836)   coste      19       19
( 815, 816)   coste       8        8
( 822, 935)   coste      35       35
( 828, 923)   coste      24       24
( 834, 925)   coste      34       34
( 838, 872)   coste      43       43
( 839, 916)   coste      19       19
( 841, 965)   coste      13       13
( 842, 959)   coste      10       10
( 844, 941)   coste      34       34
( 864, 865)   coste      17       17
( 864, 866)   coste      26       26
( 864, 868)   coste      50       50
( 872, 873)   coste      27       27
( 875, 973)   coste      13       13
( 877, 972)   coste      37       37
( 889, 969)   coste      34       34
( 933, 944)   coste      34       34
( 936, 938)   coste      29       29
( 936, 942)   coste      27       27
( 937, 938)   coste      10       10
( 937, 942)   coste      16       16
( 960, 969)   coste     108      108
( 969, 970)   coste      32       32
