NOMBRE : UR132
COMENTARIO : 204  componentes 
VERTICES :  605
ARISTAS_REQ :  411
ARISTAS_NOREQ :  711
LISTA_ARISTAS_REQ :
(   1,   2)   coste      22       22
(   3,   4)   coste      26       26
(   5,   6)   coste      33       33
(   7,   8)   coste      29       29
(   9,  10)   coste      33       33
(  11,  12)   coste      23       23
(  13,  14)   coste      27       27
(  15,  16)   coste      15       15
(  15,  17)   coste      24       24
(  18,  19)   coste      47       47
(  18,  20)   coste      12       12
(  21,  22)   coste      31       31
(  16,  23)   coste      42       42
(  24,  25)   coste      34       34
(  24,  26)   coste      33       33
(  27,  28)   coste      19       19
(  16,  29)   coste      37       37
(  30,  31)   coste      27       27
(  32,  33)   coste      31       31
(  34,  35)   coste      13       13
(  36,  37)   coste      29       29
(  38,  39)   coste      28       28
(  40,  41)   coste      29       29
(  40,  42)   coste      38       38
(  43,  44)   coste      26       26
(  43,  45)   coste      30       30
(  46,  47)   coste      49       49
(  48,  49)   coste      13       13
(  50,  51)   coste      40       40
(  52,  53)   coste      19       19
(  52,  54)   coste      19       19
(  52,  55)   coste      23       23
(  56,  57)   coste      45       45
(  58,  59)   coste      35       35
(  60,  61)   coste      35       35
(  60,  62)   coste      18       18
(  60,  63)   coste      11       11
(  64,  65)   coste      38       38
(  66,  67)   coste      10       10
(  68,  69)   coste      28       28
(  68,  70)   coste      24       24
(  71,  72)   coste      42       42
(  73,  74)   coste      42       42
(  75,  76)   coste      28       28
(  77,  78)   coste      36       36
(  79,  80)   coste      36       36
(  79,  81)   coste      34       34
(  82,  83)   coste      13       13
(  84,  85)   coste      28       28
(  86,  87)   coste      17       17
(  88,  89)   coste      24       24
(  90,  91)   coste      22       22
(  92,  93)   coste      18       18
(  92,  94)   coste      36       36
(  92,  95)   coste      28       28
(  96,  97)   coste      13       13
(  98,  99)   coste      49       49
( 100, 101)   coste      35       35
( 102, 103)   coste       1        1
( 104, 105)   coste      26       26
( 106, 107)   coste      38       38
( 106, 108)   coste      34       34
(  49, 109)   coste      42       42
( 110, 111)   coste      55       55
( 112, 113)   coste      22       22
( 114, 115)   coste      32       32
(  85, 116)   coste      38       38
( 117, 118)   coste      11       11
( 119, 120)   coste      16       16
( 121, 122)   coste      32       32
( 123, 124)   coste      22       22
( 125, 126)   coste      21       21
( 127, 128)   coste       9        9
( 129, 130)   coste      17       17
( 129, 131)   coste      26       26
( 132, 133)   coste      15       15
( 132, 134)   coste      18       18
( 135, 136)   coste      24       24
( 137, 138)   coste      28       28
( 139, 140)   coste      22       22
( 139, 141)   coste      36       36
( 142, 143)   coste      20       20
( 144, 145)   coste      31       31
( 144, 146)   coste      20       20
( 147, 148)   coste      33       33
( 147, 149)   coste       6        6
( 107, 150)   coste      34       34
( 151, 152)   coste      24       24
( 153, 154)   coste      20       20
( 153, 155)   coste      18       18
(  59, 156)   coste      49       49
(  74, 157)   coste      22       22
( 126, 146)   coste      31       31
( 158, 159)   coste      20       20
( 160, 161)   coste       9        9
( 160, 162)   coste      35       35
( 163, 164)   coste      46       46
( 165, 166)   coste      25       25
( 167, 168)   coste       6        6
( 167, 169)   coste      31       31
( 167, 170)   coste      28       28
( 115, 171)   coste      25       25
( 172, 173)   coste      38       38
( 174, 175)   coste      33       33
( 176, 177)   coste      19       19
( 178, 179)   coste       8        8
( 180, 181)   coste       7        7
( 180, 182)   coste      27       27
(  69, 183)   coste      32       32
( 184, 185)   coste      20       20
( 186, 187)   coste      29       29
( 188, 189)   coste      28       28
( 188, 190)   coste      16       16
( 191, 192)   coste      40       40
( 193, 194)   coste      46       46
(   6,  44)   coste      41       41
(  44, 195)   coste      12       12
( 196, 197)   coste      24       24
( 198, 199)   coste      45       45
( 200, 201)   coste      42       42
( 202, 203)   coste      47       47
( 204, 205)   coste      31       31
( 204, 206)   coste      22       22
( 207, 208)   coste       7        7
( 166, 209)   coste      31       31
(  10, 210)   coste      14       14
( 211, 212)   coste      36       36
( 213, 214)   coste      13       13
( 215, 216)   coste      20       20
( 217, 218)   coste      34       34
( 219, 220)   coste       9        9
( 221, 222)   coste      24       24
( 223, 224)   coste       9        9
(  89, 225)   coste      39       39
( 226, 227)   coste      33       33
( 216, 228)   coste      31       31
( 229, 230)   coste      10       10
( 229, 231)   coste      16       16
( 229, 232)   coste      12       12
( 233, 234)   coste      40       40
( 233, 235)   coste      22       22
( 236, 237)   coste      33       33
( 236, 238)   coste      37       37
( 201, 239)   coste      45       45
( 240, 241)   coste      26       26
( 242, 243)   coste      17       17
( 244, 245)   coste      30       30
( 246, 247)   coste      36       36
( 246, 248)   coste      40       40
( 143, 249)   coste      33       33
( 249, 250)   coste      24       24
( 251, 252)   coste      19       19
( 253, 254)   coste      31       31
( 253, 255)   coste      26       26
( 256, 257)   coste      11       11
( 256, 258)   coste      24       24
(  70, 259)   coste      11       11
( 260, 261)   coste      28       28
( 262, 263)   coste      21       21
( 264, 265)   coste      16       16
(  51, 266)   coste      66       66
( 267, 268)   coste       3        3
( 269, 270)   coste      27       27
( 197, 269)   coste      17       17
( 271, 272)   coste      25       25
( 273, 274)   coste      14       14
( 272, 275)   coste      33       33
( 276, 277)   coste      19       19
( 278, 279)   coste      34       34
( 278, 280)   coste      29       29
( 164, 281)   coste      31       31
(   2, 282)   coste      14       14
( 283, 284)   coste      29       29
( 283, 285)   coste      22       22
( 225, 286)   coste      14       14
( 287, 288)   coste      14       14
( 287, 289)   coste      43       43
( 227, 290)   coste      25       25
(  22, 291)   coste      21       21
( 291, 292)   coste      26       26
( 194, 293)   coste      22       22
( 294, 295)   coste      24       24
( 237, 296)   coste      44       44
(  22, 292)   coste      20       20
( 297, 298)   coste      35       35
( 297, 299)   coste      20       20
( 300, 301)   coste      23       23
( 302, 303)   coste      30       30
( 302, 304)   coste      29       29
( 113, 305)   coste      27       27
( 306, 307)   coste      21       21
( 308, 309)   coste      31       31
( 101, 175)   coste      14       14
( 220, 310)   coste      13       13
( 311, 312)   coste      21       21
( 313, 314)   coste      31       31
( 313, 315)   coste      32       32
( 316, 317)   coste      46       46
(  31, 318)   coste      34       34
(  31, 319)   coste      33       33
( 320, 321)   coste      26       26
( 290, 322)   coste       8        8
( 323, 324)   coste      21       21
( 325, 326)   coste      43       43
( 152, 327)   coste      26       26
( 234, 328)   coste      40       40
( 329, 330)   coste      17       17
( 331, 332)   coste      35       35
( 301, 333)   coste      15       15
( 209, 334)   coste      16       16
( 209, 335)   coste      19       19
( 122, 336)   coste      23       23
( 336, 337)   coste      13       13
( 338, 339)   coste      34       34
( 340, 341)   coste      16       16
( 317, 342)   coste      23       23
( 343, 344)   coste      34       34
( 345, 346)   coste      23       23
( 208, 345)   coste      31       31
( 347, 348)   coste      33       33
( 347, 349)   coste      18       18
( 350, 351)   coste      39       39
( 350, 352)   coste      25       25
( 277, 353)   coste      30       30
( 277, 354)   coste      19       19
( 170, 355)   coste      24       24
( 355, 356)   coste      29       29
( 187, 357)   coste      19       19
( 358, 359)   coste      20       20
( 360, 361)   coste      22       22
(   8, 360)   coste      43       43
( 362, 363)   coste      30       30
( 364, 365)   coste      18       18
( 366, 367)   coste      33       33
(  87, 368)   coste      28       28
( 368, 369)   coste      15       15
( 234, 370)   coste      42       42
(  63, 346)   coste      35       35
( 214, 371)   coste      27       27
( 372, 373)   coste      18       18
( 374, 375)   coste      37       37
(  41, 376)   coste      28       28
( 377, 378)   coste      26       26
( 379, 380)   coste      40       40
(  14, 381)   coste      12       12
( 382, 383)   coste       2        2
( 384, 385)   coste      23       23
(  26, 386)   coste      19       19
( 387, 388)   coste      19       19
( 159, 389)   coste      29       29
( 390, 391)   coste       4        4
( 392, 393)   coste      21       21
( 247, 373)   coste      33       33
( 247, 248)   coste      15       15
( 314, 394)   coste      34       34
( 314, 395)   coste      30       30
( 396, 397)   coste       9        9
( 396, 398)   coste      29       29
( 399, 400)   coste      38       38
( 157, 401)   coste      29       29
( 402, 403)   coste      40       40
( 404, 405)   coste      12       12
( 406, 407)   coste      30       30
( 406, 408)   coste      19       19
( 409, 410)   coste      23       23
( 411, 412)   coste      23       23
( 413, 414)   coste      36       36
(  80,  81)   coste      34       34
( 265, 415)   coste      29       29
( 416, 417)   coste      33       33
( 418, 419)   coste       7        7
( 420, 421)   coste      18       18
( 420, 422)   coste      40       40
( 423, 424)   coste      30       30
( 425, 426)   coste      40       40
( 427, 428)   coste      13       13
( 199, 429)   coste      25       25
( 339, 430)   coste      33       33
( 405, 431)   coste      32       32
( 143, 250)   coste      30       30
( 289, 410)   coste       7        7
(  78, 432)   coste      27       27
(  78, 312)   coste      33       33
( 433, 434)   coste      42       42
( 435, 436)   coste      25       25
( 187, 437)   coste      27       27
( 438, 439)   coste      15       15
(  62,  63)   coste       8        8
( 440, 441)   coste      61       61
( 442, 443)   coste      27       27
( 444, 445)   coste      18       18
( 441, 446)   coste      40       40
( 447, 448)   coste      60       60
( 447, 449)   coste       4        4
( 450, 451)   coste      23       23
( 452, 453)   coste      27       27
( 454, 455)   coste      19       19
( 456, 457)   coste      43       43
( 254, 458)   coste      25       25
( 459, 460)   coste      20       20
( 461, 462)   coste      20       20
( 461, 463)   coste      21       21
( 373, 464)   coste      17       17
( 465, 466)   coste      13       13
( 465, 467)   coste      22       22
( 468, 469)   coste      21       21
( 341, 463)   coste      23       23
( 470, 471)   coste      26       26
( 403, 472)   coste      40       40
( 263, 473)   coste      29       29
( 474, 475)   coste      25       25
( 476, 477)   coste      38       38
( 476, 478)   coste      45       45
( 393, 466)   coste      18       18
( 479, 480)   coste      23       23
( 388, 481)   coste       8        8
( 482, 483)   coste      21       21
( 482, 484)   coste      14       14
( 455, 485)   coste      33       33
( 486, 487)   coste      30       30
( 488, 489)   coste      26       26
( 183, 337)   coste      25       25
(  33, 490)   coste      28       28
( 133, 261)   coste      29       29
( 491, 492)   coste      38       38
( 493, 494)   coste      19       19
( 108, 495)   coste      24       24
( 496, 497)   coste      41       41
( 498, 499)   coste      32       32
( 333, 500)   coste      15       15
( 501, 502)   coste      15       15
( 378, 503)   coste      11       11
( 503, 504)   coste      17       17
( 397, 505)   coste      23       23
( 506, 507)   coste      27       27
(  72, 508)   coste      35       35
( 509, 510)   coste      13       13
( 148, 149)   coste      38       38
( 511, 512)   coste      32       32
(  42, 513)   coste      38       38
( 514, 515)   coste       9        9
( 514, 516)   coste      31       31
(   6, 195)   coste      40       40
( 517, 518)   coste      33       33
( 519, 520)   coste      22       22
( 521, 522)   coste      33       33
( 279, 523)   coste      11       11
( 279, 524)   coste      45       45
( 525, 526)   coste      16       16
( 527, 528)   coste       5        5
( 222, 529)   coste       8        8
( 405, 417)   coste      20       20
( 305, 530)   coste      14       14
( 426, 531)   coste      16       16
( 378, 504)   coste      10       10
( 532, 533)   coste      30       30
( 534, 535)   coste      23       23
( 210, 389)   coste      28       28
( 150, 536)   coste      34       34
( 523, 524)   coste      46       46
( 537, 538)   coste      32       32
( 162, 539)   coste      32       32
( 540, 541)   coste      36       36
( 542, 543)   coste      16       16
( 542, 544)   coste      27       27
( 545, 546)   coste      12       12
( 547, 548)   coste       8        8
( 449, 549)   coste      18       18
( 549, 550)   coste      21       21
( 201, 551)   coste      29       29
( 552, 553)   coste      41       41
( 554, 555)   coste      24       24
( 487, 556)   coste      28       28
( 398, 557)   coste       6        6
( 544, 558)   coste      37       37
( 559, 560)   coste      19       19
( 561, 562)   coste      24       24
( 563, 564)   coste      42       42
( 443, 528)   coste      43       43
( 500, 565)   coste      14       14
( 138, 566)   coste      35       35
( 352, 567)   coste      22       22
( 497, 568)   coste      32       32
( 541, 569)   coste      36       36
( 570, 571)   coste      43       43
( 572, 573)   coste      16       16
( 572, 574)   coste      21       21
( 575, 576)   coste      38       38
( 539, 577)   coste      38       38
( 578, 579)   coste      27       27
( 578, 580)   coste      15       15
( 581, 582)   coste      28       28
( 422, 583)   coste      45       45
( 584, 585)   coste      47       47
( 586, 587)   coste      16       16
( 263, 407)   coste      34       34
( 407, 588)   coste      26       26
( 407, 589)   coste      36       36
( 562, 590)   coste       8        8
( 224, 591)   coste      27       27
( 564, 592)   coste      29       29
( 593, 594)   coste      33       33
( 595, 596)   coste      14       14
( 155, 597)   coste       6        6
( 598, 599)   coste      30       30
( 395, 600)   coste      22       22
( 601, 602)   coste      40       40
( 589, 603)   coste      15       15
( 286, 604)   coste      10       10
( 543, 544)   coste      27       27
( 574, 605)   coste      36       36
LISTA_ARISTAS_NOREQ :
(   1,  50)   coste     141      141
(   1,  51)   coste     122      122
(   1, 347)   coste      41       41
(   1, 349)   coste      36       36
(   1, 469)   coste      28       28
(   3,   9)   coste      55       55
(   3, 244)   coste      25       25
(   3, 511)   coste      15       15
(   4, 511)   coste      18       18
(   4, 512)   coste      18       18
(   5, 260)   coste      15       15
(   5, 365)   coste      92       92
(   6, 365)   coste      62       62
(   7, 361)   coste      88       88
(   7, 366)   coste      63       63
(   9, 512)   coste      50       50
(  10, 389)   coste      23       23
(  11,  33)   coste      50       50
(  11, 367)   coste      46       46
(  11, 490)   coste      46       46
(  12,  33)   coste      38       38
(  12, 367)   coste      24       24
(  12, 490)   coste      34       34
(  13, 464)   coste      27       27
(  13, 470)   coste      14       14
(  14, 373)   coste      22       22
(  14, 464)   coste      23       23
(  15,  29)   coste      36       36
(  17, 506)   coste     103      103
(  19, 262)   coste      55       55
(  19, 602)   coste      14       14
(  21, 291)   coste      12       12
(  21, 292)   coste      28       28
(  22, 227)   coste      21       21
(  23,  29)   coste      29       29
(  23, 524)   coste      53       53
(  23, 570)   coste      81       81
(  24, 254)   coste      68       68
(  24, 255)   coste     106      106
(  24, 433)   coste     114      114
(  25, 597)   coste      27       27
(  26,  86)   coste      23       23
(  27, 294)   coste      20       20
(  28, 149)   coste      25       25
(  28, 295)   coste      59       59
(  28, 415)   coste      44       44
(  29, 420)   coste      80       80
(  29, 570)   coste     102      102
(  29, 583)   coste      32       32
(  30, 318)   coste      42       42
(  32, 186)   coste      44       44
(  32, 187)   coste      58       58
(  32, 437)   coste      46       46
(  32, 490)   coste      26       26
(  34,  91)   coste      20       20
(  34, 117)   coste      19       19
(  34, 118)   coste       9        9
(  34, 343)   coste      46       46
(  35,  90)   coste      18       18
(  35, 117)   coste       7        7
(  35, 118)   coste       8        8
(  35, 501)   coste      40       40
(  36,  67)   coste     113      113
(  36, 271)   coste      89       89
(  36, 272)   coste      96       96
(  36, 414)   coste      33       33
(  37, 205)   coste      38       38
(  37, 413)   coste      23       23
(  38, 236)   coste      40       40
(  38, 238)   coste      32       32
(  38, 476)   coste     100      100
(  38, 477)   coste      65       65
(  38, 480)   coste      34       34
(  39, 238)   coste      18       18
(  39, 479)   coste      24       24
(  40, 513)   coste       6        6
(  41, 425)   coste      85       85
(  41, 513)   coste      33       33
(  42, 108)   coste      30       30
(  42, 341)   coste      25       25
(  42, 461)   coste      28       28
(  42, 463)   coste      24       24
(  43, 195)   coste      35       35
(  45, 455)   coste      40       40
(  45, 485)   coste      30       30
(  46, 380)   coste      48       48
(  46, 450)   coste      39       39
(  47, 232)   coste      54       54
(  47, 249)   coste      42       42
(  48,  60)   coste      45       45
(  48, 109)   coste      42       42
(  48, 198)   coste      25       25
(  49,  96)   coste      42       42
(  49, 198)   coste      37       37
(  50, 209)   coste      37       37
(  50, 335)   coste      37       37
(  50, 348)   coste      93       93
(  50, 469)   coste     168      168
(  51, 348)   coste      74       74
(  51, 469)   coste     149      149
(  52, 269)   coste      63       63
(  52, 270)   coste      62       62
(  52, 545)   coste      16       16
(  52, 546)   coste      25       25
(  53, 545)   coste      10       10
(  53, 546)   coste      21       21
(  53, 559)   coste      27       27
(  53, 560)   coste      26       26
(  54,  55)   coste       7        7
(  55, 269)   coste      41       41
(  55, 270)   coste      40       40
(  56,  95)   coste     111      111
(  56, 120)   coste     103      103
(  56, 203)   coste     114      114
(  56, 362)   coste     114      114
(  57, 120)   coste      77       77
(  58, 156)   coste      62       62
(  59, 416)   coste      28       28
(  61,  63)   coste      34       34
(  61, 346)   coste      30       30
(  62, 207)   coste      21       21
(  62, 208)   coste      26       26
(  62, 345)   coste      31       31
(  64, 194)   coste      25       25
(  64, 293)   coste      25       25
(  64, 534)   coste      13       13
(  64, 535)   coste      16       16
(  65, 328)   coste      28       28
(  65, 370)   coste      21       21
(  67, 271)   coste      90       90
(  67, 272)   coste      97       97
(  68, 558)   coste     212      212
(  68, 592)   coste      86       86
(  69,  70)   coste      45       45
(  69, 259)   coste      55       55
(  69, 316)   coste      63       63
(  70, 316)   coste      25       25
(  70, 558)   coste     206      206
(  71, 142)   coste      95       95
(  72, 210)   coste     152      152
(  72, 533)   coste     134      134
(  72, 576)   coste     121      121
(  72, 593)   coste     137      137
(  73, 100)   coste      15       15
(  73, 101)   coste      28       28
(  73, 175)   coste      34       34
(  74, 114)   coste      35       35
(  75, 166)   coste      35       35
(  75, 332)   coste      77       77
(  76, 332)   coste      63       63
(  77, 312)   coste       9        9
(  78, 243)   coste      46       46
(  79, 212)   coste      35       35
(  79, 289)   coste      71       71
(  79, 410)   coste      76       76
(  79, 566)   coste      53       53
(  80, 211)   coste      37       37
(  80, 212)   coste       9        9
(  81, 211)   coste      54       54
(  81, 212)   coste      26       26
(  81, 566)   coste      64       64
(  82, 137)   coste      86       86
(  82, 165)   coste      74       74
(  82, 566)   coste      54       54
(  83, 137)   coste      82       82
(  83, 165)   coste      70       70
(  84, 509)   coste       3        3
(  84, 510)   coste      12       12
(  85, 230)   coste      63       63
(  85, 509)   coste      30       30
(  86, 386)   coste      27       27
(  87, 386)   coste      31       31
(  88, 260)   coste      28       28
(  90, 117)   coste      22       22
(  91, 161)   coste      61       61
(  91, 343)   coste      46       46
(  91, 530)   coste      32       32
(  92, 187)   coste      21       21
(  93,  95)   coste      31       31
(  93, 187)   coste      11       11
(  93, 357)   coste      16       16
(  94, 298)   coste      20       20
(  94, 299)   coste      23       23
(  95, 187)   coste      40       40
(  95, 203)   coste     111      111
(  95, 297)   coste      31       31
(  95, 357)   coste      45       45
(  95, 362)   coste     111      111
(  96, 384)   coste      49       49
(  97, 384)   coste      53       53
(  97, 605)   coste       2        2
(  98, 136)   coste      29       29
(  98, 163)   coste      38       38
(  98, 182)   coste     141      141
(  98, 361)   coste      90       90
(  98, 392)   coste     109      109
(  98, 465)   coste      99       99
(  98, 466)   coste      97       97
(  99, 163)   coste      83       83
(  99, 164)   coste      71       71
(  99, 328)   coste      57       57
( 100, 356)   coste      22       22
( 102, 581)   coste      28       28
( 102, 582)   coste       4        4
( 103, 486)   coste      47       47
( 103, 582)   coste       4        4
( 104, 240)   coste      53       53
( 104, 270)   coste      53       53
( 104, 290)   coste      66       66
( 105, 240)   coste      41       41
( 105, 241)   coste      32       32
( 106, 495)   coste      20       20
( 107, 536)   coste       5        5
( 108, 340)   coste      22       22
( 108, 522)   coste      52       52
( 109, 198)   coste      44       44
( 110, 577)   coste      36       36
( 111, 399)   coste      48       48
( 111, 400)   coste      28       28
( 111, 577)   coste      78       78
( 112, 554)   coste      68       68
( 112, 555)   coste      61       61
( 113, 554)   coste      73       73
( 113, 555)   coste      66       66
( 114, 171)   coste      55       55
( 115, 306)   coste     101      101
( 115, 492)   coste      92       92
( 116, 585)   coste       2        2
( 117, 501)   coste      35       35
( 119, 319)   coste      70       70
( 120, 319)   coste      66       66
( 121, 345)   coste      48       48
( 121, 346)   coste      45       45
( 122, 337)   coste      34       34
( 123, 273)   coste      24       24
( 123, 274)   coste      31       31
( 123, 275)   coste      42       42
( 124, 273)   coste      41       41
( 124, 275)   coste      32       32
( 125, 146)   coste      23       23
( 125, 552)   coste      76       76
( 126, 285)   coste      32       32
( 126, 552)   coste      94       94
( 127, 150)   coste      48       48
( 127, 151)   coste      86       86
( 127, 188)   coste      38       38
( 127, 190)   coste      23       23
( 128, 150)   coste      56       56
( 128, 151)   coste      94       94
( 128, 190)   coste      24       24
( 129, 276)   coste      14       14
( 129, 277)   coste      20       20
( 130, 131)   coste      14       14
( 130, 354)   coste      25       25
( 131, 284)   coste      26       26
( 131, 354)   coste      16       16
( 132, 321)   coste      10       10
( 133, 321)   coste      24       24
( 134, 286)   coste      25       25
( 134, 320)   coste      20       20
( 134, 321)   coste       9        9
( 134, 604)   coste      26       26
( 135, 163)   coste      29       29
( 135, 458)   coste      28       28
( 136, 163)   coste      12       12
( 137, 165)   coste      96       96
( 137, 409)   coste      13       13
( 138, 409)   coste      16       16
( 138, 410)   coste      25       25
( 139, 191)   coste      29       29
( 139, 192)   coste      31       31
( 139, 298)   coste      30       30
( 140, 191)   coste      28       28
( 140, 192)   coste      13       13
( 141, 191)   coste      13       13
( 141, 241)   coste     110      110
( 141, 350)   coste      81       81
( 141, 567)   coste      77       77
( 144, 339)   coste      63       63
( 144, 374)   coste      87       87
( 145, 339)   coste      50       50
( 145, 374)   coste      83       83
( 148, 201)   coste      51       51
( 148, 344)   coste      49       49
( 149, 415)   coste      54       54
( 150, 151)   coste     104      104
( 150, 255)   coste     182      182
( 151, 218)   coste      76       76
( 151, 327)   coste      17       17
( 151, 521)   coste     140      140
( 152, 255)   coste      80       80
( 152, 433)   coste     103      103
( 153, 597)   coste      21       21
( 154, 155)   coste      12       12
( 154, 388)   coste      21       21
( 154, 481)   coste      22       22
( 156, 172)   coste     129      129
( 156, 173)   coste     165      165
( 156, 400)   coste     154      154
( 157, 169)   coste      84       84
( 158, 389)   coste      17       17
( 158, 457)   coste      37       37
( 160, 305)   coste      25       25
( 161, 162)   coste      43       43
( 161, 305)   coste      21       21
( 161, 530)   coste      34       34
( 165, 209)   coste      11       11
( 165, 334)   coste      18       18
( 165, 335)   coste      28       28
( 167, 338)   coste      70       70
( 167, 339)   coste      71       71
( 167, 355)   coste      47       47
( 168, 169)   coste      29       29
( 168, 170)   coste      23       23
( 168, 338)   coste      71       71
( 168, 339)   coste      72       72
( 168, 355)   coste      42       42
( 169, 251)   coste      69       69
( 169, 252)   coste      86       86
( 169, 401)   coste      88       88
( 170, 356)   coste      27       27
( 171, 306)   coste     116      116
( 171, 460)   coste      20       20
( 171, 492)   coste     107      107
( 172, 399)   coste      41       41
( 172, 400)   coste      34       34
( 172, 416)   coste     137      137
( 173, 399)   coste      10       10
( 173, 416)   coste     173      173
( 174, 307)   coste       6        6
( 174, 382)   coste       6        6
( 174, 383)   coste       7        7
( 175, 307)   coste      33       33
( 176, 230)   coste      64       64
( 176, 510)   coste      23       23
( 177, 178)   coste     107      107
( 177, 244)   coste      98       98
( 177, 478)   coste     187      187
( 177, 480)   coste     146      146
( 177, 504)   coste     257      257
( 177, 510)   coste      28       28
( 177, 511)   coste      94       94
( 178, 244)   coste     151      151
( 178, 479)   coste      34       34
( 178, 511)   coste     147      147
( 178, 561)   coste      28       28
( 179, 561)   coste      22       22
( 179, 562)   coste      44       44
( 180, 205)   coste       7        7
( 181, 205)   coste      10       10
( 181, 206)   coste      26       26
( 182, 361)   coste     142      142
( 182, 392)   coste      50       50
( 182, 465)   coste     101      101
( 183, 514)   coste      32       32
( 184, 422)   coste      71       71
( 184, 570)   coste     118      118
( 185, 422)   coste      74       74
( 186, 437)   coste       5        5
( 189, 190)   coste      36       36
( 189, 375)   coste      35       35
( 191, 241)   coste     110      110
( 191, 350)   coste      81       81
( 191, 567)   coste      77       77
( 193, 296)   coste      27       27
( 194, 534)   coste      23       23
( 196, 226)   coste      65       65
( 196, 227)   coste      46       46
( 196, 290)   coste      52       52
( 196, 322)   coste      54       54
( 196, 498)   coste      22       22
( 197, 226)   coste      67       67
( 197, 227)   coste      48       48
( 197, 290)   coste      54       54
( 197, 322)   coste      56       56
( 199, 403)   coste      38       38
( 200, 519)   coste      28       28
( 200, 551)   coste      21       21
( 201, 344)   coste      78       78
( 202, 493)   coste      23       23
( 202, 494)   coste      31       31
( 203, 362)   coste      25       25
( 204, 320)   coste      21       21
( 204, 413)   coste      31       31
( 205, 206)   coste      27       27
( 208, 385)   coste      23       23
( 210, 457)   coste      37       37
( 210, 533)   coste      68       68
( 210, 576)   coste     153      153
( 210, 593)   coste     185      185
( 213, 371)   coste      16       16
( 213, 488)   coste      34       34
( 214, 488)   coste      34       34
( 215, 228)   coste      46       46
( 215, 594)   coste      53       53
( 217, 402)   coste      25       25
( 217, 434)   coste       8        8
( 217, 472)   coste      12       12
( 218, 327)   coste      71       71
( 218, 434)   coste      27       27
( 219, 251)   coste     167      167
( 219, 252)   coste     170      170
( 219, 310)   coste      16       16
( 219, 401)   coste     170      170
( 219, 468)   coste      24       24
( 219, 547)   coste      65       65
( 219, 548)   coste      70       70
( 221, 424)   coste      33       33
( 221, 497)   coste      96       96
( 221, 529)   coste      21       21
( 222, 424)   coste      17       17
( 222, 496)   coste      89       89
( 223, 578)   coste      33       33
( 223, 580)   coste      26       26
( 224, 578)   coste      26       26
( 224, 580)   coste      23       23
( 225, 239)   coste     155      155
( 225, 604)   coste      17       17
( 226, 292)   coste      25       25
( 227, 292)   coste      25       25
( 227, 322)   coste      20       20
( 228, 594)   coste       8        8
( 229, 245)   coste      28       28
( 229, 250)   coste      19       19
( 230, 231)   coste      12       12
( 230, 232)   coste      15       15
( 231, 232)   coste      26       26
( 231, 245)   coste      29       29
( 232, 249)   coste      22       22
( 233, 328)   coste      78       78
( 235, 425)   coste      46       46
( 236, 476)   coste      79       79
( 236, 477)   coste      44       44
( 236, 478)   coste      98       98
( 239, 551)   coste      41       41
( 240, 270)   coste      70       70
( 241, 350)   coste      77       77
( 241, 368)   coste     106      106
( 241, 567)   coste      73       73
( 242, 552)   coste      44       44
( 242, 553)   coste      21       21
( 243, 432)   coste      38       38
( 244, 478)   coste     231      231
( 244, 480)   coste     190      190
( 244, 504)   coste     301      301
( 244, 511)   coste      26       26
( 245, 250)   coste      13       13
( 246, 476)   coste      88       88
( 246, 478)   coste      52       52
( 247, 372)   coste      36       36
( 247, 464)   coste      19       19
( 248, 464)   coste      28       28
( 248, 470)   coste      30       30
( 248, 471)   coste      26       26
( 251, 401)   coste      25       25
( 251, 547)   coste     188      188
( 252, 547)   coste     191      191
( 253, 433)   coste      78       78
( 253, 458)   coste      29       29
( 255, 327)   coste      91       91
( 255, 433)   coste      71       71
( 255, 521)   coste     164      164
( 256, 483)   coste      21       21
( 256, 586)   coste      24       24
( 256, 587)   coste       9        9
( 257, 258)   coste      29       29
( 257, 302)   coste      37       37
( 257, 586)   coste      23       23
( 257, 587)   coste      14       14
( 258, 483)   coste      23       23
( 259, 316)   coste      17       17
( 259, 558)   coste     216      216
( 262, 588)   coste      39       39
( 262, 602)   coste      65       65
( 263, 588)   coste      28       28
( 264, 415)   coste      16       16
( 265, 537)   coste      44       44
( 265, 538)   coste      27       27
( 266, 348)   coste      48       48
( 266, 440)   coste       7        7
( 267, 438)   coste      69       69
( 267, 439)   coste      61       61
( 267, 554)   coste      28       28
( 268, 438)   coste      70       70
( 268, 439)   coste      62       62
( 268, 554)   coste      27       27
( 270, 290)   coste      65       65
( 271, 395)   coste      29       29
( 271, 600)   coste      35       35
( 274, 582)   coste       4        4
( 278, 523)   coste      41       41
( 279, 280)   coste      27       27
( 280, 523)   coste      24       24
( 280, 575)   coste      32       32
( 281, 426)   coste      29       29
( 281, 531)   coste      30       30
( 282, 300)   coste      22       22
( 283, 353)   coste      44       44
( 283, 517)   coste      52       52
( 284, 285)   coste      14       14
( 285, 517)   coste      44       44
( 288, 483)   coste      48       48
( 288, 484)   coste      39       39
( 293, 534)   coste      14       14
( 293, 535)   coste      36       36
( 294, 344)   coste      25       25
( 295, 344)   coste      44       44
( 298, 299)   coste      16       16
( 301, 500)   coste      14       14
( 301, 565)   coste      27       27
( 303, 304)   coste      26       26
( 304, 462)   coste      25       25
( 306, 308)   coste      45       45
( 306, 309)   coste      27       27
( 306, 324)   coste     160      160
( 306, 331)   coste     170      170
( 306, 383)   coste      16       16
( 306, 436)   coste     154      154
( 306, 460)   coste     133      133
( 306, 492)   coste      63       63
( 307, 382)   coste       4        4
( 308, 375)   coste      20       20
( 310, 468)   coste      10       10
( 311, 517)   coste      35       35
( 313, 318)   coste      76       76
( 313, 394)   coste       5        5
( 313, 541)   coste      72       72
( 314, 315)   coste      13       13
( 315, 395)   coste      35       35
( 315, 600)   coste      39       39
( 316, 558)   coste     224      224
( 318, 541)   coste      72       72
( 320, 413)   coste      32       32
( 323, 331)   coste      15       15
( 323, 332)   coste      23       23
( 323, 436)   coste      51       51
( 323, 482)   coste     121      121
( 324, 331)   coste      11       11
( 324, 436)   coste      62       62
( 324, 459)   coste      52       52
( 324, 492)   coste     122      122
( 325, 554)   coste      47       47
( 325, 555)   coste      29       29
( 326, 554)   coste      82       82
( 326, 555)   coste      66       66
( 326, 577)   coste      41       41
( 327, 433)   coste     114      114
( 328, 370)   coste       9        9
( 329, 363)   coste      28       28
( 330, 363)   coste      37       37
( 331, 459)   coste      62       62
( 331, 492)   coste     132      132
( 333, 565)   coste      28       28
( 334, 335)   coste      14       14
( 336, 558)   coste     118      118
( 338, 374)   coste      68       68
( 338, 430)   coste       9        9
( 340, 495)   coste      18       18
( 341, 461)   coste       5        5
( 347, 469)   coste      68       68
( 348, 440)   coste      52       52
( 349, 469)   coste      63       63
( 349, 548)   coste      38       38
( 350, 368)   coste      66       66
( 350, 567)   coste       9        9
( 351, 352)   coste      17       17
( 351, 567)   coste      33       33
( 353, 354)   coste      20       20
( 358, 448)   coste      57       57
( 358, 550)   coste      79       79
( 359, 421)   coste      23       23
( 359, 507)   coste      29       29
( 361, 392)   coste     110      110
( 361, 465)   coste     105      105
( 361, 466)   coste     103      103
( 364, 397)   coste     101      101
( 364, 444)   coste     211      211
( 364, 445)   coste     198      198
( 364, 505)   coste      98       98
( 364, 549)   coste      12       12
( 365, 397)   coste     110      110
( 365, 444)   coste     220      220
( 365, 445)   coste     207      207
( 365, 449)   coste      22       22
( 365, 505)   coste     107      107
( 365, 549)   coste      21       21
( 366, 540)   coste      33       33
( 367, 540)   coste      28       28
( 368, 386)   coste      15       15
( 369, 386)   coste       1        1
( 371, 503)   coste      47       47
( 371, 578)   coste      65       65
( 372, 464)   coste      29       29
( 373, 381)   coste      21       21
( 374, 430)   coste      60       60
( 376, 381)   coste      23       23
( 377, 503)   coste      16       16
( 377, 504)   coste      27       27
( 379, 451)   coste      11       11
( 380, 442)   coste      37       37
( 380, 451)   coste      47       47
( 384, 542)   coste      33       33
( 385, 542)   coste      39       39
( 385, 543)   coste      33       33
( 387, 481)   coste      12       12
( 389, 457)   coste      30       30
( 390, 546)   coste      64       64
( 391, 412)   coste      78       78
( 391, 499)   coste      47       47
( 391, 515)   coste      46       46
( 391, 516)   coste      26       26
( 396, 557)   coste      25       25
( 397, 398)   coste      37       37
( 400, 416)   coste     162      162
( 401, 547)   coste     191      191
( 402, 472)   coste      25       25
( 404, 417)   coste      24       24
( 404, 431)   coste      21       21
( 404, 537)   coste      15       15
( 405, 416)   coste      29       29
( 406, 588)   coste      16       16
( 407, 473)   coste      35       35
( 408, 588)   coste      20       20
( 411, 498)   coste      33       33
( 412, 499)   coste      61       61
( 412, 516)   coste      56       56
( 414, 604)   coste      38       38
( 418, 427)   coste      52       52
( 418, 502)   coste      21       21
( 419, 427)   coste      50       50
( 419, 502)   coste      16       16
( 420, 507)   coste      30       30
( 420, 583)   coste      54       54
( 421, 507)   coste      24       24
( 423, 496)   coste      92       92
( 424, 496)   coste      83       83
( 425, 522)   coste      82       82
( 426, 522)   coste      73       73
( 431, 537)   coste      14       14
( 434, 472)   coste      18       18
( 435, 482)   coste      70       70
( 435, 586)   coste      63       63
( 436, 459)   coste      62       62
( 436, 492)   coste     116      116
( 442, 584)   coste      35       35
( 444, 505)   coste     124      124
( 445, 505)   coste     111      111
( 447, 549)   coste      18       18
( 447, 550)   coste      13       13
( 450, 475)   coste      34       34
( 451, 474)   coste      79       79
( 451, 475)   coste      56       56
( 451, 568)   coste     201      201
( 452, 518)   coste      39       39
( 453, 518)   coste      58       58
( 454, 589)   coste      22       22
( 454, 603)   coste      15       15
( 455, 589)   coste      16       16
( 455, 603)   coste      24       24
( 456, 532)   coste      71       71
( 456, 533)   coste      72       72
( 456, 571)   coste      26       26
( 459, 492)   coste     122      122
( 460, 492)   coste     124      124
( 462, 463)   coste      21       21
( 474, 568)   coste     134      134
( 475, 568)   coste     151      151
( 477, 478)   coste      65       65
( 478, 480)   coste      77       77
( 478, 504)   coste     164      164
( 478, 511)   coste     227      227
( 480, 504)   coste     147      147
( 480, 511)   coste     186      186
( 483, 484)   coste      15       15
( 486, 520)   coste      55       55
( 487, 596)   coste      35       35
( 488, 527)   coste      29       29
( 488, 528)   coste      31       31
( 489, 527)   coste      14       14
( 489, 528)   coste      11       11
( 497, 529)   coste      97       97
( 499, 516)   coste      33       33
( 499, 546)   coste      52       52
( 501, 581)   coste      29       29
( 503, 578)   coste      70       70
( 504, 511)   coste     297      297
( 506, 601)   coste      33       33
( 515, 516)   coste      24       24
( 519, 551)   coste      41       41
( 521, 536)   coste      38       38
( 522, 531)   coste      79       79
( 523, 575)   coste      43       43
( 525, 593)   coste      19       19
( 525, 594)   coste      37       37
( 526, 594)   coste      45       45
( 532, 571)   coste      64       64
( 533, 571)   coste      65       65
( 533, 576)   coste     135      135
( 533, 593)   coste     167      167
( 539, 598)   coste      39       39
( 539, 599)   coste      68       68
( 540, 569)   coste       8        8
( 543, 558)   coste      53       53
( 545, 559)   coste      31       31
( 556, 595)   coste      17       17
( 556, 596)   coste       8        8
( 561, 590)   coste      20       20
( 572, 605)   coste      36       36
( 573, 574)   coste       6        6
( 576, 593)   coste      50       50
( 579, 591)   coste      11       11
