NOMBRE : UR135
COMENTARIO : 124  componentes 
VERTICES :  892
ARISTAS_REQ :  892
ARISTAS_NOREQ :  727
LISTA_ARISTAS_REQ :
(   1,   2)   coste      16       16
(   1,   3)   coste      22       22
(   4,   5)   coste      38       38
(   4,   6)   coste      29       29
(   4,   7)   coste      25       25
(   4,   8)   coste      47       47
(   9,  10)   coste      18       18
(   9,  11)   coste      26       26
(   9,  12)   coste      27       27
(  13,  14)   coste      40       40
(  13,  15)   coste      48       48
(   6,  16)   coste       3        3
(  16,  17)   coste      19       19
(  18,  19)   coste      11       11
(  18,  20)   coste       4        4
(  18,  21)   coste      34       34
(  14,  22)   coste      34       34
(  22,  23)   coste      18       18
(  22,  24)   coste      23       23
(  25,  26)   coste      40       40
(  27,  28)   coste       8        8
(  29,  30)   coste      55       55
(  29,  31)   coste      22       22
(  29,  32)   coste      33       33
(  33,  34)   coste      25       25
(  35,  36)   coste      35       35
(  21,  35)   coste      24       24
(  37,  38)   coste      23       23
(  37,  39)   coste      30       30
(  40,  41)   coste      23       23
(  42,  43)   coste      30       30
(  42,  44)   coste      49       49
(  45,  46)   coste      27       27
(  45,  47)   coste      26       26
(  45,  48)   coste      43       43
(  45,  49)   coste       9        9
(  45,  50)   coste      30       30
(  51,  52)   coste      25       25
(  51,  53)   coste      22       22
(  54,  55)   coste      22       22
(  54,  56)   coste       9        9
(  57,  58)   coste      25       25
(  57,  59)   coste      20       20
(  57,  60)   coste      14       14
(  61,  62)   coste       9        9
(  63,  64)   coste      48       48
(  63,  65)   coste      28       28
(  66,  67)   coste      15       15
(  68,  69)   coste      12       12
(  68,  70)   coste       6        6
(  71,  72)   coste      37       37
(  73,  74)   coste      35       35
(  73,  75)   coste      31       31
(  76,  77)   coste      24       24
(  78,  79)   coste      25       25
(  80,  81)   coste      29       29
(  80,  82)   coste      27       27
(  80,  83)   coste      26       26
(  84,  85)   coste      13       13
(  84,  86)   coste      27       27
(  87,  88)   coste      16       16
(  87,  89)   coste      15       15
(   5,   7)   coste      40       40
(   5,   8)   coste      15       15
(  90,  91)   coste      30       30
(  90,  92)   coste      19       19
(  90,  93)   coste      29       29
(  94,  95)   coste      43       43
(  96,  97)   coste      13       13
(  96,  98)   coste      22       22
(  96,  99)   coste       8        8
( 100, 101)   coste      13       13
( 102, 103)   coste      32       32
( 102, 104)   coste      15       15
( 102, 105)   coste      30       30
(  58,  60)   coste      25       25
(  58, 106)   coste      20       20
( 107, 108)   coste      30       30
( 107, 109)   coste      44       44
( 107, 110)   coste      37       37
( 111, 112)   coste      26       26
( 111, 113)   coste       5        5
( 114, 115)   coste      26       26
( 116, 117)   coste      32       32
( 116, 118)   coste       6        6
( 116, 119)   coste      15       15
( 120, 121)   coste      44       44
( 120, 122)   coste      39       39
( 123, 124)   coste      23       23
( 125, 126)   coste      22       22
( 125, 127)   coste      14       14
(  75, 128)   coste      22       22
( 129, 130)   coste      17       17
( 129, 131)   coste      26       26
( 132, 133)   coste      28       28
(   2, 132)   coste      33       33
( 132, 134)   coste      30       30
( 135, 136)   coste      30       30
( 135, 137)   coste      39       39
( 138, 139)   coste      32       32
( 138, 140)   coste      57       57
( 141, 142)   coste      21       21
( 141, 143)   coste      42       42
( 144, 145)   coste      26       26
( 144, 146)   coste      16       16
( 144, 147)   coste      24       24
( 148, 149)   coste      17       17
( 148, 150)   coste      38       38
( 151, 152)   coste      34       34
( 151, 153)   coste      29       29
( 154, 155)   coste      30       30
( 154, 156)   coste      43       43
(  85, 157)   coste      31       31
(  85, 158)   coste      29       29
(  85, 105)   coste      32       32
( 159, 160)   coste      31       31
( 161, 162)   coste      20       20
( 161, 163)   coste      17       17
(  97, 164)   coste      29       29
(  69, 165)   coste      14       14
(  69, 166)   coste      18       18
(  69,  70)   coste      12       12
( 142, 167)   coste      42       42
( 142, 168)   coste      33       33
( 169, 170)   coste      34       34
( 169, 171)   coste       3        3
( 172, 173)   coste      22       22
( 174, 175)   coste      25       25
( 174, 176)   coste      17       17
( 177, 178)   coste      14       14
(  46,  47)   coste      15       15
(  46, 179)   coste       6        6
( 180, 181)   coste      26       26
( 182, 183)   coste      16       16
( 182, 184)   coste      30       30
( 185, 186)   coste      44       44
( 155, 185)   coste      32       32
( 187, 188)   coste      33       33
( 189, 190)   coste      43       43
( 191, 192)   coste       6        6
( 191, 193)   coste      41       41
( 194, 195)   coste       2        2
( 194, 196)   coste       2        2
( 197, 198)   coste      39       39
( 197, 199)   coste      25       25
(  52, 200)   coste      21       21
(  52, 201)   coste      18       18
(  52, 202)   coste      21       21
(  75, 203)   coste      28       28
( 162, 204)   coste      23       23
( 162, 205)   coste      10       10
( 162, 195)   coste      11       11
( 206, 207)   coste      21       21
( 208, 209)   coste      59       59
( 208, 210)   coste      54       54
( 208, 211)   coste      34       34
( 212, 213)   coste       4        4
( 212, 214)   coste      52       52
( 156, 212)   coste      16       16
(  95, 215)   coste       1        1
( 155, 186)   coste      49       49
(  91,  92)   coste      13       13
(  91, 216)   coste      29       29
(  91, 217)   coste      27       27
( 103, 218)   coste      38       38
( 139, 219)   coste      43       43
( 139, 220)   coste      21       21
( 221, 222)   coste       7        7
( 221, 223)   coste       6        6
( 221, 224)   coste       8        8
( 225, 226)   coste       9        9
( 225, 227)   coste      29       29
( 228, 229)   coste      21       21
( 230, 231)   coste      36       36
( 230, 232)   coste      35       35
( 233, 234)   coste      41       41
( 233, 235)   coste      37       37
( 236, 237)   coste      30       30
( 236, 238)   coste       4        4
(  53, 179)   coste       2        2
(  72, 239)   coste      50       50
( 240, 241)   coste       9        9
( 240, 242)   coste      19       19
( 234, 243)   coste      27       27
( 243, 244)   coste      32       32
( 245, 246)   coste      43       43
( 247, 248)   coste      38       38
( 247, 249)   coste      23       23
( 250, 251)   coste      21       21
( 250, 252)   coste      23       23
( 250, 253)   coste      16       16
( 254, 255)   coste      21       21
( 254, 256)   coste       6        6
( 160, 257)   coste      30       30
( 258, 259)   coste      26       26
( 258, 260)   coste      30       30
( 258, 261)   coste      27       27
( 209, 262)   coste      11       11
( 108, 110)   coste      31       31
( 263, 264)   coste      27       27
( 119, 265)   coste      28       28
( 266, 267)   coste      36       36
( 266, 268)   coste      11       11
( 266, 269)   coste      22       22
( 270, 271)   coste      21       21
( 272, 273)   coste       7        7
( 272, 274)   coste       9        9
( 272, 275)   coste      20       20
( 272, 276)   coste      14       14
( 277, 278)   coste      11       11
( 257, 279)   coste      35       35
( 280, 281)   coste      16       16
( 280, 282)   coste       7        7
( 283, 284)   coste      21       21
( 285, 286)   coste      23       23
( 285, 287)   coste       6        6
( 288, 289)   coste      13       13
( 290, 291)   coste      43       43
( 290, 292)   coste      45       45
( 293, 294)   coste      35       35
( 293, 295)   coste      29       29
( 296, 297)   coste      36       36
( 298, 299)   coste      30       30
( 300, 301)   coste      11       11
( 300, 302)   coste      22       22
( 300, 303)   coste      30       30
( 304, 305)   coste      36       36
( 304, 306)   coste      11       11
( 304, 307)   coste      39       39
( 304, 308)   coste      14       14
( 309, 310)   coste      17       17
( 309, 311)   coste      25       25
( 312, 313)   coste      31       31
( 314, 315)   coste      25       25
( 314, 316)   coste      15       15
( 314, 317)   coste      28       28
( 318, 319)   coste      22       22
( 318, 320)   coste      28       28
( 321, 322)   coste      33       33
( 287, 321)   coste      26       26
( 323, 324)   coste       3        3
( 323, 325)   coste      31       31
( 165, 326)   coste      30       30
( 327, 328)   coste      22       22
( 329, 330)   coste      19       19
( 157, 158)   coste      19       19
( 158, 331)   coste      31       31
( 332, 333)   coste       3        3
( 334, 335)   coste      24       24
( 336, 337)   coste      14       14
( 336, 338)   coste       4        4
( 336, 339)   coste      26       26
( 340, 341)   coste      14       14
(  92, 291)   coste      38       38
( 291, 342)   coste      41       41
(  70, 343)   coste      19       19
( 344, 345)   coste       9        9
( 344, 346)   coste      28       28
( 344, 347)   coste      30       30
( 306, 348)   coste      26       26
( 308, 348)   coste      29       29
(  10, 349)   coste      42       42
( 350, 351)   coste      20       20
( 350, 352)   coste      31       31
( 350, 353)   coste      18       18
( 354, 355)   coste      22       22
( 273, 275)   coste      14       14
( 273, 356)   coste      15       15
( 357, 358)   coste      45       45
( 357, 359)   coste      41       41
( 238, 357)   coste      48       48
( 360, 361)   coste      24       24
( 207, 362)   coste      20       20
( 363, 364)   coste      34       34
( 320, 363)   coste      31       31
( 365, 366)   coste      17       17
( 365, 367)   coste      19       19
( 234, 368)   coste      54       54
( 369, 370)   coste      12       12
( 369, 371)   coste      48       48
( 372, 373)   coste       9        9
( 372, 374)   coste       8        8
( 372, 375)   coste      17       17
( 372, 376)   coste      23       23
( 198, 199)   coste      23       23
( 377, 378)   coste      12       12
( 377, 379)   coste      27       27
( 380, 381)   coste       9        9
( 380, 382)   coste      30       30
( 380, 383)   coste       3        3
(  89, 384)   coste       6        6
( 385, 386)   coste      18       18
(  19, 387)   coste      18       18
(  20, 387)   coste      21       21
( 387, 388)   coste      26       26
( 389, 390)   coste      27       27
( 389, 391)   coste      38       38
( 389, 392)   coste      22       22
( 292, 389)   coste      47       47
( 393, 394)   coste      21       21
( 393, 395)   coste      20       20
( 393, 396)   coste      21       21
( 355, 397)   coste      22       22
( 398, 399)   coste      37       37
( 398, 400)   coste      34       34
( 398, 401)   coste      12       12
( 402, 403)   coste      17       17
(  88, 402)   coste      18       18
( 404, 405)   coste      26       26
(  12,  92)   coste      35       35
(  93, 406)   coste      29       29
( 407, 408)   coste      18       18
( 407, 409)   coste      16       16
( 286, 410)   coste      28       28
( 341, 411)   coste      21       21
( 341, 412)   coste      30       30
( 341, 413)   coste      33       33
( 341, 414)   coste       9        9
( 415, 416)   coste      48       48
( 417, 418)   coste      40       40
( 417, 419)   coste       1        1
( 417, 420)   coste      34       34
( 421, 422)   coste      27       27
( 423, 424)   coste      31       31
( 423, 425)   coste      14       14
( 423, 426)   coste      29       29
( 427, 428)   coste      35       35
(  67, 429)   coste      26       26
( 429, 430)   coste      40       40
( 429, 431)   coste      39       39
(  86, 432)   coste      12       12
( 251, 252)   coste      24       24
( 251, 253)   coste      20       20
( 345, 346)   coste      33       33
( 143, 345)   coste      36       36
( 433, 434)   coste      38       38
( 433, 435)   coste      13       13
( 134, 433)   coste      25       25
( 436, 437)   coste      34       34
( 436, 438)   coste      56       56
( 436, 439)   coste      36       36
( 131, 436)   coste      53       53
(   6,  17)   coste      18       18
( 390, 391)   coste      36       36
( 390, 392)   coste      29       29
( 330, 440)   coste      42       42
( 351, 441)   coste      31       31
( 351, 442)   coste      38       38
( 443, 444)   coste      17       17
( 112, 113)   coste      30       30
( 445, 446)   coste      17       17
( 445, 447)   coste      28       28
( 445, 448)   coste      39       39
( 449, 450)   coste      38       38
( 137, 449)   coste      14       14
( 449, 451)   coste      24       24
( 452, 453)   coste      25       25
( 452, 454)   coste      26       26
( 455, 456)   coste      28       28
( 150, 455)   coste      40       40
(  19, 457)   coste       1        1
( 310, 311)   coste       9        9
( 424, 458)   coste      17       17
( 459, 460)   coste       4        4
( 459, 461)   coste      14       14
( 462, 463)   coste      16       16
( 462, 464)   coste      26       26
( 465, 466)   coste      27       27
( 465, 467)   coste      32       32
( 468, 469)   coste      24       24
( 337, 468)   coste      25       25
( 470, 471)   coste      23       23
( 259, 470)   coste      37       37
( 335, 472)   coste      28       28
( 472, 473)   coste       6        6
( 474, 475)   coste      25       25
( 474, 476)   coste      11       11
(  44, 474)   coste      14       14
( 474, 477)   coste      11       11
( 474, 478)   coste      25       25
( 479, 480)   coste      32       32
( 481, 482)   coste      41       41
( 121, 481)   coste      17       17
( 481, 483)   coste      12       12
( 426, 484)   coste      23       23
( 484, 485)   coste      15       15
( 484, 486)   coste      31       31
( 484, 487)   coste      24       24
( 488, 489)   coste      29       29
( 488, 490)   coste      24       24
( 488, 491)   coste      26       26
( 324, 492)   coste      21       21
( 493, 494)   coste      27       27
( 493, 495)   coste      19       19
( 493, 496)   coste      16       16
( 175, 497)   coste      17       17
( 498, 499)   coste      19       19
( 498, 500)   coste      13       13
( 501, 502)   coste      10       10
( 503, 504)   coste      22       22
( 503, 505)   coste       6        6
( 503, 506)   coste      15       15
( 229, 507)   coste       7        7
( 508, 509)   coste      11       11
( 508, 510)   coste      25       25
( 511, 512)   coste      40       40
( 511, 513)   coste      28       28
( 281, 282)   coste      14       14
( 514, 515)   coste      31       31
( 409, 514)   coste      18       18
(  48,  49)   coste      48       48
(  48, 516)   coste      16       16
( 418, 517)   coste      18       18
( 518, 519)   coste      16       16
( 518, 520)   coste      25       25
( 248, 521)   coste       5        5
( 522, 523)   coste      25       25
( 522, 524)   coste      18       18
( 525, 526)   coste      30       30
( 391, 527)   coste      49       49
( 528, 529)   coste      18       18
( 453, 530)   coste      18       18
( 530, 531)   coste      12       12
( 532, 533)   coste      15       15
( 534, 535)   coste      35       35
( 504, 536)   coste      27       27
( 413, 537)   coste      36       36
( 537, 538)   coste      26       26
( 539, 540)   coste      11       11
( 539, 541)   coste      40       40
( 539, 542)   coste      15       15
( 543, 544)   coste      18       18
( 543, 545)   coste      19       19
( 543, 546)   coste       9        9
( 392, 547)   coste      16       16
( 246, 548)   coste      41       41
( 548, 549)   coste      34       34
( 453, 550)   coste      25       25
( 330, 551)   coste      44       44
( 552, 553)   coste       3        3
( 552, 554)   coste      19       19
( 370, 555)   coste      21       21
( 370, 556)   coste      19       19
(  88, 557)   coste      13       13
( 489, 558)   coste      20       20
( 394, 536)   coste      20       20
( 394, 396)   coste      30       30
( 346, 559)   coste      33       33
( 346, 560)   coste      44       44
( 560, 561)   coste      15       15
( 535, 561)   coste      38       38
( 562, 563)   coste      51       51
( 137, 562)   coste      33       33
( 564, 565)   coste      12       12
( 124, 458)   coste      42       42
( 566, 567)   coste      13       13
( 566, 568)   coste      20       20
( 495, 566)   coste      21       21
( 294, 569)   coste      34       34
( 294, 570)   coste      23       23
( 294, 571)   coste      41       41
( 294, 572)   coste      25       25
( 428, 573)   coste      18       18
( 573, 574)   coste      14       14
( 575, 576)   coste      48       48
( 577, 578)   coste      24       24
( 210, 579)   coste      40       40
( 210, 478)   coste      41       41
( 204, 439)   coste      36       36
( 131, 204)   coste      24       24
( 580, 581)   coste       7        7
( 567, 568)   coste      11       11
( 495, 567)   coste      19       19
( 582, 583)   coste      24       24
( 565, 584)   coste      25       25
( 565, 585)   coste      38       38
( 395, 586)   coste      28       28
( 395, 587)   coste      30       30
( 533, 588)   coste      33       33
(  49,  50)   coste      23       23
( 589, 590)   coste      28       28
(  28, 591)   coste      32       32
( 591, 592)   coste       9        9
( 591, 593)   coste      28       28
( 502, 594)   coste      13       13
( 569, 595)   coste      18       18
( 121, 596)   coste      34       34
( 478, 597)   coste      82       82
( 145, 598)   coste      24       24
( 599, 600)   coste       9        9
( 599, 601)   coste      27       27
( 602, 603)   coste      40       40
( 211, 604)   coste      30       30
( 211, 328)   coste      26       26
( 242, 605)   coste       6        6
(  79, 606)   coste      21       21
( 222, 607)   coste      36       36
( 222, 223)   coste       4        4
( 200, 608)   coste       2        2
( 200, 202)   coste       7        7
(  41, 378)   coste      31       31
(  41, 379)   coste      18       18
( 143, 609)   coste      28       28
( 255, 590)   coste      27       27
( 207, 610)   coste      31       31
( 611, 612)   coste       9        9
( 244, 368)   coste      44       44
( 244, 613)   coste      13       13
( 614, 615)   coste      50       50
( 616, 617)   coste      19       19
( 616, 618)   coste       8        8
(  43, 619)   coste      37       37
( 619, 620)   coste      32       32
( 619, 621)   coste      50       50
(   7, 622)   coste      30       30
( 623, 624)   coste      23       23
( 153, 523)   coste      30       30
( 460, 461)   coste      11       11
( 146, 497)   coste      21       21
( 146, 625)   coste       2        2
( 626, 627)   coste      12       12
( 411, 414)   coste      23       23
( 405, 628)   coste      25       25
( 628, 629)   coste      17       17
(  15, 239)   coste      37       37
( 540, 542)   coste      22       22
( 274, 275)   coste      18       18
( 188, 630)   coste      20       20
( 410, 631)   coste      27       27
( 631, 632)   coste      30       30
( 631, 633)   coste       4        4
( 631, 634)   coste      28       28
( 631, 635)   coste      19       19
( 636, 637)   coste      41       41
( 636, 638)   coste      25       25
( 126, 639)   coste      29       29
( 639, 640)   coste      30       30
(  26, 311)   coste      30       30
( 641, 642)   coste      42       42
( 425, 643)   coste      25       25
( 126, 127)   coste      14       14
( 557, 644)   coste      44       44
( 497, 625)   coste      22       22
( 645, 646)   coste      48       48
( 509, 510)   coste      23       23
( 647, 648)   coste      29       29
(  38, 167)   coste      39       39
( 571, 649)   coste      29       29
( 649, 650)   coste      35       35
( 547, 649)   coste      23       23
(  39, 279)   coste      27       27
( 279, 651)   coste      17       17
( 563, 652)   coste      29       29
( 382, 624)   coste      32       32
( 624, 653)   coste      31       31
( 428, 654)   coste      25       25
( 655, 656)   coste      21       21
( 396, 655)   coste      25       25
( 156, 213)   coste      16       16
(  28, 549)   coste      26       26
( 450, 451)   coste      31       31
( 119, 657)   coste      26       26
( 658, 659)   coste       4        4
( 284, 660)   coste      36       36
(  55, 416)   coste      36       36
(  82,  83)   coste      47       47
( 661, 662)   coste      43       43
( 663, 664)   coste      31       31
( 607, 665)   coste      21       21
( 607, 666)   coste      37       37
( 667, 668)   coste      15       15
( 301, 669)   coste      29       29
( 301, 302)   coste      26       26
( 301, 303)   coste      21       21
( 670, 671)   coste      19       19
( 475, 620)   coste      28       28
( 475, 672)   coste      23       23
( 475, 476)   coste      16       16
( 121, 483)   coste      16       16
( 121, 673)   coste      37       37
(  67, 110)   coste      28       28
( 275, 361)   coste      27       27
( 349, 674)   coste      43       43
( 521, 675)   coste      34       34
( 676, 677)   coste      26       26
( 289, 678)   coste      30       30
( 149, 679)   coste      36       36
( 679, 680)   coste      27       27
( 306, 681)   coste      30       30
( 400, 682)   coste      28       28
(  60, 485)   coste      16       16
( 155, 600)   coste      40       40
( 490, 558)   coste      10       10
( 683, 684)   coste      17       17
( 685, 686)   coste      31       31
( 101, 687)   coste      31       31
( 688, 689)   coste      11       11
( 513, 690)   coste      35       35
( 671, 691)   coste      21       21
( 692, 693)   coste      43       43
( 694, 695)   coste       4        4
( 696, 697)   coste      19       19
( 696, 698)   coste      22       22
( 696, 699)   coste      19       19
( 700, 701)   coste      37       37
( 237, 358)   coste      32       32
( 358, 702)   coste      31       31
( 358, 359)   coste       8        8
( 153, 574)   coste      30       30
( 592, 703)   coste      23       23
( 512, 704)   coste      16       16
(  70, 704)   coste      32       32
( 704, 705)   coste      25       25
( 219, 706)   coste      33       33
( 706, 707)   coste      44       44
( 642, 708)   coste      30       30
( 708, 709)   coste      22       22
( 335, 710)   coste      10       10
( 710, 711)   coste      42       42
( 473, 710)   coste      24       24
( 235, 712)   coste      28       28
(  60, 106)   coste      28       28
( 118, 713)   coste       9        9
( 714, 715)   coste      21       21
( 709, 714)   coste      20       20
( 716, 717)   coste      16       16
( 399, 718)   coste      21       21
( 400, 718)   coste      35       35
( 719, 720)   coste      19       19
( 719, 721)   coste      22       22
( 512, 722)   coste      31       31
(  98, 723)   coste      38       38
(  98, 724)   coste      18       18
( 725, 726)   coste      25       25
( 725, 727)   coste      43       43
( 659, 725)   coste      29       29
( 586, 728)   coste      28       28
( 586, 729)   coste      35       35
( 231, 730)   coste      30       30
( 232, 730)   coste      31       31
( 730, 731)   coste      26       26
( 732, 733)   coste      12       12
(  86, 734)   coste      34       34
(  86, 181)   coste      32       32
(  39, 651)   coste      15       15
( 665, 735)   coste      32       32
(  36, 736)   coste      29       29
( 662, 737)   coste      37       37
( 737, 738)   coste      37       37
( 737, 739)   coste      30       30
( 237, 359)   coste      38       38
( 555, 556)   coste       9        9
( 268, 740)   coste      16       16
( 268, 741)   coste      32       32
( 268, 269)   coste      16       16
( 568, 622)   coste      20       20
( 495, 568)   coste      12       12
(  99, 742)   coste      20       20
( 463, 743)   coste      35       35
( 720, 744)   coste      26       26
( 745, 746)   coste      42       42
( 570, 595)   coste      34       34
( 322, 547)   coste      37       37
( 322, 747)   coste      26       26
( 600, 601)   coste      23       23
( 563, 748)   coste      24       24
( 749, 750)   coste      22       22
( 743, 749)   coste      41       41
( 447, 751)   coste       5        5
( 447, 752)   coste      37       37
( 728, 753)   coste      25       25
( 753, 754)   coste      16       16
( 668, 691)   coste      23       23
( 712, 755)   coste       3        3
( 756, 757)   coste      21       21
( 458, 758)   coste       1        1
( 458, 643)   coste      20       20
( 759, 760)   coste       8        8
(  62, 761)   coste      44       44
(  62, 762)   coste      24       24
( 335, 711)   coste      34       34
( 381, 382)   coste      30       30
( 763, 764)   coste      22       22
( 581, 765)   coste      26       26
( 494, 766)   coste      29       29
( 559, 767)   coste      25       25
( 373, 374)   coste      16       16
( 373, 733)   coste      20       20
( 630, 768)   coste      31       31
( 666, 768)   coste      33       33
( 487, 769)   coste      25       25
( 106, 769)   coste      26       26
( 454, 550)   coste      27       27
( 770, 771)   coste       5        5
( 733, 772)   coste      26       26
( 375, 772)   coste      12       12
( 115, 773)   coste      37       37
( 319, 320)   coste      30       30
( 744, 774)   coste      17       17
( 583, 642)   coste       7        7
( 775, 776)   coste      16       16
( 517, 777)   coste      39       39
( 517, 778)   coste      41       41
( 442, 778)   coste      36       36
( 529, 779)   coste      40       40
( 752, 780)   coste      47       47
( 780, 781)   coste      45       45
( 399, 400)   coste      16       16
( 399, 782)   coste      38       38
( 325, 783)   coste      41       41
( 783, 784)   coste      42       42
(  12, 750)   coste      38       38
( 431, 750)   coste      27       27
( 150, 386)   coste      21       21
( 400, 785)   coste      19       19
( 400, 401)   coste      43       43
( 786, 787)   coste       9        9
( 553, 788)   coste      11       11
( 428, 574)   coste       6        6
( 697, 789)   coste      14       14
( 608, 790)   coste      11       11
( 202, 608)   coste       7        7
( 785, 791)   coste      14       14
( 409, 792)   coste      27       27
( 761, 762)   coste      36       36
( 793, 794)   coste      16       16
( 476, 672)   coste      18       18
( 382, 383)   coste      29       29
( 261, 471)   coste      40       40
( 338, 469)   coste      10       10
(  44, 476)   coste      13       13
( 795, 796)   coste      34       34
( 797, 798)   coste      23       23
( 464, 799)   coste      38       38
( 461, 754)   coste      19       19
( 461, 800)   coste      11       11
( 326, 801)   coste      21       21
(  44, 579)   coste      38       38
( 802, 803)   coste      24       24
( 802, 804)   coste      39       39
( 136, 805)   coste      42       42
( 505, 506)   coste      15       15
( 512, 806)   coste      54       54
( 512, 807)   coste      38       38
( 512, 705)   coste      35       35
( 541, 542)   coste      38       38
( 808, 809)   coste      29       29
( 808, 810)   coste      37       37
( 746, 808)   coste      23       23
( 519, 520)   coste      18       18
( 388, 811)   coste       9        9
( 811, 812)   coste      29       29
( 811, 813)   coste      32       32
( 347, 609)   coste       9        9
( 176, 814)   coste      18       18
( 815, 816)   coste      17       17
( 435, 817)   coste      11       11
( 630, 818)   coste      25       25
( 819, 820)   coste       9        9
( 819, 821)   coste       4        4
( 269, 741)   coste      17       17
( 809, 822)   coste      34       34
( 662, 823)   coste      13       13
( 662, 738)   coste       2        2
( 192, 520)   coste      38       38
( 824, 825)   coste      34       34
( 224, 735)   coste      15       15
( 735, 826)   coste      16       16
( 118, 119)   coste      20       20
( 806, 807)   coste      24       24
( 721, 774)   coste      18       18
( 827, 828)   coste      18       18
( 325, 829)   coste      28       28
( 784, 829)   coste      15       15
( 282, 767)   coste      41       41
( 684, 830)   coste      41       41
( 831, 832)   coste      42       42
( 413, 538)   coste      28       28
( 717, 833)   coste      27       27
( 553, 834)   coste      27       27
( 834, 835)   coste      27       27
( 643, 836)   coste      27       27
( 269, 837)   coste      34       34
( 190, 299)   coste      45       45
( 757, 838)   coste      13       13
( 757, 839)   coste      27       27
( 840, 841)   coste      36       36
( 613, 840)   coste      35       35
( 105, 842)   coste      37       37
( 105, 331)   coste      34       34
( 613, 841)   coste      18       18
( 571, 572)   coste      24       24
( 342, 527)   coste      19       19
( 529, 843)   coste      13       13
( 315, 316)   coste      13       13
( 315, 844)   coste      31       31
( 315, 317)   coste      32       32
( 190, 845)   coste      42       42
( 825, 846)   coste       8        8
( 805, 847)   coste      15       15
( 122, 673)   coste      36       36
( 553, 554)   coste      17       17
( 337, 338)   coste      11       11
(  34, 119)   coste      26       26
( 526, 813)   coste      22       22
( 526, 848)   coste      20       20
( 746, 810)   coste      28       28
( 494, 810)   coste      33       33
( 828, 849)   coste      20       20
( 199, 849)   coste      34       34
( 826, 850)   coste       9        9
( 851, 852)   coste      27       27
( 618, 851)   coste      30       30
( 851, 853)   coste      23       23
( 820, 854)   coste      29       29
( 379, 855)   coste      28       28
( 856, 857)   coste       6        6
( 816, 856)   coste      23       23
( 686, 856)   coste      16       16
( 495, 622)   coste      24       24
( 366, 367)   coste       8        8
( 366, 739)   coste      22       22
( 515, 650)   coste      17       17
( 858, 859)   coste      22       22
( 331, 842)   coste      25       25
( 794, 860)   coste      44       44
( 861, 862)   coste      41       41
( 223, 224)   coste       3        3
( 223, 863)   coste      13       13
( 422, 801)   coste      27       27
( 352, 584)   coste      27       27
( 378, 379)   coste      16       16
( 308, 796)   coste      32       32
( 137, 451)   coste      35       35
(  79, 656)   coste      30       30
( 803, 804)   coste      16       16
( 864, 865)   coste      29       29
( 866, 867)   coste      36       36
( 109, 868)   coste      41       41
( 122, 420)   coste      48       48
( 171, 832)   coste      27       27
( 220, 317)   coste      32       32
( 798, 869)   coste      21       21
( 227, 870)   coste      11       11
( 448, 871)   coste      30       30
( 712, 872)   coste      19       19
( 637, 854)   coste      24       24
( 854, 873)   coste      53       53
( 760, 874)   coste       1        1
( 705, 875)   coste      24       24
( 764, 876)   coste      28       28
( 877, 878)   coste      22       22
( 184, 879)   coste      20       20
( 699, 880)   coste      22       22
( 677, 699)   coste      33       33
( 491, 558)   coste      41       41
( 637, 873)   coste      32       32
( 723, 724)   coste      35       35
( 163, 196)   coste      16       16
( 163, 869)   coste      22       22
( 289, 881)   coste      24       24
( 338, 339)   coste      29       29
( 712, 882)   coste      19       19
( 134, 830)   coste      37       37
( 339, 666)   coste      25       25
( 883, 884)   coste      19       19
( 733, 857)   coste      17       17
( 499, 500)   coste       8        8
( 238, 724)   coste      12       12
( 405, 629)   coste      40       40
(   2,   3)   coste      14       14
( 717, 885)   coste      21       21
( 173, 183)   coste      25       25
( 183, 184)   coste      22       22
( 184, 846)   coste      29       29
( 106, 886)   coste      40       40
( 492, 887)   coste      33       33
( 156, 888)   coste       8        8
( 813, 848)   coste      38       38
( 618, 853)   coste       8        8
( 581, 823)   coste      30       30
( 889, 890)   coste      13       13
( 862, 891)   coste      20       20
( 748, 822)   coste      43       43
( 613, 884)   coste      34       34
( 227, 695)   coste       8        8
( 173, 184)   coste      16       16
( 709, 715)   coste      23       23
( 184, 193)   coste      23       23
( 754, 892)   coste      14       14
( 826, 863)   coste       3        3
( 546, 791)   coste      25       25
LISTA_ARISTAS_NOREQ :
(   1, 717)   coste      26       26
(   3, 132)   coste      29       29
(   3, 830)   coste      37       37
(   4,  17)   coste      19       19
(   6,   7)   coste      43       43
(   8, 764)   coste      42       42
(   9, 349)   coste      53       53
(  10,  12)   coste      30       30
(  10, 749)   coste      31       31
(  11, 217)   coste      27       27
(  11, 354)   coste      29       29
(  12,  91)   coste      32       32
(  13, 866)   coste      18       18
(  13, 867)   coste      50       50
(  14,  15)   coste      32       32
(  14, 866)   coste      40       40
(  15,  22)   coste      65       65
(  15,  23)   coste      59       59
(  15,  24)   coste      82       82
(  16, 877)   coste      70       70
(  17, 577)   coste      19       19
(  19,  20)   coste       9        9
(  21, 525)   coste      92       92
(  23,  24)   coste      26       26
(  25, 309)   coste      31       31
(  25, 310)   coste      39       39
(  26, 310)   coste      29       29
(  27, 548)   coste      29       29
(  27, 549)   coste      24       24
(  27, 591)   coste      28       28
(  29, 313)   coste      34       34
(  30, 313)   coste      25       25
(  30, 781)   coste      19       19
(  31,  32)   coste      53       53
(  31, 180)   coste      29       29
(  32, 312)   coste      25       25
(  32, 522)   coste      23       23
(  32, 524)   coste      19       19
(  33, 119)   coste      17       17
(  33, 657)   coste      17       17
(  34, 657)   coste      13       13
(  35, 525)   coste      90       90
(  36, 252)   coste      33       33
(  37, 651)   coste      26       26
(  38,  39)   coste      26       26
(  38,  77)   coste      23       23
(  39, 167)   coste      35       35
(  40, 164)   coste       9        9
(  40, 237)   coste      22       22
(  40, 411)   coste      54       54
(  40, 412)   coste      61       61
(  41, 411)   coste      42       42
(  41, 412)   coste      49       49
(  41, 702)   coste      21       21
(  42, 597)   coste      75       75
(  42, 621)   coste      18       18
(  43,  44)   coste      30       30
(  43, 476)   coste      31       31
(  43, 621)   coste      35       35
(  44, 477)   coste      22       22
(  46,  49)   coste      31       31
(  46,  53)   coste       7        7
(  47, 179)   coste      19       19
(  48, 779)   coste     105      105
(  50, 850)   coste      28       28
(  54, 377)   coste      35       35
(  54, 626)   coste      50       50
(  54, 627)   coste      47       47
(  55,  56)   coste      24       24
(  56, 377)   coste      30       30
(  58,  59)   coste      39       39
(  58, 444)   coste      45       45
(  59, 443)   coste      27       27
(  59, 444)   coste      14       14
(  61, 602)   coste      82       82
(  61, 603)   coste      63       63
(  63, 657)   coste      54       54
(  64, 103)   coste      33       33
(  64, 104)   coste      30       30
(  64, 218)   coste      39       39
(  65, 657)   coste      40       40
(  66, 110)   coste      23       23
(  66, 197)   coste      28       28
(  68, 166)   coste      23       23
(  69, 343)   coste       9        9
(  71,  85)   coste      34       34
(  71, 157)   coste      24       24
(  72, 813)   coste      46       46
(  73, 128)   coste      21       21
(  73, 852)   coste      22       22
(  74, 206)   coste      32       32
(  74, 610)   coste      39       39
(  76, 174)   coste      28       28
(  76, 176)   coste      20       20
(  76, 814)   coste      12       12
(  77, 175)   coste      29       29
(  78, 606)   coste       5        5
(  78, 688)   coste      32       32
(  78, 689)   coste      41       41
(  81,  82)   coste       3        3
(  81, 786)   coste      19       19
(  81, 885)   coste      34       34
(  83, 761)   coste      37       37
(  84, 432)   coste      20       20
(  85, 432)   coste      28       28
(  87, 203)   coste      23       23
(  88,  89)   coste      12       12
(  88, 384)   coste      12       12
(  90, 406)   coste      35       35
(  90, 431)   coste      38       38
(  93, 700)   coste      23       23
(  94, 215)   coste      43       43
(  94, 277)   coste      25       25
(  94, 278)   coste      28       28
(  96, 742)   coste      18       18
(  97,  99)   coste       9        9
(  97, 742)   coste      14       14
(  98, 238)   coste      26       26
(  99, 236)   coste      18       18
( 100, 682)   coste      33       33
( 100, 687)   coste      34       34
( 101, 682)   coste      36       36
( 103, 104)   coste      19       19
( 103, 842)   coste      38       38
( 105, 432)   coste      23       23
( 107, 700)   coste      35       35
( 108, 700)   coste      17       17
( 109, 701)   coste      25       25
( 110, 197)   coste      38       38
( 111, 699)   coste      49       49
( 111, 789)   coste      27       27
( 112, 360)   coste      20       20
( 112, 693)   coste      43       43
( 113, 789)   coste      24       24
( 114, 454)   coste      64       64
( 114, 736)   coste      23       23
( 114, 891)   coste      31       31
( 115, 454)   coste      61       61
( 115, 861)   coste      27       27
( 116, 265)   coste      31       31
( 116, 713)   coste      11       11
( 117, 118)   coste      34       34
( 117, 181)   coste      29       29
( 119, 713)   coste      19       19
( 120, 483)   coste      33       33
( 123, 381)   coste      33       33
( 123, 836)   coste      30       30
( 124, 836)   coste      30       30
( 125, 298)   coste      62       62
( 125, 639)   coste      42       42
( 125, 793)   coste      61       61
( 126, 640)   coste      12       12
( 127, 298)   coste      59       59
( 127, 640)   coste      25       25
( 127, 793)   coste      58       58
( 128, 852)   coste       7        7
( 128, 853)   coste      21       21
( 129, 889)   coste      19       19
( 130, 362)   coste      12       12
( 131, 439)   coste      19       19
( 131, 889)   coste      23       23
( 133, 433)   coste      33       33
( 133, 434)   coste      40       40
( 134, 817)   coste      28       28
( 135, 240)   coste      71       71
( 135, 241)   coste      79       79
( 135, 450)   coste      70       70
( 135, 562)   coste      49       49
( 136, 847)   coste      42       42
( 138, 220)   coste      19       19
( 140, 319)   coste      50       50
( 140, 690)   coste      40       40
( 141, 168)   coste      28       28
( 142, 466)   coste     101      101
( 143, 347)   coste      24       24
( 143, 465)   coste      57       57
( 143, 467)   coste      27       27
( 145, 147)   coste      13       13
( 147, 598)   coste      26       26
( 148, 887)   coste      15       15
( 149, 455)   coste      37       37
( 149, 887)   coste      27       27
( 150, 385)   coste      30       30
( 150, 456)   coste      32       32
( 151, 522)   coste      25       25
( 151, 523)   coste       6        6
( 152, 205)   coste     115      115
( 152, 440)   coste      68       68
( 152, 551)   coste      86       86
( 152, 573)   coste      30       30
( 152, 890)   coste     107      107
( 154, 213)   coste      48       48
( 154, 415)   coste      65       65
( 155, 641)   coste      44       44
( 159, 257)   coste      22       22
( 159, 528)   coste      35       35
( 160, 279)   coste      34       34
( 161, 204)   coste       7        7
( 161, 890)   coste      21       21
( 162, 163)   coste      10       10
( 162, 196)   coste       8        8
( 163, 204)   coste      17       17
( 163, 798)   coste      20       20
( 164, 237)   coste      23       23
( 165, 166)   coste       6        6
( 165, 343)   coste      17       17
( 166, 326)   coste      30       30
( 167, 168)   coste      36       36
( 169, 831)   coste      22       22
( 170, 228)   coste      13       13
( 171, 680)   coste      17       17
( 172, 879)   coste      18       18
( 173, 879)   coste       5        5
( 176, 860)   coste      26       26
( 177, 288)   coste      32       32
( 177, 289)   coste      38       38
( 177, 470)   coste      13       13
( 177, 792)   coste      63       63
( 178, 288)   coste      20       20
( 178, 289)   coste      26       26
( 178, 470)   coste      15       15
( 178, 471)   coste      26       26
( 180, 734)   coste      21       21
( 181, 734)   coste       8        8
( 182, 648)   coste      26       26
( 184, 825)   coste      25       25
( 185, 599)   coste      12       12
( 185, 600)   coste      12       12
( 187, 630)   coste      48       48
( 187, 818)   coste      68       68
( 189, 299)   coste       3        3
( 189, 845)   coste       4        4
( 192, 518)   coste      39       39
( 193, 825)   coste      28       28
( 195, 205)   coste      13       13
( 196, 205)   coste      13       13
( 198, 827)   coste      78       78
( 200, 201)   coste      11       11
( 201, 202)   coste       5        5
( 201, 608)   coste      11       11
( 203, 402)   coste      22       22
( 204, 890)   coste      27       27
( 205, 440)   coste      92       92
( 205, 551)   coste     107      107
( 206, 362)   coste      28       28
( 208, 327)   coste      22       22
( 208, 328)   coste       9        9
( 208, 881)   coste      68       68
( 209, 881)   coste      75       75
( 211, 327)   coste      32       32
( 211, 881)   coste      62       62
( 212, 858)   coste      51       51
( 212, 888)   coste      15       15
( 213, 415)   coste      62       62
( 213, 888)   coste      17       17
( 214, 858)   coste       9        9
( 215, 567)   coste      46       46
( 216, 217)   coste      11       11
( 216, 309)   coste      35       35
( 218, 720)   coste      53       53
( 218, 744)   coste      53       53
( 219, 446)   coste      59       59
( 222, 224)   coste       3        3
( 222, 665)   coste      32       32
( 223, 826)   coste      12       12
( 225, 870)   coste      21       21
( 226, 281)   coste      31       31
( 226, 870)   coste      21       21
( 227, 694)   coste       9        9
( 228, 507)   coste      17       17
( 229, 679)   coste      15       15
( 230, 424)   coste      23       23
( 230, 458)   coste      36       36
( 231, 232)   coste       2        2
( 232, 443)   coste      56       56
( 232, 444)   coste      65       65
( 233, 712)   coste      48       48
( 235, 451)   coste      32       32
( 235, 755)   coste      30       30
( 235, 872)   coste      24       24
( 239, 388)   coste      21       21
( 239, 811)   coste      27       27
( 240, 450)   coste      53       53
( 241, 242)   coste      11       11
( 241, 450)   coste      61       61
( 241, 605)   coste      12       12
( 243, 368)   coste      42       42
( 243, 841)   coste      61       61
( 245, 430)   coste      47       47
( 245, 549)   coste      38       38
( 245, 799)   coste      45       45
( 246, 549)   coste      21       21
( 246, 796)   coste      23       23
( 247, 664)   coste      80       80
( 248, 249)   coste      35       35
( 249, 664)   coste      64       64
( 250, 256)   coste      40       40
( 251, 332)   coste      27       27
( 251, 333)   coste      29       29
( 252, 736)   coste      16       16
( 253, 256)   coste      44       44
( 254, 589)   coste      36       36
( 254, 590)   coste      15       15
( 255, 256)   coste      24       24
( 257, 615)   coste      55       55
( 259, 260)   coste      32       32
( 259, 261)   coste       2        2
( 260, 261)   coste      31       31
( 261, 470)   coste      36       36
( 262, 834)   coste      54       54
( 262, 881)   coste      79       79
( 263, 712)   coste      36       36
( 263, 882)   coste      23       23
( 264, 755)   coste      27       27
( 264, 882)   coste      12       12
( 265, 713)   coste      22       22
( 266, 740)   coste      11       11
( 267, 688)   coste      27       27
( 267, 689)   coste      17       17
( 269, 740)   coste      16       16
( 270, 396)   coste      38       38
( 270, 655)   coste      32       32
( 271, 586)   coste      37       37
( 271, 728)   coste      18       18
( 272, 356)   coste      17       17
( 272, 693)   coste      54       54
( 273, 274)   coste      12       12
( 273, 276)   coste      20       20
( 274, 276)   coste      21       21
( 274, 693)   coste      46       46
( 275, 360)   coste      23       23
( 275, 676)   coste      58       58
( 276, 356)   coste      21       21
( 278, 876)   coste      22       22
( 280, 767)   coste      38       38
( 281, 870)   coste      27       27
( 283, 307)   coste      79       79
( 283, 660)   coste      18       18
( 283, 795)   coste     101      101
( 284, 883)   coste      18       18
( 285, 576)   coste      14       14
( 286, 321)   coste      14       14
( 286, 747)   coste      18       18
( 287, 576)   coste      13       13
( 288, 864)   coste      25       25
( 288, 881)   coste      26       26
( 289, 864)   coste      15       15
( 290, 527)   coste      40       40
( 290, 868)   coste      20       20
( 291, 527)   coste      33       33
( 292, 868)   coste      47       47
( 293, 570)   coste      27       27
( 294, 295)   coste      55       55
( 294, 595)   coste      24       24
( 295, 570)   coste      35       35
( 296, 367)   coste      48       48
( 296, 540)   coste      78       78
( 296, 541)   coste      78       78
( 296, 661)   coste      70       70
( 297, 367)   coste      66       66
( 297, 602)   coste      12       12
( 298, 793)   coste      58       58
( 298, 845)   coste      30       30
( 299, 845)   coste       4        4
( 300, 516)   coste      46       46
( 301, 516)   coste      52       52
( 302, 303)   coste      33       33
( 302, 839)   coste      45       45
( 303, 535)   coste      22       22
( 303, 669)   coste      23       23
( 304, 578)   coste      14       14
( 305, 307)   coste       9        9
( 306, 308)   coste      22       22
( 306, 577)   coste      25       25
( 306, 578)   coste       9        9
( 307, 660)   coste      77       77
( 307, 795)   coste      56       56
( 308, 681)   coste      30       30
( 308, 795)   coste      48       48
( 309, 342)   coste      26       26
( 310, 342)   coste      27       27
( 311, 342)   coste      26       26
( 312, 759)   coste      53       53
( 313, 781)   coste      42       42
( 316, 486)   coste      33       33
( 318, 364)   coste      14       14
( 318, 511)   coste      62       62
( 318, 513)   coste      61       61
( 319, 690)   coste      31       31
( 320, 364)   coste      34       34
( 321, 747)   coste      11       11
( 324, 887)   coste      33       33
( 325, 385)   coste      19       19
( 325, 784)   coste      36       36
( 326, 422)   coste      41       41
( 328, 881)   coste      68       68
( 329, 802)   coste      61       61
( 334, 710)   coste      29       29
( 334, 711)   coste      44       44
( 334, 777)   coste      35       35
( 335, 473)   coste      33       33
( 336, 469)   coste      13       13
( 337, 469)   coste       2        2
( 339, 607)   coste      35       35
( 340, 414)   coste       9        9
( 340, 538)   coste      24       24
( 343, 421)   coste      16       16
( 346, 561)   coste      49       49
( 348, 681)   coste       5        5
( 349, 727)   coste      43       43
( 351, 353)   coste      13       13
( 352, 596)   coste      19       19
( 353, 442)   coste      27       27
( 354, 397)   coste       3        3
( 355, 588)   coste      27       27
( 356, 744)   coste      62       62
( 356, 774)   coste      63       63
( 358, 855)   coste      35       35
( 361, 676)   coste      52       52
( 363, 507)   coste      40       40
( 365, 737)   coste      35       35
( 365, 739)   coste      14       14
( 366, 603)   coste      68       68
( 367, 603)   coste      64       64
( 367, 739)   coste      27       27
( 369, 555)   coste      13       13
( 369, 556)   coste      17       17
( 369, 691)   coste      13       13
( 370, 371)   coste      52       52
( 370, 691)   coste       2        2
( 371, 867)   coste      57       57
( 372, 498)   coste      17       17
( 372, 772)   coste      24       24
( 373, 508)   coste      26       26
( 373, 509)   coste      20       20
( 373, 732)   coste      20       20
( 374, 498)   coste      10       10
( 374, 509)   coste      16       16
( 375, 376)   coste       8        8
( 376, 772)   coste      17       17
( 379, 702)   coste      25       25
( 382, 653)   coste       2        2
( 387, 457)   coste      18       18
( 387, 812)   coste      22       22
( 389, 547)   coste      36       36
( 390, 408)   coste      25       25
( 392, 649)   coste      35       35
( 395, 729)   coste      45       45
( 397, 588)   coste      32       32
( 399, 401)   coste      42       42
( 399, 785)   coste      30       30
( 402, 557)   coste       8        8
( 403, 557)   coste      20       20
( 403, 644)   coste      38       38
( 403, 646)   coste      40       40
( 404, 628)   coste      25       25
( 404, 629)   coste      30       30
( 406, 429)   coste      37       37
( 406, 431)   coste      11       11
( 407, 514)   coste      26       26
( 407, 792)   coste      20       20
( 408, 514)   coste      26       26
( 408, 792)   coste      37       37
( 410, 632)   coste       7        7
( 411, 412)   coste      24       24
( 416, 859)   coste      47       47
( 418, 419)   coste      40       40
( 419, 517)   coste      24       24
( 421, 801)   coste      36       36
( 424, 758)   coste      17       17
( 425, 758)   coste      31       31
( 425, 844)   coste      36       36
( 426, 485)   coste      26       26
( 427, 654)   coste      31       31
( 430, 743)   coste      42       42
( 433, 817)   coste       8        8
( 434, 435)   coste      28       28
( 434, 489)   coste      76       76
( 434, 490)   coste      76       76
( 436, 707)   coste      54       54
( 437, 707)   coste      27       27
( 437, 797)   coste      45       45
( 438, 644)   coste      43       43
( 438, 831)   coste      52       52
( 440, 551)   coste      19       19
( 440, 890)   coste      84       84
( 441, 776)   coste      17       17
( 445, 871)   coste      15       15
( 446, 447)   coste      35       35
( 446, 448)   coste      36       36
( 446, 706)   coste      69       69
( 446, 871)   coste       7        7
( 449, 562)   coste      39       39
( 452, 550)   coste       3        3
( 453, 531)   coste       8        8
( 454, 589)   coste      28       28
( 456, 645)   coste      45       45
( 459, 800)   coste      20       20
( 460, 800)   coste      20       20
( 463, 749)   coste      19       19
( 464, 544)   coste      40       40
( 466, 467)   coste      34       34
( 468, 775)   coste      15       15
( 470, 792)   coste      73       73
( 471, 865)   coste      26       26
( 472, 710)   coste      19       19
( 474, 672)   coste      15       15
( 477, 478)   coste      17       17
( 477, 579)   coste      36       36
( 477, 672)   coste      17       17
( 478, 579)   coste      20       20
( 479, 564)   coste      18       18
( 479, 584)   coste       8        8
( 479, 585)   coste      39       39
( 480, 584)   coste      39       39
( 480, 837)   coste      31       31
( 481, 564)   coste      40       40
( 481, 565)   coste      47       47
( 481, 584)   coste      52       52
( 482, 565)   coste      41       41
( 482, 801)   coste      37       37
( 483, 673)   coste      46       46
( 485, 769)   coste      22       22
( 486, 487)   coste      25       25
( 488, 558)   coste      17       17
( 489, 490)   coste      11       11
( 491, 494)   coste      78       78
( 491, 830)   coste      80       80
( 493, 766)   coste       6        6
( 494, 496)   coste      12       12
( 494, 830)   coste      78       78
( 495, 766)   coste      20       20
( 496, 766)   coste      19       19
( 499, 510)   coste      16       16
( 500, 509)   coste      17       17
( 500, 510)   coste      19       19
( 501, 594)   coste       4        4
( 501, 763)   coste      22       22
( 502, 763)   coste      26       26
( 503, 575)   coste      57       57
( 503, 576)   coste      46       46
( 504, 506)   coste      24       24
( 505, 575)   coste      53       53
( 505, 576)   coste      42       42
( 506, 536)   coste      38       38
( 514, 650)   coste      20       20
( 515, 649)   coste      44       44
( 518, 685)   coste      23       23
( 519, 685)   coste      37       37
( 521, 526)   coste      78       78
( 523, 524)   coste      28       28
( 525, 812)   coste      17       17
( 525, 848)   coste      11       11
( 526, 675)   coste      86       86
( 528, 843)   coste      27       27
( 530, 670)   coste      19       19
( 531, 670)   coste      16       16
( 532, 770)   coste      38       38
( 532, 771)   coste      35       35
( 533, 771)   coste      45       45
( 534, 614)   coste      15       15
( 534, 615)   coste      39       39
( 535, 614)   coste      23       23
( 535, 669)   coste      33       33
( 537, 776)   coste      54       54
( 538, 776)   coste      79       79
( 540, 541)   coste      33       33
( 540, 661)   coste      74       74
( 541, 661)   coste      74       74
( 543, 687)   coste      29       29
( 543, 791)   coste      33       33
( 544, 545)   coste      18       18
( 544, 546)   coste      25       25
( 545, 546)   coste      21       21
( 548, 591)   coste      31       31
( 551, 890)   coste      99       99
( 552, 636)   coste      27       27
( 552, 638)   coste      14       14
( 552, 788)   coste      10       10
( 553, 638)   coste      16       16
( 553, 835)   coste      10       10
( 554, 835)   coste       9        9
( 555, 773)   coste      32       32
( 556, 691)   coste      19       19
( 559, 756)   coste      42       42
( 560, 756)   coste      37       37
( 564, 584)   coste      14       14
( 569, 572)   coste      38       38
( 573, 654)   coste      30       30
( 574, 654)   coste      29       29
( 575, 723)   coste      25       25
( 579, 597)   coste      64       64
( 580, 765)   coste      31       31
( 580, 823)   coste      33       33
( 582, 642)   coste      30       30
( 582, 714)   coste      16       16
( 582, 715)   coste       7        7
( 583, 641)   coste      44       44
( 583, 714)   coste      26       26
( 584, 596)   coste      37       37
( 585, 837)   coste      33       33
( 586, 587)   coste      48       48
( 587, 634)   coste      23       23
( 587, 729)   coste      56       56
( 592, 593)   coste      21       21
( 593, 703)   coste      20       20
( 594, 763)   coste      20       20
( 598, 784)   coste      21       21
( 599, 619)   coste      36       36
( 601, 620)   coste      24       24
( 604, 715)   coste      34       34
( 610, 802)   coste      21       21
( 610, 803)   coste      17       17
( 610, 804)   coste      31       31
( 612, 692)   coste      14       14
( 614, 669)   coste      28       28
( 616, 646)   coste      44       44
( 617, 618)   coste      22       22
( 617, 640)   coste      20       20
( 617, 646)   coste      39       39
( 622, 766)   coste      22       22
( 627, 628)   coste      53       53
( 627, 629)   coste      37       37
( 632, 635)   coste      30       30
( 633, 634)   coste      25       25
( 633, 635)   coste      17       17
( 634, 729)   coste      77       77
( 636, 865)   coste      19       19
( 638, 788)   coste       8        8
( 639, 645)   coste      36       36
( 643, 758)   coste      20       20
( 647, 716)   coste      30       30
( 647, 824)   coste      34       34
( 647, 846)   coste      32       32
( 648, 846)   coste      17       17
( 652, 748)   coste      20       20
( 652, 822)   coste      30       30
( 658, 725)   coste      26       26
( 658, 726)   coste      31       31
( 660, 795)   coste      99       99
( 663, 697)   coste       6        6
( 663, 698)   coste      22       22
( 663, 789)   coste      13       13
( 664, 789)   coste      35       35
( 667, 844)   coste      53       53
( 668, 671)   coste      22       22
( 668, 844)   coste      67       67
( 669, 779)   coste      67       67
( 674, 725)   coste      40       40
( 674, 727)   coste       4        4
( 675, 765)   coste      35       35
( 676, 699)   coste      26       26
( 676, 880)   coste      11       11
( 677, 880)   coste      17       17
( 678, 834)   coste       9        9
( 678, 864)   coste      19       19
( 680, 832)   coste      23       23
( 682, 687)   coste      15       15
( 682, 785)   coste      24       24
( 683, 822)   coste      34       34
( 684, 833)   coste      16       16
( 686, 815)   coste      15       15
( 686, 857)   coste      11       11
( 687, 785)   coste      31       31
( 694, 870)   coste      19       19
( 697, 698)   coste      24       24
( 701, 868)   coste      27       27
( 702, 855)   coste      24       24
( 703, 827)   coste      25       25
( 703, 828)   coste      14       14
( 705, 722)   coste      55       55
( 708, 714)   coste       5        5
( 709, 881)   coste     108      108
( 716, 885)   coste       9        9
( 718, 782)   coste      18       18
( 719, 744)   coste      30       30
( 721, 744)   coste      19       19
( 722, 806)   coste      25       25
( 722, 807)   coste      25       25
( 722, 875)   coste      62       62
( 731, 764)   coste      24       24
( 731, 876)   coste      21       21
( 732, 816)   coste      21       21
( 732, 856)   coste       9        9
( 733, 856)   coste      15       15
( 736, 891)   coste      37       37
( 737, 823)   coste      27       27
( 738, 823)   coste      12       12
( 740, 741)   coste      25       25
( 743, 799)   coste      33       33
( 745, 808)   coste      40       40
( 745, 809)   coste      31       31
( 751, 752)   coste      33       33
( 751, 780)   coste      46       46
( 752, 797)   coste      44       44
( 753, 892)   coste      18       18
( 755, 872)   coste      19       19
( 755, 882)   coste      18       18
( 756, 838)   coste       9        9
( 759, 874)   coste       8        8
( 768, 818)   coste      14       14
( 770, 820)   coste      92       92
( 770, 821)   coste      90       90
( 771, 820)   coste      91       91
( 771, 821)   coste      89       89
( 773, 861)   coste      23       23
( 777, 778)   coste      19       19
( 779, 843)   coste      28       28
( 782, 840)   coste      31       31
( 783, 829)   coste      28       28
( 797, 869)   coste      22       22
( 800, 886)   coste      31       31
( 805, 878)   coste       3        3
( 812, 848)   coste      16       16
( 814, 860)   coste      29       29
( 815, 856)   coste      11       11
( 815, 857)   coste      14       14
( 819, 854)   coste      28       28
( 820, 821)   coste       7        7
( 820, 873)   coste      57       57
( 824, 846)   coste      34       34
( 841, 884)   coste      18       18
( 847, 877)   coste      38       38
( 847, 878)   coste      17       17
( 850, 863)   coste       7        7
( 852, 853)   coste      17       17
( 875, 886)   coste      32       32
