NOMBRE : UR145
COMENTARIO :  71  componentes 
VERTICES :  929
ARISTAS_REQ : 1086
ARISTAS_NOREQ : 1031
LISTA_ARISTAS_REQ :
(   1,   2)   coste       9        9
(   1,   3)   coste       4        4
(   4,   5)   coste      21       21
(   4,   6)   coste      36       36
(   7,   8)   coste      23       23
(   7,   9)   coste      13       13
(   7,  10)   coste      27       27
(  11,  12)   coste      30       30
(  11,  13)   coste      26       26
(  11,  14)   coste      19       19
(  11,  15)   coste      23       23
(  16,  17)   coste      37       37
(  16,  18)   coste      46       46
(  16,  19)   coste      38       38
(  16,  20)   coste      24       24
(  16,  21)   coste      41       41
(  22,  23)   coste      22       22
(  22,  24)   coste      32       32
(  22,  25)   coste      39       39
(  22,  26)   coste      14       14
(  22,  27)   coste      38       38
(  28,  29)   coste      32       32
(  28,  30)   coste      35       35
(  31,  32)   coste      10       10
(  31,  33)   coste      14       14
(  34,  35)   coste      26       26
(  34,  36)   coste      27       27
(  34,  37)   coste      30       30
(  38,  39)   coste      38       38
(  38,  40)   coste      34       34
(  38,  41)   coste      42       42
(  35,  36)   coste       4        4
(  35,  37)   coste       7        7
(  42,  43)   coste      34       34
(  42,  44)   coste      47       47
(  42,  45)   coste      14       14
(  42,  46)   coste      24       24
(  47,  48)   coste      29       29
(  47,  49)   coste      20       20
(  47,  50)   coste      30       30
(  47,  51)   coste      40       40
(  52,  53)   coste      38       38
(  52,  54)   coste      41       41
(  55,  56)   coste      14       14
(  57,  58)   coste      29       29
(  57,  59)   coste      41       41
(  57,  60)   coste      32       32
(  61,  62)   coste      21       21
(  63,  64)   coste      33       33
(  63,  65)   coste       7        7
(  63,  66)   coste      28       28
(  63,  67)   coste      11       11
(  68,  69)   coste      39       39
(  68,  70)   coste      34       34
(  68,  71)   coste      34       34
(  68,  72)   coste      24       24
(  73,  74)   coste      10       10
(  73,  75)   coste      24       24
(  73,  76)   coste      35       35
(  77,  78)   coste      37       37
(  12,  77)   coste      64       64
(  79,  80)   coste      35       35
(  81,  82)   coste      26       26
(  81,  83)   coste      27       27
(  81,  84)   coste      37       37
(  85,  86)   coste      54       54
(  85,  87)   coste      35       35
(  88,  89)   coste      27       27
(  88,  90)   coste      38       38
(  88,  91)   coste      33       33
(  88,  92)   coste      36       36
(  93,  94)   coste      27       27
(  93,  95)   coste      33       33
(  96,  97)   coste      26       26
(  96,  98)   coste       1        1
(  99, 100)   coste      35       35
(  99, 101)   coste      10       10
(  99, 102)   coste      22       22
( 103, 104)   coste      31       31
( 103, 105)   coste      16       16
( 106, 107)   coste      25       25
( 106, 108)   coste      36       36
( 106, 109)   coste      13       13
( 110, 111)   coste      15       15
( 110, 112)   coste      43       43
( 110, 113)   coste      21       21
(  23, 114)   coste      38       38
(  23,  26)   coste      34       34
( 115, 116)   coste      35       35
( 117, 118)   coste      26       26
( 119, 120)   coste      40       40
( 121, 122)   coste      44       44
( 121, 123)   coste      24       24
( 121, 124)   coste      35       35
(  41, 121)   coste      55       55
( 125, 126)   coste      16       16
( 125, 127)   coste      33       33
( 125, 128)   coste      28       28
( 125, 129)   coste      49       49
( 130, 131)   coste      10       10
( 132, 133)   coste      38       38
( 132, 134)   coste      35       35
( 132, 135)   coste      13       13
( 136, 137)   coste      31       31
( 136, 138)   coste      35       35
( 139, 140)   coste      26       26
( 139, 141)   coste      13       13
( 139, 142)   coste      18       18
( 143, 144)   coste       7        7
( 145, 146)   coste      52       52
( 147, 148)   coste      33       33
( 147, 149)   coste      29       29
( 147, 150)   coste      40       40
( 147, 151)   coste      53       53
( 147, 152)   coste      44       44
( 153, 154)   coste      16       16
( 153, 155)   coste      29       29
( 153, 156)   coste      21       21
( 153, 157)   coste      25       25
( 153, 158)   coste      19       19
( 159, 160)   coste      23       23
(  90, 159)   coste      34       34
(  91, 159)   coste      38       38
( 161, 162)   coste      36       36
( 163, 164)   coste      48       48
( 163, 165)   coste      49       49
( 166, 167)   coste      38       38
( 166, 168)   coste      36       36
( 169, 170)   coste      39       39
(  30, 169)   coste       9        9
( 169, 171)   coste       9        9
( 172, 173)   coste      24       24
( 172, 174)   coste      23       23
( 175, 176)   coste      50       50
( 175, 177)   coste      39       39
( 178, 179)   coste      13       13
( 178, 180)   coste      19       19
( 181, 182)   coste      21       21
( 181, 183)   coste      26       26
( 184, 185)   coste       9        9
( 184, 186)   coste       7        7
( 184, 187)   coste      18       18
( 188, 189)   coste      32       32
( 190, 191)   coste      18       18
( 192, 193)   coste      17       17
( 192, 194)   coste      30       30
( 195, 196)   coste      12       12
( 195, 197)   coste      33       33
( 198, 199)   coste      14       14
( 198, 200)   coste      30       30
(  60, 201)   coste      14       14
( 201, 202)   coste      22       22
( 201, 203)   coste       5        5
( 200, 201)   coste      37       37
( 204, 205)   coste      11       11
( 206, 207)   coste      27       27
( 206, 208)   coste      25       25
( 206, 209)   coste      39       39
( 210, 211)   coste      14       14
( 212, 213)   coste       4        4
( 212, 214)   coste      14       14
( 215, 216)   coste      26       26
( 215, 217)   coste       3        3
( 218, 219)   coste      15       15
( 218, 220)   coste      19       19
( 221, 222)   coste      41       41
( 221, 223)   coste      42       42
( 221, 224)   coste      17       17
( 171, 225)   coste      17       17
(  64, 226)   coste      27       27
( 128, 226)   coste      28       28
( 226, 227)   coste      33       33
( 226, 228)   coste      32       32
(  10,  80)   coste      37       37
(  80, 229)   coste      24       24
( 230, 231)   coste      32       32
( 232, 233)   coste      26       26
( 131, 154)   coste      43       43
( 154, 234)   coste      21       21
( 154, 156)   coste      33       33
( 154, 158)   coste       5        5
( 235, 236)   coste      11       11
( 235, 237)   coste      11       11
(  62, 235)   coste      33       33
( 235, 238)   coste      36       36
( 239, 240)   coste      18       18
( 239, 241)   coste      53       53
( 239, 242)   coste      23       23
( 239, 243)   coste      17       17
(  37, 244)   coste      24       24
( 245, 246)   coste      28       28
( 247, 248)   coste      12       12
( 247, 249)   coste      28       28
( 250, 251)   coste      29       29
( 250, 252)   coste      13       13
( 222, 253)   coste      28       28
( 253, 254)   coste      38       38
( 236, 237)   coste       7        7
( 236, 255)   coste      44       44
( 131, 234)   coste      25       25
( 256, 257)   coste      51       51
( 256, 258)   coste      16       16
( 256, 259)   coste       4        4
( 205, 260)   coste       6        6
(  84, 260)   coste      48       48
( 260, 261)   coste      25       25
( 262, 263)   coste      14       14
( 262, 264)   coste      12       12
( 262, 265)   coste      12       12
( 266, 267)   coste      11       11
( 266, 268)   coste      35       35
( 266, 269)   coste      34       34
( 270, 271)   coste      36       36
( 270, 272)   coste       8        8
( 273, 274)   coste      15       15
( 273, 275)   coste      37       37
( 126, 127)   coste      33       33
( 126, 276)   coste      44       44
( 126, 277)   coste      48       48
( 102, 278)   coste      11       11
( 278, 279)   coste      36       36
( 246, 280)   coste      23       23
(   5, 246)   coste      25       25
( 281, 282)   coste      45       45
( 281, 283)   coste      35       35
( 284, 285)   coste      42       42
( 286, 287)   coste      25       25
( 286, 288)   coste      19       19
( 289, 290)   coste      13       13
( 291, 292)   coste      24       24
( 291, 293)   coste      37       37
( 294, 295)   coste      44       44
(  74, 296)   coste      32       32
( 282, 296)   coste      45       45
( 296, 297)   coste       4        4
( 298, 299)   coste      34       34
( 205, 261)   coste      28       28
(  17, 300)   coste      34       34
(  17,  20)   coste      26       26
(  43,  87)   coste      36       36
(  43, 301)   coste      51       51
(  43,  45)   coste      22       22
( 302, 303)   coste      16       16
(  18,  19)   coste      19       19
(  18, 304)   coste      38       38
(  18, 305)   coste      47       47
(  18, 135)   coste      48       48
( 306, 307)   coste      17       17
(  84, 306)   coste      36       36
( 308, 309)   coste      17       17
( 310, 311)   coste      42       42
( 310, 312)   coste      44       44
( 313, 314)   coste      30       30
( 313, 315)   coste      21       21
( 313, 316)   coste      41       41
( 317, 318)   coste      32       32
( 317, 319)   coste      16       16
( 320, 321)   coste      25       25
( 177, 322)   coste      36       36
( 322, 323)   coste      47       47
( 322, 324)   coste      19       19
( 322, 325)   coste      36       36
( 326, 327)   coste      24       24
( 328, 329)   coste      38       38
( 328, 330)   coste      41       41
( 328, 331)   coste      28       28
(  12,  78)   coste      46       46
(  78, 332)   coste      37       37
( 311, 333)   coste      23       23
( 312, 333)   coste      16       16
( 196, 334)   coste      31       31
( 335, 336)   coste       2        2
( 335, 337)   coste      34       34
( 335, 338)   coste      30       30
( 193, 339)   coste      10       10
( 271, 340)   coste      36       36
( 341, 342)   coste      35       35
( 341, 343)   coste      54       54
( 341, 344)   coste      15       15
(  56, 345)   coste      37       37
(  58,  60)   coste       4        4
( 346, 347)   coste      43       43
( 346, 348)   coste      20       20
( 346, 349)   coste      19       19
( 346, 350)   coste       8        8
( 346, 351)   coste      28       28
( 352, 353)   coste      17       17
( 352, 354)   coste      28       28
( 352, 355)   coste      14       14
( 356, 357)   coste      35       35
(  70, 137)   coste      31       31
(  72, 137)   coste      47       47
(  69, 179)   coste      34       34
(  69, 176)   coste      33       33
(  69,  72)   coste      26       26
( 358, 359)   coste      20       20
(  25, 358)   coste      40       40
( 358, 360)   coste      17       17
( 361, 362)   coste      36       36
( 361, 363)   coste      31       31
( 277, 361)   coste      23       23
( 361, 364)   coste      31       31
( 303, 365)   coste      33       33
(  59, 366)   coste      43       43
(  59, 367)   coste      44       44
(  59, 368)   coste      46       46
( 369, 370)   coste      18       18
( 369, 371)   coste      22       22
( 369, 372)   coste       8        8
( 373, 374)   coste      59       59
(  41, 373)   coste      63       63
( 375, 376)   coste      27       27
( 377, 378)   coste      23       23
( 379, 380)   coste       8        8
(  82, 379)   coste      23       23
( 379, 381)   coste      37       37
( 118, 382)   coste      29       29
( 118, 383)   coste      38       38
( 118, 384)   coste      26       26
( 385, 386)   coste      20       20
( 385, 387)   coste      18       18
( 388, 389)   coste      37       37
( 388, 390)   coste      24       24
(  14, 388)   coste      15       15
(  15, 388)   coste      11       11
( 107, 391)   coste      30       30
( 107, 109)   coste      18       18
( 392, 393)   coste       6        6
( 394, 395)   coste      55       55
( 394, 396)   coste      30       30
( 397, 398)   coste      38       38
( 397, 399)   coste      13       13
( 380, 400)   coste      25       25
( 400, 401)   coste      22       22
( 402, 403)   coste      19       19
( 404, 405)   coste      30       30
( 146, 406)   coste      24       24
( 406, 407)   coste      12       12
( 104, 408)   coste      14       14
( 104, 409)   coste      27       27
( 410, 411)   coste      23       23
( 412, 413)   coste      14       14
( 312, 412)   coste      33       33
( 412, 414)   coste       9        9
( 248, 415)   coste      33       33
( 248, 249)   coste      34       34
( 416, 417)   coste      23       23
( 337, 416)   coste      29       29
( 199, 416)   coste      25       25
( 418, 419)   coste      25       25
( 180, 420)   coste      27       27
( 382, 421)   coste      19       19
( 382, 422)   coste      17       17
(  65, 423)   coste      19       19
( 424, 425)   coste      35       35
( 114, 424)   coste      37       37
( 426, 427)   coste      23       23
( 426, 428)   coste      33       33
( 426, 429)   coste       5        5
( 426, 430)   coste      23       23
( 170, 431)   coste      39       39
( 374, 431)   coste      59       59
( 431, 432)   coste      36       36
( 173, 433)   coste      16       16
( 173, 174)   coste       3        3
( 173, 434)   coste      27       27
( 435, 436)   coste      45       45
( 435, 437)   coste      29       29
( 435, 438)   coste      46       46
( 435, 439)   coste      16       16
( 435, 440)   coste      33       33
(  48, 441)   coste      22       22
(  48,  49)   coste      30       30
(  48,  50)   coste      26       26
(  48, 332)   coste      36       36
( 442, 443)   coste      21       21
( 442, 444)   coste      30       30
( 442, 445)   coste      48       48
( 366, 446)   coste      41       41
( 231, 366)   coste      31       31
( 140, 447)   coste      42       42
( 140, 448)   coste      32       32
( 148, 149)   coste      10       10
( 148, 449)   coste      30       30
( 318, 450)   coste      33       33
( 319, 450)   coste      11       11
( 365, 451)   coste      36       36
( 452, 453)   coste      36       36
( 452, 454)   coste      39       39
( 160, 455)   coste      35       35
( 160, 456)   coste      29       29
( 457, 458)   coste      37       37
( 459, 460)   coste      28       28
(  90, 459)   coste      23       23
(  92, 459)   coste      22       22
( 179, 180)   coste      25       25
( 403, 461)   coste      40       40
( 403, 462)   coste      26       26
( 403, 463)   coste      28       28
( 339, 464)   coste      36       36
( 339, 465)   coste      30       30
( 353, 466)   coste      33       33
( 466, 467)   coste      13       13
( 468, 469)   coste      42       42
(  24,  71)   coste      19       19
(  24,  26)   coste      24       24
( 470, 471)   coste      37       37
( 470, 472)   coste      24       24
( 470, 473)   coste      28       28
( 470, 474)   coste       9        9
( 475, 476)   coste      57       57
( 475, 477)   coste      40       40
( 197, 475)   coste      14       14
( 183, 478)   coste      21       21
( 479, 480)   coste      11       11
( 479, 481)   coste      55       55
( 479, 482)   coste      15       15
(  97, 483)   coste      28       28
( 427, 428)   coste      16       16
( 484, 485)   coste       5        5
( 484, 486)   coste      15       15
(  21, 487)   coste      39       39
( 487, 488)   coste      10       10
( 489, 490)   coste      19       19
( 489, 491)   coste      16       16
( 489, 492)   coste      31       31
( 493, 494)   coste      43       43
( 493, 495)   coste      10       10
( 282, 496)   coste      34       34
( 292, 497)   coste      23       23
( 497, 498)   coste      15       15
( 499, 500)   coste      40       40
( 499, 501)   coste      33       33
( 499, 502)   coste      24       24
( 503, 504)   coste      52       52
( 505, 506)   coste      55       55
( 505, 507)   coste      31       31
( 490, 491)   coste       4        4
( 207, 490)   coste      14       14
( 208, 490)   coste      42       42
( 508, 509)   coste      32       32
( 112, 508)   coste      29       29
( 508, 510)   coste      56       56
( 508, 511)   coste      51       51
(   8,   9)   coste      23       23
(   8, 512)   coste      38       38
(   8, 513)   coste      34       34
(   8, 514)   coste      25       25
( 509, 515)   coste      35       35
(  53, 516)   coste      38       38
( 516, 517)   coste      41       41
( 516, 518)   coste      39       39
( 274, 275)   coste      24       24
( 271, 387)   coste      41       41
( 271, 519)   coste      30       30
( 182, 520)   coste      38       38
( 182, 329)   coste      32       32
(  53, 521)   coste      29       29
(  53, 522)   coste      27       27
(  53, 518)   coste       5        5
( 523, 524)   coste      34       34
( 523, 525)   coste      31       31
( 523, 526)   coste      34       34
( 527, 528)   coste      15       15
( 529, 530)   coste      32       32
( 529, 531)   coste      25       25
( 529, 532)   coste      32       32
(  32, 383)   coste      43       43
(  33, 383)   coste      28       28
( 533, 534)   coste      37       37
(  39, 386)   coste      31       31
(  40, 386)   coste      32       32
( 535, 536)   coste      21       21
( 149, 449)   coste      38       38
( 537, 538)   coste      19       19
( 539, 540)   coste      37       37
( 223, 539)   coste      45       45
( 541, 542)   coste      41       41
( 541, 543)   coste      43       43
( 544, 545)   coste      29       29
( 318, 546)   coste      19       19
( 318, 547)   coste       4        4
( 548, 549)   coste      15       15
( 157, 548)   coste      36       36
( 191, 548)   coste      32       32
( 542, 550)   coste      40       40
( 551, 552)   coste      39       39
( 324, 551)   coste      37       37
( 453, 553)   coste      28       28
( 421, 554)   coste      27       27
( 422, 554)   coste       6        6
( 555, 556)   coste      19       19
( 494, 557)   coste      30       30
( 494, 495)   coste      41       41
( 300, 558)   coste      22       22
(  20, 300)   coste      23       23
( 559, 560)   coste      29       29
( 561, 562)   coste      26       26
( 561, 563)   coste      16       16
( 564, 565)   coste      37       37
( 546, 547)   coste      17       17
( 365, 566)   coste      44       44
( 365, 567)   coste      33       33
( 257, 258)   coste      44       44
( 257, 568)   coste      48       48
( 569, 570)   coste      38       38
( 571, 572)   coste      40       40
( 436, 447)   coste      13       13
( 447, 573)   coste      22       22
( 447, 574)   coste      34       34
( 363, 364)   coste       7        7
( 100, 575)   coste      12       12
( 100, 576)   coste      30       30
( 100, 108)   coste      17       17
( 185, 186)   coste      15       15
( 185, 577)   coste      25       25
( 578, 579)   coste      40       40
(  36, 578)   coste      12       12
(  82, 380)   coste      18       18
( 380, 580)   coste      28       28
( 581, 582)   coste      28       28
( 572, 581)   coste      21       21
( 581, 583)   coste      43       43
( 353, 446)   coste      39       39
( 472, 584)   coste      47       47
(  19,  21)   coste      13       13
( 220, 585)   coste       6        6
( 220, 586)   coste      15       15
( 587, 588)   coste      25       25
( 587, 589)   coste      40       40
( 336, 337)   coste      34       34
( 336, 590)   coste      13       13
( 591, 592)   coste      44       44
( 593, 594)   coste      16       16
( 593, 595)   coste      47       47
( 167, 596)   coste      40       40
( 596, 597)   coste      44       44
( 191, 596)   coste      31       31
( 598, 599)   coste      45       45
( 598, 600)   coste      49       49
( 601, 602)   coste      30       30
( 601, 603)   coste      58       58
( 601, 604)   coste       9        9
( 605, 606)   coste      38       38
( 605, 607)   coste      22       22
( 395, 590)   coste      47       47
( 608, 609)   coste      37       37
( 608, 610)   coste      28       28
( 608, 611)   coste      34       34
( 608, 612)   coste      29       29
( 521, 613)   coste      36       36
( 357, 614)   coste      35       35
( 575, 615)   coste      32       32
( 504, 575)   coste      42       42
( 575, 576)   coste      32       32
( 108, 575)   coste      23       23
( 381, 616)   coste      18       18
( 293, 616)   coste      36       36
( 272, 617)   coste      27       27
( 174, 433)   coste      18       18
( 433, 618)   coste      25       25
( 196, 197)   coste      33       33
( 619, 620)   coste       9        9
( 536, 619)   coste      46       46
( 621, 622)   coste      21       21
( 621, 623)   coste      21       21
( 624, 625)   coste      43       43
( 624, 626)   coste      43       43
( 624, 627)   coste      23       23
( 624, 628)   coste      41       41
(  32,  33)   coste      16       16
(  32, 254)   coste      10       10
( 116, 627)   coste      38       38
(  50, 441)   coste      39       39
( 441, 629)   coste      16       16
( 441, 630)   coste      39       39
( 455, 631)   coste      19       19
(  25, 359)   coste      26       26
(  27, 359)   coste      26       26
( 396, 590)   coste      30       30
( 632, 633)   coste       6        6
( 150, 634)   coste      43       43
( 150, 449)   coste      33       33
(  13, 150)   coste      19       19
( 635, 636)   coste      23       23
( 635, 637)   coste      36       36
( 635, 638)   coste      44       44
(  29, 639)   coste      25       25
( 639, 640)   coste      16       16
( 639, 641)   coste      20       20
( 636, 637)   coste      34       34
( 636, 642)   coste      29       29
( 636, 643)   coste       9        9
( 644, 645)   coste      41       41
( 646, 647)   coste      34       34
( 316, 646)   coste      34       34
( 231, 467)   coste      15       15
( 648, 649)   coste      40       40
( 648, 650)   coste      20       20
( 648, 651)   coste      22       22
(  49,  50)   coste      12       12
( 330, 446)   coste      38       38
( 610, 652)   coste      37       37
( 653, 654)   coste      21       21
( 653, 655)   coste      37       37
( 354, 656)   coste      51       51
( 425, 657)   coste      33       33
( 259, 657)   coste      30       30
( 436, 573)   coste      31       31
( 436, 574)   coste      31       31
( 267, 269)   coste      38       38
( 634, 658)   coste      30       30
( 152, 658)   coste      20       20
( 606, 659)   coste      21       21
( 606, 660)   coste      16       16
( 142, 661)   coste      15       15
( 449, 662)   coste      28       28
( 662, 663)   coste      34       34
( 662, 664)   coste      13       13
( 665, 666)   coste      34       34
( 665, 667)   coste      37       37
( 280, 668)   coste       3        3
( 669, 670)   coste      14       14
( 211, 671)   coste      22       22
( 671, 672)   coste      51       51
( 327, 673)   coste       3        3
( 448, 647)   coste      34       34
( 448, 574)   coste      32       32
( 674, 675)   coste       8        8
( 111, 213)   coste       9        9
( 111, 511)   coste      28       28
( 676, 677)   coste      29       29
( 233, 423)   coste      27       27
( 534, 678)   coste      33       33
( 678, 679)   coste      25       25
( 678, 680)   coste      25       25
( 603, 678)   coste      38       38
( 678, 681)   coste      30       30
(  82, 682)   coste      18       18
( 682, 683)   coste       4        4
(  83, 682)   coste       4        4
( 682, 684)   coste       4        4
( 682, 685)   coste      13       13
( 355, 656)   coste      49       49
( 637, 643)   coste      31       31
( 285, 686)   coste      36       36
( 686, 687)   coste      23       23
(   5,   6)   coste      37       37
( 688, 689)   coste       7        7
( 688, 690)   coste      25       25
(  74, 691)   coste      36       36
(  74,  75)   coste      15       15
( 692, 693)   coste      54       54
( 692, 694)   coste       8        8
( 240, 242)   coste      19       19
( 240, 695)   coste      40       40
( 240, 696)   coste      18       18
( 694, 697)   coste      47       47
( 376, 698)   coste      27       27
( 376, 618)   coste      32       32
( 699, 700)   coste      14       14
(  20, 701)   coste      33       33
( 183, 329)   coste      30       30
( 237, 255)   coste      41       41
( 138, 237)   coste      15       15
(  66, 702)   coste      37       37
(  66,  67)   coste      18       18
( 562, 563)   coste      13       13
( 288, 562)   coste      15       15
( 562, 703)   coste      15       15
(  82,  83)   coste      15       15
( 425, 704)   coste      15       15
( 705, 706)   coste      26       26
( 705, 707)   coste      21       21
( 264, 705)   coste      40       40
( 480, 708)   coste      28       28
( 709, 710)   coste      26       26
( 709, 711)   coste      31       31
( 500, 712)   coste      22       22
( 500, 713)   coste      39       39
( 170, 714)   coste      36       36
( 170, 432)   coste      33       33
( 715, 716)   coste      10       10
( 370, 371)   coste      25       25
( 370, 372)   coste      23       23
( 717, 718)   coste      32       32
( 713, 717)   coste      34       34
( 719, 720)   coste      25       25
( 719, 721)   coste      62       62
( 719, 722)   coste      26       26
( 545, 723)   coste      23       23
( 566, 567)   coste      12       12
( 485, 486)   coste      11       11
( 485, 724)   coste      33       33
( 725, 726)   coste      56       56
( 725, 727)   coste      63       63
(  39, 725)   coste      28       28
( 725, 728)   coste      40       40
( 615, 729)   coste      35       35
( 730, 731)   coste       8        8
( 628, 732)   coste      33       33
( 437, 438)   coste      23       23
( 437, 440)   coste      21       21
( 167, 570)   coste      19       19
( 733, 734)   coste      33       33
( 197, 477)   coste      31       31
( 214, 477)   coste      36       36
( 129, 469)   coste      26       26
( 557, 735)   coste      12       12
( 736, 737)   coste      28       28
( 486, 738)   coste       4        4
( 739, 740)   coste      31       31
( 114, 739)   coste      35       35
( 737, 741)   coste      15       15
( 641, 737)   coste      21       21
( 700, 737)   coste      29       29
( 602, 604)   coste      36       36
( 526, 742)   coste      39       39
( 577, 742)   coste      43       43
( 347, 743)   coste      11       11
( 415, 744)   coste       9        9
( 745, 746)   coste      25       25
( 745, 747)   coste      11       11
( 572, 582)   coste      36       36
( 649, 748)   coste      28       28
( 311, 749)   coste       6        6
( 384, 749)   coste      28       28
( 202, 750)   coste      25       25
( 750, 751)   coste      12       12
( 290, 588)   coste      16       16
( 588, 720)   coste      16       16
( 337, 752)   coste      24       24
( 572, 753)   coste      33       33
( 753, 754)   coste      23       23
( 348, 755)   coste      27       27
( 348, 422)   coste      22       22
( 321, 579)   coste      18       18
( 651, 756)   coste      25       25
( 471, 472)   coste      22       22
( 471, 757)   coste      25       25
( 498, 758)   coste      43       43
( 360, 758)   coste      43       43
( 758, 759)   coste      40       40
( 405, 714)   coste      36       36
( 229, 398)   coste      41       41
( 760, 761)   coste      36       36
( 649, 650)   coste      33       33
( 573, 574)   coste      26       26
(  98, 762)   coste      21       21
( 122, 124)   coste      44       44
( 755, 763)   coste      40       40
( 755, 764)   coste      31       31
( 765, 766)   coste      18       18
( 504, 729)   coste      23       23
( 364, 767)   coste      44       44
( 767, 768)   coste       4        4
( 152, 634)   coste      20       20
( 456, 631)   coste      35       35
( 456, 769)   coste      22       22
( 645, 712)   coste      34       34
( 712, 713)   coste      24       24
( 726, 727)   coste      68       68
( 177, 323)   coste      39       39
( 177, 552)   coste      15       15
( 113, 213)   coste      21       21
( 770, 771)   coste      18       18
( 570, 597)   coste      10       10
( 746, 772)   coste      17       17
( 772, 773)   coste      13       13
( 772, 774)   coste      19       19
( 724, 772)   coste      29       29
( 740, 775)   coste      29       29
(  26, 775)   coste       5        5
( 510, 776)   coste      50       50
( 255, 777)   coste      50       50
( 777, 778)   coste      31       31
( 307, 498)   coste      24       24
( 607, 779)   coste      52       52
( 779, 780)   coste      28       28
( 222, 223)   coste       6        6
( 165, 781)   coste      19       19
( 782, 783)   coste      40       40
( 782, 784)   coste      51       51
( 460, 782)   coste      34       34
( 782, 785)   coste      13       13
( 708, 786)   coste      31       31
( 371, 565)   coste      33       33
( 371, 372)   coste      19       19
( 786, 787)   coste      16       16
(  30, 788)   coste      17       17
(  30, 789)   coste      13       13
( 524, 790)   coste      33       33
( 323, 552)   coste      47       47
( 563, 791)   coste      35       35
( 563, 703)   coste      12       12
( 792, 793)   coste      37       37
( 792, 794)   coste      47       47
( 534, 680)   coste      35       35
( 534, 795)   coste      30       30
( 774, 796)   coste      12       12
( 747, 796)   coste       4        4
( 612, 797)   coste      12       12
( 680, 798)   coste      23       23
( 798, 799)   coste       8        8
( 681, 798)   coste      18       18
( 595, 638)   coste      27       27
( 638, 800)   coste      14       14
( 801, 802)   coste      27       27
( 801, 803)   coste      25       25
( 312, 804)   coste      12       12
( 804, 805)   coste      66       66
( 740, 806)   coste      17       17
( 710, 807)   coste      17       17
( 607, 660)   coste      34       34
(   9,  10)   coste      35       35
(   9, 514)   coste      23       23
( 595, 808)   coste      26       26
( 808, 809)   coste      11       11
( 224, 783)   coste      35       35
( 631, 691)   coste      12       12
( 810, 811)   coste      13       13
( 567, 812)   coste      38       38
( 522, 813)   coste      27       27
( 518, 522)   coste      31       31
( 642, 814)   coste      11       11
( 211, 675)   coste      34       34
( 211, 672)   coste      46       46
( 338, 590)   coste      39       39
( 547, 815)   coste      46       46
( 547, 761)   coste      20       20
( 156, 234)   coste      26       26
( 816, 817)   coste      35       35
( 816, 818)   coste      22       22
( 816, 819)   coste      38       38
( 820, 821)   coste      40       40
( 292, 822)   coste      17       17
( 613, 793)   coste      47       47
( 613, 656)   coste      56       56
( 622, 769)   coste      38       38
( 802, 823)   coste      25       25
( 803, 823)   coste      28       28
(  75, 691)   coste      24       24
( 626, 763)   coste      26       26
( 824, 825)   coste      23       23
( 134, 824)   coste      36       36
( 824, 826)   coste      29       29
( 670, 827)   coste      37       37
( 670, 828)   coste      30       30
(  20, 558)   coste      21       21
( 462, 802)   coste      32       32
( 349, 829)   coste      25       25
( 349, 350)   coste      25       25
( 640, 700)   coste      31       31
( 189, 830)   coste      31       31
( 830, 831)   coste      14       14
( 449, 664)   coste      38       38
( 209, 731)   coste      61       61
( 141, 314)   coste      33       33
( 146, 407)   coste      32       32
( 171, 788)   coste      17       17
( 171, 789)   coste       7        7
(  83, 683)   coste       6        6
( 683, 685)   coste      16       16
( 501, 502)   coste      11       11
( 501, 832)   coste      44       44
( 454, 773)   coste      40       40
( 603, 679)   coste      35       35
( 679, 799)   coste      22       22
( 679, 681)   coste      31       31
( 833, 834)   coste      51       51
( 794, 833)   coste      27       27
( 231, 367)   coste      28       28
( 343, 835)   coste      20       20
(  10, 229)   coste      35       35
( 836, 837)   coste      33       33
( 793, 813)   coste      33       33
( 794, 838)   coste      56       56
( 133, 304)   coste      36       36
( 133, 305)   coste       8        8
( 133, 135)   coste      46       46
( 813, 839)   coste      13       13
( 390, 840)   coste      27       27
( 840, 841)   coste      31       31
(  14, 840)   coste      30       30
( 419, 842)   coste      33       33
( 842, 843)   coste      23       23
( 844, 845)   coste      25       25
( 690, 844)   coste      40       40
( 643, 846)   coste      10       10
( 847, 848)   coste      23       23
( 832, 849)   coste      35       35
( 832, 850)   coste      34       34
( 851, 852)   coste      13       13
( 766, 825)   coste       9        9
( 818, 853)   coste      16       16
( 162, 853)   coste      39       39
( 819, 853)   coste      14       14
( 530, 771)   coste      31       31
(  84, 854)   coste      33       33
( 264, 845)   coste      43       43
( 472, 474)   coste      27       27
( 472, 757)   coste      33       33
( 108, 576)   coste      14       14
( 594, 718)   coste      45       45
( 837, 855)   coste      18       18
( 696, 855)   coste      17       17
( 187, 856)   coste      25       25
( 735, 857)   coste      29       29
( 659, 660)   coste      35       35
( 659, 817)   coste      18       18
( 157, 549)   coste      43       43
( 858, 859)   coste      31       31
( 858, 860)   coste      32       32
( 290, 720)   coste      21       21
( 517, 861)   coste      29       29
( 202, 862)   coste      14       14
( 711, 761)   coste      29       29
( 408, 863)   coste       5        5
( 408, 409)   coste      17       17
( 157, 734)   coste      13       13
( 304, 305)   coste      29       29
( 258, 259)   coste      19       19
( 258, 778)   coste      13       13
( 864, 865)   coste      65       65
( 864, 866)   coste      29       29
(  14, 390)   coste      15       15
( 199, 287)   coste      20       20
( 599, 713)   coste      37       37
( 324, 552)   coste      16       16
( 784, 867)   coste      51       51
( 269, 868)   coste      35       35
(  44,  46)   coste      29       29
( 869, 870)   coste      24       24
( 513, 871)   coste      29       29
(  14, 841)   coste      23       23
(  15, 841)   coste      13       13
( 872, 873)   coste      44       44
( 194, 464)   coste      36       36
( 194, 465)   coste      24       24
( 700, 741)   coste      33       33
( 724, 773)   coste      28       28
( 694, 874)   coste      41       41
( 242, 565)   coste      29       29
( 458, 875)   coste      22       22
( 866, 875)   coste      31       31
( 677, 702)   coste      59       59
( 677, 876)   coste      27       27
( 434, 811)   coste      19       19
( 492, 650)   coste      28       28
( 330, 331)   coste      48       48
( 168, 811)   coste      30       30
( 805, 867)   coste      74       74
( 316, 647)   coste      20       20
( 585, 586)   coste      10       10
(  83, 877)   coste      23       23
(  83, 684)   coste       5        5
( 859, 878)   coste      29       29
( 728, 834)   coste      39       39
( 834, 879)   coste      55       55
( 287, 880)   coste      22       22
( 880, 881)   coste      25       25
( 703, 791)   coste      25       25
(  62, 255)   coste      40       40
( 413, 627)   coste      34       34
( 873, 882)   coste      62       62
( 208, 209)   coste      26       26
( 883, 884)   coste      37       37
( 883, 885)   coste      28       28
(  92, 460)   coste      11       11
( 460, 785)   coste      22       22
( 285, 687)   coste      52       52
( 744, 886)   coste      31       31
( 249, 744)   coste      13       13
( 231, 368)   coste      25       25
( 568, 887)   coste      10       10
( 217, 809)   coste      33       33
( 243, 695)   coste      29       29
( 695, 888)   coste      42       42
( 751, 889)   coste      42       42
( 650, 890)   coste      40       40
( 538, 891)   coste      30       30
( 892, 893)   coste      22       22
( 287, 881)   coste      29       29
( 324, 325)   coste      21       21
( 663, 664)   coste      22       22
( 572, 583)   coste      24       24
( 572, 754)   coste      22       22
( 543, 550)   coste      25       25
(  13, 430)   coste      39       39
(  13,  15)   coste      26       26
( 565, 894)   coste      19       19
( 338, 895)   coste      39       39
( 157, 886)   coste      16       16
( 886, 896)   coste      49       49
( 158, 886)   coste      19       19
( 651, 897)   coste      24       24
( 898, 899)   coste      12       12
(  95, 898)   coste      31       31
( 251, 900)   coste      34       34
( 251, 252)   coste      22       22
( 863, 901)   coste      23       23
( 409, 901)   coste      11       11
( 263, 689)   coste      16       16
( 689, 690)   coste      25       25
( 265, 689)   coste      18       18
( 515, 689)   coste      18       18
( 141, 142)   coste      30       30
( 474, 902)   coste      36       36
( 583, 903)   coste      10       10
( 738, 904)   coste      32       32
( 905, 906)   coste      21       21
( 583, 754)   coste      21       21
( 112, 511)   coste      29       29
( 299, 884)   coste      30       30
( 629, 907)   coste      47       47
( 766, 908)   coste      19       19
( 826, 908)   coste      31       31
( 458, 866)   coste      22       22
( 909, 910)   coste      36       36
( 909, 911)   coste      43       43
( 151, 152)   coste      57       57
( 761, 815)   coste      30       30
( 807, 815)   coste      26       26
( 668, 702)   coste      59       59
( 706, 707)   coste      38       38
( 264, 706)   coste      43       43
(  39,  40)   coste       7        7
( 538, 754)   coste      28       28
( 399, 592)   coste      35       35
(  91,  98)   coste      16       16
( 835, 912)   coste      20       20
( 877, 913)   coste      21       21
(  14,  15)   coste      11       11
( 553, 667)   coste      44       44
( 203, 881)   coste      30       30
( 837, 914)   coste      52       52
(  95, 899)   coste      33       33
( 790, 915)   coste      42       42
(  94, 849)   coste      29       29
(  36, 916)   coste       9        9
( 721, 828)   coste      57       57
( 186, 187)   coste      16       16
( 917, 918)   coste      64       64
( 707, 900)   coste      39       39
( 630, 907)   coste       9        9
( 162, 817)   coste      36       36
( 268, 269)   coste      13       13
( 134, 826)   coste      40       40
( 910, 911)   coste      29       29
( 263, 264)   coste      21       21
( 263, 515)   coste      31       31
( 743, 829)   coste       8        8
( 255, 918)   coste      63       63
( 757, 780)   coste      30       30
( 666, 919)   coste      28       28
( 788, 920)   coste      34       34
( 788, 789)   coste      14       14
( 921, 922)   coste      24       24
( 463, 923)   coste      28       28
(  91, 924)   coste      36       36
(  45,  46)   coste      31       31
( 312, 805)   coste      73       73
( 360, 759)   coste      11       11
( 344, 835)   coste      58       58
( 681, 925)   coste      48       48
( 350, 445)   coste      15       15
( 351, 445)   coste      24       24
( 684, 913)   coste      15       15
( 684, 685)   coste      11       11
( 265, 690)   coste      21       21
( 393, 926)   coste      34       34
( 525, 633)   coste      15       15
( 228, 261)   coste      31       31
( 525, 790)   coste      16       16
( 862, 889)   coste      12       12
( 393, 927)   coste      27       27
(  37, 916)   coste       9        9
( 685, 913)   coste      14       14
( 162, 818)   coste      30       30
( 162, 819)   coste      30       30
( 595, 809)   coste      35       35
( 589, 800)   coste      37       37
( 848, 928)   coste       1        1
( 411, 929)   coste      13       13
( 800, 809)   coste      35       35
( 488, 866)   coste      43       43
LISTA_ARISTAS_NOREQ :
(   1, 410)   coste      29       29
(   2,   3)   coste       7        7
(   2, 922)   coste      15       15
(   3, 410)   coste      29       29
(   4, 245)   coste      73       73
(   4, 603)   coste      48       48
(   4, 668)   coste      35       35
(   4, 679)   coste      78       78
(   4, 921)   coste      78       78
(   5, 280)   coste      12       12
(   6, 799)   coste      31       31
(   6, 925)   coste      19       19
(   7, 871)   coste      31       31
(   8, 871)   coste       9        9
(   9, 748)   coste      29       29
(  10,  79)   coste      35       35
(  10, 748)   coste      33       33
(  11, 449)   coste      28       28
(  11, 663)   coste      43       43
(  12,  14)   coste      32       32
(  12, 390)   coste      23       23
(  12, 663)   coste      27       27
(  13, 449)   coste      31       31
(  13, 841)   coste      30       30
(  16, 558)   coste      40       40
(  17, 701)   coste      44       44
(  18,  21)   coste      31       31
(  19, 487)   coste      50       50
(  21, 912)   coste      44       44
(  22,  71)   coste      27       27
(  22, 535)   coste      36       36
(  22, 775)   coste      17       17
(  23,  25)   coste      18       18
(  23,  27)   coste      18       18
(  23, 535)   coste      40       40
(  24,  70)   coste      34       34
(  24, 137)   coste      41       41
(  24, 775)   coste      26       26
(  25,  27)   coste       3        3
(  26,  71)   coste      28       28
(  28, 225)   coste      36       36
(  28, 788)   coste      34       34
(  29, 273)   coste      27       27
(  29, 641)   coste      26       26
(  30, 171)   coste       7        7
(  30, 225)   coste      12       12
(  31, 253)   coste      48       48
(  31, 254)   coste      12       12
(  31, 784)   coste      51       51
(  32, 828)   coste      49       49
(  33, 254)   coste      24       24
(  33, 784)   coste      52       52
(  34,  95)   coste      31       31
(  34, 916)   coste      28       28
(  35, 244)   coste      19       19
(  36,  37)   coste       4        4
(  37, 321)   coste      31       31
(  37, 578)   coste       9        9
(  37, 579)   coste      47       47
(  38, 725)   coste      56       56
(  38, 726)   coste      58       58
(  39,  41)   coste      65       65
(  39, 385)   coste      30       30
(  40,  41)   coste      61       61
(  40, 385)   coste      27       27
(  40, 725)   coste      34       34
(  41, 123)   coste      36       36
(  41, 725)   coste      82       82
(  42,  87)   coste      19       19
(  43,  85)   coste      48       48
(  44,  55)   coste      37       37
(  44, 874)   coste      33       33
(  45,  85)   coste      52       52
(  45,  87)   coste      25       25
(  46, 267)   coste      42       42
(  46, 268)   coste      43       43
(  48, 629)   coste      25       25
(  48, 630)   coste      59       59
(  49,  51)   coste      34       34
(  51, 247)   coste      32       32
(  51, 248)   coste      37       37
(  52, 518)   coste      38       38
(  52, 521)   coste      14       14
(  52, 613)   coste      27       27
(  53, 813)   coste      33       33
(  54, 353)   coste      55       55
(  54, 355)   coste      64       64
(  54, 446)   coste      79       79
(  54, 518)   coste      36       36
(  55, 345)   coste      32       32
(  55, 464)   coste      40       40
(  56, 464)   coste      27       27
(  57, 201)   coste      35       35
(  58, 201)   coste      16       16
(  60, 203)   coste      18       18
(  60, 889)   coste      10       10
(  61, 138)   coste      34       34
(  61, 777)   coste      17       17
(  61, 778)   coste      27       27
(  62, 138)   coste      21       21
(  62, 237)   coste      27       27
(  62, 777)   coste      24       24
(  64,  65)   coste      32       32
(  64, 227)   coste      18       18
(  65,  66)   coste      31       31
(  65,  67)   coste      14       14
(  65, 232)   coste      33       33
(  66, 232)   coste      53       53
(  67, 423)   coste      30       30
(  68, 536)   coste      44       44
(  68, 619)   coste      31       31
(  70,  72)   coste      17       17
(  71, 535)   coste      27       27
(  71, 536)   coste      45       45
(  72, 176)   coste      48       48
(  72, 179)   coste      44       44
(  73, 296)   coste      32       32
(  73, 297)   coste      31       31
(  74, 297)   coste      32       32
(  75, 631)   coste      30       30
(  76,  93)   coste      34       34
(  76,  94)   coste      13       13
(  76, 899)   coste      30       30
(  77, 473)   coste      69       69
(  77, 663)   coste      58       58
(  78, 629)   coste      42       42
(  79, 542)   coste      24       24
(  79, 550)   coste      44       44
(  80, 398)   coste      36       36
(  81, 684)   coste      28       28
(  82, 683)   coste      17       17
(  86, 251)   coste      34       34
(  86, 252)   coste      54       54
(  86, 900)   coste      24       24
(  88, 159)   coste      14       14
(  89,  92)   coste      34       34
(  89, 924)   coste      15       15
(  90,  92)   coste      41       41
(  90, 769)   coste      43       43
(  91,  96)   coste      16       16
(  91, 455)   coste      33       33
(  91, 483)   coste      32       32
(  91, 762)   coste      34       34
(  92, 783)   coste      33       33
(  93, 849)   coste      14       14
(  93, 899)   coste       9        9
(  94, 832)   coste      32       32
(  94, 899)   coste      27       27
(  95, 499)   coste      61       61
(  95, 501)   coste      65       65
(  95, 502)   coste      64       64
(  96, 762)   coste      21       21
(  97,  98)   coste      26       26
(  97, 496)   coste      29       29
(  97, 762)   coste      17       17
(  98, 483)   coste      21       21
(  99, 108)   coste      20       20
(  99, 278)   coste      31       31
(  99, 576)   coste       7        7
(  99, 615)   coste      28       28
( 101, 102)   coste      13       13
( 101, 615)   coste      26       26
( 102, 576)   coste      28       28
( 103, 378)   coste      41       41
( 103, 530)   coste      33       33
( 104, 105)   coste      18       18
( 104, 863)   coste      16       16
( 105, 408)   coste      31       31
( 107, 213)   coste      49       49
( 109, 213)   coste      36       36
( 110, 213)   coste      23       23
( 110, 511)   coste      16       16
( 111, 113)   coste      16       16
( 111, 214)   coste      19       19
( 112, 279)   coste      27       27
( 113, 212)   coste      23       23
( 113, 214)   coste      17       17
( 113, 511)   coste      25       25
( 114, 740)   coste      27       27
( 115, 311)   coste      11       11
( 115, 333)   coste      23       23
( 115, 384)   coste      23       23
( 115, 749)   coste       7        7
( 116, 312)   coste      34       34
( 116, 412)   coste      26       26
( 117, 382)   coste      33       33
( 117, 755)   coste      15       15
( 117, 764)   coste      30       30
( 119, 377)   coste      35       35
( 119, 378)   coste      53       53
( 119, 771)   coste      13       13
( 120, 163)   coste      21       21
( 120, 377)   coste      58       58
( 121, 271)   coste      35       35
( 121, 519)   coste      13       13
( 122, 270)   coste      40       40
( 122, 272)   coste      39       39
( 122, 519)   coste      33       33
( 123, 124)   coste      31       31
( 124, 519)   coste      39       39
( 126, 128)   coste      25       25
( 127, 128)   coste       9        9
( 127, 226)   coste      21       21
( 129, 277)   coste      42       42
( 129, 468)   coste      43       43
( 129, 676)   coste      33       33
( 131, 155)   coste      28       28
( 134, 135)   coste      46       46
( 134, 765)   coste      41       41
( 136, 235)   coste      36       36
( 136, 237)   coste      46       46
( 138, 235)   coste      14       14
( 138, 236)   coste      21       21
( 139, 661)   coste      16       16
( 140, 142)   coste      31       31
( 140, 573)   coste      23       23
( 140, 676)   coste      59       59
( 140, 677)   coste      67       67
( 140, 876)   coste      42       42
( 141, 661)   coste      21       21
( 141, 856)   coste      31       31
( 142, 876)   coste      27       27
( 143, 709)   coste      41       41
( 143, 710)   coste      32       32
( 143, 716)   coste      41       41
( 144, 709)   coste      43       43
( 144, 710)   coste      38       38
( 144, 716)   coste      38       38
( 145, 392)   coste      25       25
( 145, 393)   coste      24       24
( 145, 926)   coste      27       27
( 145, 927)   coste      36       36
( 146, 926)   coste      29       29
( 147, 634)   coste      26       26
( 148, 662)   coste      25       25
( 150, 430)   coste      29       29
( 151, 607)   coste      37       37
( 151, 660)   coste      46       46
( 151, 779)   coste      55       55
( 153, 234)   coste      25       25
( 153, 734)   coste      17       17
( 154, 733)   coste      24       24
( 154, 734)   coste      18       18
( 154, 886)   coste      23       23
( 155, 156)   coste      20       20
( 155, 234)   coste      13       13
( 157, 158)   coste      28       28
( 158, 733)   coste      21       21
( 158, 734)   coste      16       16
( 160, 631)   coste      29       29
( 160, 769)   coste      31       31
( 161, 660)   coste      54       54
( 161, 810)   coste      49       49
( 161, 811)   coste      60       60
( 162, 659)   coste      47       47
( 163, 781)   coste      41       41
( 164, 560)   coste      30       30
( 164, 715)   coste      37       37
( 164, 781)   coste      44       44
( 164, 906)   coste      30       30
( 165, 608)   coste      33       33
( 165, 612)   coste      20       20
( 165, 795)   coste      32       32
( 166, 596)   coste      19       19
( 166, 658)   coste      81       81
( 167, 569)   coste      55       55
( 167, 597)   coste      11       11
( 168, 658)   coste      62       62
( 169, 225)   coste      11       11
( 169, 274)   coste      65       65
( 169, 788)   coste      25       25
( 172, 434)   coste      18       18
( 174, 434)   coste      25       25
( 174, 810)   coste      33       33
( 175, 323)   coste      33       33
( 175, 731)   coste      37       37
( 176, 730)   coste      51       51
( 176, 731)   coste      58       58
( 177, 325)   coste      19       19
( 178, 620)   coste       5        5
( 179, 619)   coste      12       12
( 179, 620)   coste      13       13
( 181, 417)   coste      25       25
( 181, 520)   coste      19       19
( 182, 183)   coste      26       26
( 186, 661)   coste      30       30
( 188, 289)   coste      17       17
( 188, 722)   coste      27       27
( 188, 830)   coste      24       24
( 188, 831)   coste      14       14
( 189, 831)   coste      42       42
( 189, 860)   coste      35       35
( 190, 548)   coste      15       15
( 190, 549)   coste       1        1
( 192, 339)   coste      24       24
( 194, 339)   coste       7        7
( 195, 334)   coste      24       24
( 195, 475)   coste      30       30
( 195, 585)   coste      43       43
( 195, 586)   coste      38       38
( 196, 475)   coste      35       35
( 196, 585)   coste      42       42
( 196, 586)   coste      37       37
( 197, 214)   coste      31       31
( 198, 416)   coste      27       27
( 198, 417)   coste      25       25
( 198, 880)   coste      13       13
( 199, 880)   coste      13       13
( 200, 880)   coste      28       28
( 200, 881)   coste      30       30
( 201, 889)   coste      12       12
( 202, 751)   coste      28       28
( 202, 889)   coste      17       17
( 203, 862)   coste       4        4
( 203, 889)   coste      13       13
( 204, 510)   coste      51       51
( 204, 776)   coste      38       38
( 204, 910)   coste      23       23
( 205, 910)   coste      31       31
( 206, 490)   coste      25       25
( 206, 491)   coste      25       25
( 206, 591)   coste      40       40
( 207, 208)   coste      34       34
( 207, 209)   coste      58       58
( 210, 674)   coste      17       17
( 210, 675)   coste      21       21
( 210, 892)   coste      39       39
( 210, 893)   coste      24       24
( 213, 214)   coste      16       16
( 215, 316)   coste      77       77
( 215, 637)   coste      90       90
( 215, 646)   coste      73       73
( 215, 809)   coste      31       31
( 216, 316)   coste      88       88
( 216, 599)   coste      31       31
( 216, 637)   coste     101      101
( 216, 646)   coste      84       84
( 216, 809)   coste      23       23
( 218, 391)   coste      28       28
( 218, 585)   coste      24       24
( 219, 220)   coste      32       32
( 219, 503)   coste      86       86
( 220, 391)   coste      14       14
( 221, 539)   coste      48       48
( 222, 224)   coste      51       51
( 222, 539)   coste      49       49
( 223, 253)   coste      32       32
( 224, 459)   coste      53       53
( 225, 273)   coste      53       53
( 225, 274)   coste      56       56
( 226, 911)   coste      39       39
( 227, 228)   coste      24       24
( 227, 261)   coste      22       22
( 228, 911)   coste      13       13
( 229, 489)   coste      41       41
( 229, 492)   coste      28       28
( 230, 353)   coste      42       42
( 230, 366)   coste      12       12
( 230, 446)   coste      30       30
( 231, 466)   coste      17       17
( 232, 423)   coste      28       28
( 232, 723)   coste      35       35
( 233, 723)   coste      27       27
( 233, 758)   coste      35       35
( 236, 238)   coste      35       35
( 238, 551)   coste      23       23
( 239, 695)   coste      37       37
( 239, 696)   coste      31       31
( 240, 243)   coste      32       32
( 240, 855)   coste      30       30
( 241, 243)   coste      52       52
( 241, 721)   coste      62       62
( 241, 722)   coste      56       56
( 241, 894)   coste      51       51
( 242, 836)   coste      37       37
( 242, 894)   coste      35       35
( 243, 696)   coste      39       39
( 245, 437)   coste      36       36
( 245, 438)   coste      25       25
( 245, 603)   coste      60       60
( 245, 679)   coste      81       81
( 245, 921)   coste      81       81
( 246, 435)   coste      41       41
( 246, 439)   coste      28       28
( 246, 668)   coste      22       22
( 247, 415)   coste      34       34
( 248, 428)   coste      71       71
( 249, 415)   coste      18       18
( 249, 896)   coste      39       39
( 250, 476)   coste      54       54
( 250, 671)   coste      39       39
( 252, 671)   coste      30       30
( 255, 324)   coste     108      108
( 256, 778)   coste      23       23
( 257, 652)   coste      25       25
( 260, 910)   coste      36       36
( 262, 674)   coste      24       24
( 263, 265)   coste       7        7
( 264, 265)   coste      16       16
( 264, 690)   coste      23       23
( 265, 688)   coste      23       23
( 266, 465)   coste      33       33
( 267, 268)   coste      35       35
( 267, 464)   coste      42       42
( 275, 404)   coste      67       67
( 275, 405)   coste      54       54
( 275, 546)   coste      31       31
( 276, 327)   coste      31       31
( 276, 909)   coste      35       35
( 277, 468)   coste      25       25
( 279, 685)   coste      43       43
( 279, 913)   coste      41       41
( 281, 296)   coste      23       23
( 281, 297)   coste      22       22
( 281, 821)   coste      32       32
( 283, 297)   coste      54       54
( 283, 820)   coste      56       56
( 283, 821)   coste      21       21
( 284, 457)   coste      34       34
( 284, 458)   coste      23       23
( 284, 864)   coste      42       42
( 284, 866)   coste      33       33
( 285, 457)   coste      40       40
( 286, 396)   coste      27       27
( 286, 752)   coste      17       17
( 287, 288)   coste      12       12
( 287, 752)   coste      17       17
( 288, 752)   coste      21       21
( 289, 588)   coste      18       18
( 289, 719)   coste      14       14
( 289, 722)   coste      22       22
( 289, 831)   coste      26       26
( 290, 587)   coste      40       40
( 290, 719)   coste       5        5
( 290, 722)   coste      30       30
( 291, 381)   coste      39       39
( 291, 497)   coste      29       29
( 291, 822)   coste      29       29
( 292, 498)   coste      35       35
( 293, 381)   coste      31       31
( 293, 401)   coste      39       39
( 293, 884)   coste      37       37
( 294, 789)   coste      38       38
( 294, 920)   coste      34       34
( 295, 918)   coste      73       73
( 295, 920)   coste      18       18
( 296, 496)   coste      65       65
( 297, 821)   coste      44       44
( 298, 401)   coste      41       41
( 298, 884)   coste      14       14
( 298, 885)   coste      15       15
( 299, 883)   coste       9        9
( 299, 885)   coste      21       21
( 300, 701)   coste      11       11
( 301, 693)   coste      60       60
( 301, 694)   coste      34       34
( 302, 308)   coste      34       34
( 302, 309)   coste      30       30
( 302, 319)   coste     115      115
( 302, 450)   coste     123      123
( 302, 709)   coste      62       62
( 302, 760)   coste      87       87
( 302, 901)   coste      58       58
( 303, 309)   coste      30       30
( 303, 451)   coste      37       37
( 304, 865)   coste      49       49
( 305, 865)   coste      57       57
( 306, 854)   coste      26       26
( 307, 497)   coste      29       29
( 307, 854)   coste      25       25
( 308, 617)   coste       9        9
( 309, 617)   coste      20       20
( 309, 861)   coste      36       36
( 310, 333)   coste      37       37
( 310, 805)   coste      67       67
( 310, 867)   coste      40       40
( 311, 384)   coste      28       28
( 314, 315)   coste      10       10
( 314, 856)   coste       9        9
( 315, 632)   coste      39       39
( 315, 856)   coste      17       17
( 316, 599)   coste     112      112
( 316, 644)   coste     125      125
( 316, 869)   coste      65       65
( 317, 404)   coste      30       30
( 317, 450)   coste      11       11
( 318, 319)   coste      24       24
( 318, 761)   coste      23       23
( 319, 760)   coste      42       42
( 319, 901)   coste     115      115
( 320, 578)   coste      16       16
( 320, 579)   coste      32       32
( 320, 820)   coste      26       26
( 320, 916)   coste      21       21
( 321, 578)   coste      25       25
( 322, 552)   coste      25       25
( 324, 918)   coste     111      111
( 325, 551)   coste      28       28
( 325, 552)   coste      13       13
( 326, 362)   coste      46       46
( 326, 673)   coste      22       22
( 326, 706)   coste      99       99
( 326, 844)   coste      91       91
( 326, 845)   coste      76       76
( 327, 706)   coste     119      119
( 327, 844)   coste     111      111
( 327, 845)   coste      96       96
( 328, 478)   coste      22       22
( 329, 331)   coste      53       53
( 329, 402)   coste      31       31
( 329, 478)   coste      33       33
( 329, 566)   coste      63       63
( 330, 517)   coste      47       47
( 331, 566)   coste      11       11
( 332, 390)   coste      37       37
( 332, 629)   coste      24       24
( 333, 749)   coste      20       20
( 334, 585)   coste      27       27
( 334, 586)   coste      28       28
( 336, 396)   coste      37       37
( 340, 387)   coste      30       30
( 340, 793)   coste      56       56
( 340, 839)   coste      34       34
( 341, 394)   coste      30       30
( 342, 344)   coste      36       36
( 342, 394)   coste      44       44
( 342, 395)   coste      25       25
( 342, 914)   coste      46       46
( 343, 344)   coste      44       44
( 343, 457)   coste      88       88
( 343, 687)   coste      74       74
( 343, 912)   coste      29       29
( 344, 914)   coste      52       52
( 345, 605)   coste      22       22
( 346, 445)   coste      20       20
( 347, 829)   coste      14       14
( 348, 350)   coste      15       15
( 348, 554)   coste      17       17
( 349, 351)   coste      16       16
( 349, 743)   coste      20       20
( 350, 351)   coste      30       30
( 350, 444)   coste      40       40
( 351, 442)   coste      46       46
( 351, 743)   coste      32       32
( 351, 829)   coste      33       33
( 352, 466)   coste      18       18
( 352, 656)   coste      55       55
( 353, 355)   coste      14       14
( 354, 368)   coste      31       31
( 354, 466)   coste      19       19
( 354, 467)   coste      23       23
( 356, 479)   coste      39       39
( 356, 481)   coste      23       23
( 356, 506)   coste      23       23
( 356, 507)   coste      60       60
( 356, 614)   coste      47       47
( 357, 479)   coste      28       28
( 357, 480)   coste      32       32
( 357, 482)   coste      24       24
( 358, 822)   coste      40       40
( 359, 360)   coste      36       36
( 359, 822)   coste      25       25
( 360, 544)   coste      54       54
( 361, 468)   coste      19       19
( 362, 363)   coste      26       26
( 362, 673)   coste      40       40
( 363, 468)   coste      43       43
( 364, 468)   coste      39       39
( 367, 368)   coste       4        4
( 367, 466)   coste      30       30
( 368, 467)   coste      14       14
( 369, 564)   coste      45       45
( 370, 564)   coste      28       28
( 370, 894)   coste      43       43
( 371, 894)   coste      27       27
( 373, 882)   coste      45       45
( 374, 872)   coste      32       32
( 374, 882)   coste      33       33
( 375, 433)   coste      19       19
( 375, 698)   coste       8        8
( 376, 523)   coste      32       32
( 377, 716)   coste      34       34
( 377, 771)   coste      42       42
( 378, 530)   coste      26       26
( 378, 771)   coste      50       50
( 379, 400)   coste      27       27
( 379, 616)   coste      27       27
( 382, 383)   coste      52       52
( 382, 554)   coste      18       18
( 383, 421)   coste      47       47
( 386, 387)   coste      34       34
( 386, 794)   coste      36       36
( 386, 879)   coste      40       40
( 388, 840)   coste      22       22
( 388, 841)   coste      12       12
( 389, 427)   coste      32       32
( 389, 428)   coste      17       17
( 389, 841)   coste      31       31
( 391, 585)   coste      10       10
( 391, 586)   coste       2        2
( 392, 926)   coste      30       30
( 395, 571)   coste      36       36
( 397, 592)   coste      40       40
( 397, 708)   coste      14       14
( 397, 786)   coste      40       40
( 398, 399)   coste      42       42
( 398, 592)   coste      28       28
( 399, 708)   coste      22       22
( 400, 580)   coste      22       22
( 400, 616)   coste      23       23
( 401, 580)   coste      41       41
( 401, 616)   coste      27       27
( 402, 463)   coste      21       21
( 402, 803)   coste      25       25
( 403, 801)   coste      24       24
( 403, 803)   coste      13       13
( 404, 546)   coste      59       59
( 404, 873)   coste      28       28
( 405, 432)   coste      36       36
( 405, 546)   coste      46       46
( 405, 873)   coste      37       37
( 406, 625)   coste      30       30
( 406, 926)   coste      51       51
( 407, 625)   coste      28       28
( 407, 628)   coste      55       55
( 409, 863)   coste      13       13
( 410, 494)   coste      53       53
( 410, 666)   coste      51       51
( 410, 919)   coste      26       26
( 411, 494)   coste      32       32
( 411, 666)   coste      37       37
( 411, 919)   coste      38       38
( 412, 627)   coste      34       34
( 412, 804)   coste      29       29
( 413, 414)   coste       9        9
( 413, 804)   coste      37       37
( 414, 804)   coste      29       29
( 415, 428)   coste      64       64
( 416, 520)   coste      17       17
( 417, 520)   coste       9        9
( 418, 842)   coste      24       24
( 418, 843)   coste      11       11
( 418, 927)   coste      62       62
( 419, 825)   coste      70       70
( 419, 843)   coste      35       35
( 419, 908)   coste      64       64
( 420, 651)   coste      29       29
( 420, 730)   coste      31       31
( 420, 897)   coste       8        8
( 421, 422)   coste      22       22
( 424, 704)   coste      26       26
( 424, 739)   coste       5        5
( 424, 740)   coste      30       30
( 427, 429)   coste      21       21
( 428, 429)   coste      29       29
( 429, 430)   coste      27       27
( 430, 658)   coste      47       47
( 431, 714)   coste      32       32
( 431, 872)   coste      48       48
( 432, 714)   coste       7        7
( 433, 698)   coste      18       18
( 434, 810)   coste      18       18
( 435, 668)   coste      55       55
( 436, 440)   coste      49       49
( 438, 440)   coste      43       43
( 439, 668)   coste      40       40
( 441, 907)   coste      38       38
( 443, 654)   coste      44       44
( 443, 655)   coste      39       39
( 443, 732)   coste      45       45
( 444, 445)   coste      26       26
( 444, 763)   coste      33       33
( 448, 573)   coste      31       31
( 450, 760)   coste      50       50
( 450, 901)   coste     123      123
( 451, 517)   coste      31       31
( 451, 861)   coste      27       27
( 452, 537)   coste      14       14
( 453, 537)   coste      35       35
( 454, 532)   coste      79       79
( 454, 847)   coste      36       36
( 455, 691)   coste      19       19
( 456, 850)   coste      39       39
( 457, 686)   coste      27       27
( 457, 687)   coste      20       20
( 458, 864)   coste      46       46
( 459, 783)   coste      23       23
( 460, 783)   coste      30       30
( 460, 867)   coste      49       49
( 461, 463)   coste      24       24
( 461, 803)   coste      28       28
( 461, 923)   coste       9        9
( 462, 801)   coste      19       19
( 462, 812)   coste      34       34
( 462, 823)   coste      28       28
( 463, 803)   coste      22       22
( 465, 868)   coste      30       30
( 469, 577)   coste      40       40
( 469, 676)   coste      37       37
( 471, 473)   coste      15       15
( 472, 473)   coste      25       25
( 472, 902)   coste      20       20
( 474, 584)   coste      51       51
( 476, 477)   coste      48       48
( 476, 672)   coste      19       19
( 477, 672)   coste      37       37
( 479, 786)   coste      30       30
( 479, 787)   coste      15       15
( 480, 482)   coste      10       10
( 480, 787)   coste      15       15
( 481, 506)   coste       2        2
( 483, 496)   coste      19       19
( 484, 532)   coste      31       31
( 485, 532)   coste      35       35
( 485, 904)   coste      33       33
( 486, 532)   coste      34       34
( 486, 904)   coste      32       32
( 487, 912)   coste      35       35
( 488, 875)   coste      13       13
( 489, 591)   coste      44       44
( 490, 492)   coste      33       33
( 491, 591)   coste      49       49
( 493, 869)   coste      37       37
( 493, 870)   coste      27       27
( 494, 666)   coste      26       26
( 494, 919)   coste      51       51
( 494, 929)   coste      25       25
( 495, 929)   coste      43       43
( 498, 854)   coste      42       42
( 499, 569)   coste      39       39
( 500, 555)   coste      71       71
( 500, 556)   coste      58       58
( 500, 569)   coste      71       71
( 501, 849)   coste      24       24
( 503, 505)   coste      46       46
( 503, 541)   coste      57       57
( 504, 543)   coste      41       41
( 506, 507)   coste      43       43
( 508, 515)   coste      42       42
( 509, 510)   coste      32       32
( 509, 688)   coste      42       42
( 512, 514)   coste      16       16
( 512, 871)   coste      40       40
( 513, 543)   coste      17       17
( 513, 550)   coste      31       31
( 514, 871)   coste      30       30
( 515, 688)   coste      18       18
( 516, 522)   coste      28       28
( 516, 861)   coste      31       31
( 518, 521)   coste      31       31
( 521, 813)   coste      31       31
( 523, 600)   coste      39       39
( 524, 600)   coste       6        6
( 524, 915)   coste      19       19
( 525, 526)   coste      17       17
( 526, 632)   coste      18       18
( 526, 633)   coste      14       14
( 527, 820)   coste      21       21
( 528, 898)   coste      14       14
( 529, 770)   coste      35       35
( 530, 770)   coste      18       18
( 531, 738)   coste      25       25
( 531, 770)   coste      25       25
( 532, 847)   coste      71       71
( 532, 848)   coste      80       80
( 533, 611)   coste      13       13
( 533, 612)   coste      17       17
( 533, 795)   coste      21       21
( 533, 797)   coste       6        6
( 537, 753)   coste      40       40
( 540, 593)   coste      46       46
( 540, 594)   coste      38       38
( 540, 622)   coste      38       38
( 541, 550)   coste      30       30
( 543, 729)   coste      34       34
( 544, 759)   coste      47       47
( 545, 759)   coste      37       37
( 551, 918)   coste     113      113
( 553, 665)   coste      16       16
( 553, 919)   coste      33       33
( 554, 755)   coste      31       31
( 555, 569)   coste      62       62
( 555, 851)   coste      20       20
( 555, 852)   coste      22       22
( 556, 569)   coste      49       49
( 556, 851)   coste      22       22
( 556, 852)   coste      11       11
( 557, 857)   coste      19       19
( 557, 858)   coste      21       21
( 557, 878)   coste      20       20
( 558, 701)   coste      25       25
( 559, 700)   coste      41       41
( 559, 905)   coste       2        2
( 559, 906)   coste      21       21
( 560, 715)   coste      18       18
( 560, 905)   coste      28       28
( 560, 906)   coste      11       11
( 561, 703)   coste      13       13
( 561, 750)   coste      36       36
( 561, 791)   coste      21       21
( 562, 881)   coste      30       30
( 563, 750)   coste      34       34
( 564, 836)   coste      34       34
( 565, 836)   coste      33       33
( 571, 583)   coste      36       36
( 571, 903)   coste      36       36
( 572, 891)   coste      42       42
( 572, 903)   coste      33       33
( 575, 729)   coste      39       39
( 576, 615)   coste      32       32
( 577, 767)   coste      33       33
( 577, 768)   coste      33       33
( 578, 916)   coste       9        9
( 580, 877)   coste      25       25
( 581, 754)   coste      42       42
( 581, 914)   coste      44       44
( 582, 837)   coste      32       32
( 582, 855)   coste      22       22
( 582, 891)   coste      42       42
( 583, 753)   coste      11       11
( 584, 693)   coste      12       12
( 584, 902)   coste      28       28
( 587, 720)   coste      26       26
( 587, 831)   coste      39       39
( 588, 719)   coste      20       20
( 588, 831)   coste      28       28
( 589, 635)   coste      18       18
( 589, 638)   coste      27       27
( 593, 621)   coste      45       45
( 594, 621)   coste      30       30
( 594, 622)   coste      39       39
( 595, 718)   coste      40       40
( 595, 800)   coste      17       17
( 598, 645)   coste      22       22
( 598, 915)   coste      40       40
( 599, 637)   coste     125      125
( 599, 644)   coste      14       14
( 599, 645)   coste      39       39
( 599, 646)   coste     108      108
( 600, 790)   coste      31       31
( 600, 915)   coste      15       15
( 602, 724)   coste      45       45
( 602, 746)   coste      38       38
( 603, 604)   coste      51       51
( 603, 921)   coste      65       65
( 604, 921)   coste      45       45
( 605, 660)   coste      44       44
( 606, 607)   coste      37       37
( 609, 610)   coste      46       46
( 609, 611)   coste      65       65
( 609, 652)   coste      54       54
( 609, 657)   coste      41       41
( 610, 781)   coste      39       39
( 611, 612)   coste      25       25
( 611, 652)   coste      93       93
( 612, 795)   coste      20       20
( 618, 698)   coste      13       13
( 620, 883)   coste      42       42
( 621, 718)   coste      42       42
( 622, 623)   coste      25       25
( 623, 769)   coste      44       44
( 623, 850)   coste      27       27
( 625, 628)   coste      29       29
( 626, 628)   coste      35       35
( 626, 732)   coste      50       50
( 626, 764)   coste      34       34
( 629, 630)   coste      51       51
( 632, 790)   coste      29       29
( 632, 856)   coste      31       31
( 633, 790)   coste      25       25
( 635, 643)   coste      31       31
( 636, 814)   coste      37       37
( 637, 644)   coste     138      138
( 637, 646)   coste      55       55
( 637, 846)   coste      27       27
( 640, 641)   coste      18       18
( 640, 699)   coste      25       25
( 640, 736)   coste      28       28
( 640, 737)   coste       5        5
( 641, 741)   coste      30       30
( 642, 643)   coste      21       21
( 642, 846)   coste      18       18
( 642, 870)   coste      39       39
( 643, 814)   coste      30       30
( 644, 646)   coste     121      121
( 644, 712)   coste      39       39
( 644, 713)   coste      24       24
( 644, 717)   coste      37       37
( 646, 869)   coste      33       33
( 647, 869)   coste      61       61
( 648, 756)   coste      14       14
( 649, 756)   coste      39       39
( 649, 890)   coste      10       10
( 650, 748)   coste      31       31
( 650, 756)   coste      31       31
( 653, 842)   coste      27       27
( 653, 843)   coste      31       31
( 654, 655)   coste      22       22
( 654, 732)   coste      57       57
( 654, 842)   coste      37       37
( 655, 732)   coste      68       68
( 655, 825)   coste      62       62
( 655, 842)   coste      35       35
( 655, 908)   coste      84       84
( 658, 811)   coste      91       91
( 665, 919)   coste      31       31
( 666, 857)   coste      29       29
( 666, 929)   coste      44       44
( 667, 695)   coste      43       43
( 667, 888)   coste      28       28
( 669, 827)   coste      41       41
( 669, 828)   coste      17       17
( 671, 705)   coste      63       63
( 671, 707)   coste      59       59
( 671, 900)   coste      63       63
( 673, 706)   coste     118      118
( 673, 844)   coste     110      110
( 673, 845)   coste      95       95
( 675, 893)   coste       4        4
( 676, 876)   coste      18       18
( 679, 798)   coste      22       22
( 679, 921)   coste      86       86
( 680, 681)   coste       6        6
( 682, 913)   coste      12       12
( 683, 877)   coste      18       18
( 683, 913)   coste      12       12
( 690, 845)   coste      26       26
( 692, 697)   coste      40       40
( 692, 874)   coste      34       34
( 693, 694)   coste      51       51
( 693, 902)   coste      38       38
( 695, 696)   coste      31       31
( 696, 837)   coste      31       31
( 697, 779)   coste      27       27
( 697, 780)   coste      42       42
( 697, 874)   coste      39       39
( 699, 736)   coste       4        4
( 699, 737)   coste      25       25
( 700, 736)   coste      11       11
( 700, 905)   coste      42       42
( 701, 827)   coste      53       53
( 704, 806)   coste      27       27
( 706, 844)   coste      84       84
( 706, 845)   coste      69       69
( 706, 868)   coste      41       41
( 708, 787)   coste      27       27
( 709, 901)   coste      36       36
( 710, 711)   coste      28       28
( 710, 815)   coste      40       40
( 711, 760)   coste      19       19
( 711, 807)   coste      24       24
( 714, 873)   coste      40       40
( 717, 808)   coste      31       31
( 721, 722)   coste      52       52
( 723, 759)   coste      40       40
( 724, 904)   coste      11       11
( 725, 879)   coste      47       47
( 726, 728)   coste      43       43
( 727, 728)   coste      29       29
( 727, 834)   coste      24       24
( 730, 897)   coste      32       32
( 733, 886)   coste      29       29
( 733, 896)   coste      35       35
( 734, 886)   coste      11       11
( 735, 858)   coste      16       16
( 735, 878)   coste      25       25
( 742, 768)   coste      21       21
( 744, 896)   coste      47       47
( 745, 796)   coste      12       12
( 746, 774)   coste      14       14
( 746, 796)   coste      18       18
( 747, 774)   coste      14       14
( 753, 903)   coste       9        9
( 754, 891)   coste      30       30
( 754, 903)   coste      29       29
( 756, 890)   coste      39       39
( 757, 902)   coste      36       36
( 761, 807)   coste      26       26
( 762, 924)   coste      37       37
( 763, 764)   coste      18       18
( 765, 824)   coste      23       23
( 765, 825)   coste      26       26
( 765, 826)   coste       7        7
( 765, 908)   coste      28       28
( 766, 824)   coste      23       23
( 773, 774)   coste      31       31
( 775, 806)   coste      19       19
( 776, 844)   coste      47       47
( 776, 909)   coste      38       38
( 776, 910)   coste      28       28
( 777, 887)   coste      62       62
( 777, 917)   coste      74       74
( 780, 902)   coste      45       45
( 782, 867)   coste      18       18
( 785, 867)   coste      28       28
( 792, 833)   coste      52       52
( 792, 838)   coste      13       13
( 793, 838)   coste      42       42
( 793, 839)   coste      29       29
( 794, 879)   coste       8        8
( 795, 797)   coste      16       16
( 798, 925)   coste      34       34
( 799, 925)   coste      28       28
( 800, 808)   coste      30       30
( 801, 812)   coste      40       40
( 801, 823)   coste      10       10
( 802, 812)   coste      21       21
( 803, 923)   coste      36       36
( 816, 853)   coste      26       26
( 817, 818)   coste      29       29
( 818, 819)   coste      20       20
( 825, 842)   coste      60       60
( 825, 908)   coste      25       25
( 827, 828)   coste      56       56
( 833, 838)   coste      55       55
( 833, 879)   coste      25       25
( 842, 908)   coste      82       82
( 843, 927)   coste      54       54
( 857, 858)   coste      27       27
( 857, 878)   coste      11       11
( 858, 878)   coste      17       17
( 859, 860)   coste      18       18
( 859, 888)   coste      33       33
( 860, 878)   coste      39       39
( 872, 882)   coste      25       25
( 878, 888)   coste      43       43
( 884, 885)   coste      11       11
( 887, 917)   coste      61       61
( 895, 923)   coste      38       38
( 895, 928)   coste      19       19
( 919, 929)   coste      45       45
