NOMBRE : UR142
COMENTARIO : 167  componentes 
VERTICES :  709
ARISTAS_REQ :  564
ARISTAS_NOREQ : 1251
LISTA_ARISTAS_REQ :
(   1,   2)   coste      10       10
(   3,   4)   coste      13       13
(   3,   5)   coste      15       15
(   3,   6)   coste      27       27
(   7,   8)   coste       9        9
(   9,  10)   coste      27       27
(  11,  12)   coste      39       39
(  11,  13)   coste      41       41
(  14,  15)   coste       5        5
(  16,  17)   coste      17       17
(  16,  18)   coste      21       21
(  19,  20)   coste      29       29
(  21,  22)   coste      35       35
(  23,  24)   coste      29       29
(  25,  26)   coste       9        9
(  27,  28)   coste      54       54
(  29,  30)   coste      30       30
(  29,  31)   coste      24       24
(  29,  32)   coste      32       32
(  33,  34)   coste      29       29
(  35,  36)   coste      32       32
(  35,  37)   coste       9        9
(  35,  38)   coste      29       29
(  39,  40)   coste      51       51
(  39,  41)   coste      33       33
(  42,  43)   coste      12       12
(  44,  45)   coste      32       32
(  44,  46)   coste      32       32
(  47,  48)   coste      39       39
(  47,  49)   coste      20       20
(  50,  51)   coste      35       35
(  52,  53)   coste      38       38
(  54,  55)   coste      39       39
(  56,  57)   coste      37       37
(  58,  59)   coste      46       46
(  60,  61)   coste      17       17
(  62,  63)   coste      33       33
(  62,  64)   coste      34       34
(  65,  66)   coste      13       13
(  65,  67)   coste      11       11
(  68,  69)   coste       4        4
(  68,  70)   coste      18       18
(  71,  72)   coste      29       29
(  73,  74)   coste      41       41
(  75,  76)   coste      23       23
(  77,  78)   coste      19       19
(  79,  80)   coste      37       37
(  81,  82)   coste      36       36
(  83,  84)   coste      64       64
(  83,  85)   coste      33       33
(  83,  86)   coste      11       11
(  87,  88)   coste      25       25
(  89,  90)   coste      25       25
(  89,  91)   coste      27       27
(  92,  93)   coste      18       18
(  94,  95)   coste      16       16
(  96,  97)   coste      24       24
(  98,  99)   coste      26       26
( 100, 101)   coste      26       26
( 100, 102)   coste      19       19
( 100, 103)   coste      33       33
( 104, 105)   coste      14       14
( 104, 106)   coste       5        5
(  88, 107)   coste      17       17
( 108, 109)   coste       2        2
( 108, 110)   coste      13       13
( 111, 112)   coste      51       51
( 111, 113)   coste      47       47
( 114, 115)   coste      27       27
( 116, 117)   coste      16       16
( 116, 118)   coste       7        7
( 119, 120)   coste      17       17
( 119, 121)   coste      26       26
( 122, 123)   coste      35       35
( 124, 125)   coste      22       22
( 126, 127)   coste      45       45
( 128, 129)   coste       1        1
( 130, 131)   coste      11       11
( 132, 133)   coste      30       30
(  12, 134)   coste      37       37
( 135, 136)   coste      28       28
( 135, 137)   coste      23       23
( 138, 139)   coste       9        9
(  30, 140)   coste      20       20
(  30, 141)   coste      25       25
(  51, 142)   coste      42       42
( 143, 144)   coste      22       22
( 145, 146)   coste      27       27
( 147, 148)   coste      34       34
( 149, 150)   coste      25       25
( 149, 151)   coste      41       41
( 146, 152)   coste      23       23
( 146, 153)   coste      36       36
(  90, 154)   coste      33       33
(  90, 155)   coste      60       60
( 156, 157)   coste       7        7
( 156, 158)   coste      23       23
( 159, 160)   coste      25       25
( 159, 161)   coste       5        5
( 159, 162)   coste      30       30
( 163, 164)   coste      50       50
( 163, 165)   coste      37       37
( 166, 167)   coste      20       20
( 168, 169)   coste      42       42
( 170, 171)   coste      40       40
( 103, 170)   coste      11       11
( 144, 172)   coste      20       20
( 144, 173)   coste      30       30
( 174, 175)   coste      62       62
( 148, 176)   coste      28       28
( 177, 178)   coste      42       42
( 179, 180)   coste       5        5
( 167, 181)   coste      36       36
( 182, 183)   coste      27       27
( 184, 185)   coste      14       14
( 184, 186)   coste      23       23
( 187, 188)   coste      21       21
( 187, 189)   coste      31       31
( 190, 191)   coste      40       40
( 192, 193)   coste      37       37
( 192, 194)   coste      42       42
( 131, 195)   coste       7        7
( 195, 196)   coste      34       34
( 197, 198)   coste      55       55
( 199, 200)   coste      51       51
( 201, 202)   coste      39       39
( 203, 204)   coste      32       32
( 203, 205)   coste      33       33
( 206, 207)   coste      26       26
( 208, 209)   coste      11       11
( 210, 211)   coste      23       23
( 212, 213)   coste      42       42
(  74, 214)   coste      13       13
( 215, 216)   coste      62       62
( 215, 217)   coste      14       14
( 218, 219)   coste      33       33
( 220, 221)   coste       4        4
( 220, 222)   coste      15       15
( 220, 223)   coste      11       11
( 224, 225)   coste      28       28
( 224, 226)   coste      32       32
(  55, 227)   coste      41       41
( 228, 229)   coste       9        9
( 228, 230)   coste      29       29
( 231, 232)   coste      14       14
( 231, 233)   coste      36       36
( 234, 235)   coste       2        2
( 169, 236)   coste      52       52
(  59, 237)   coste      12       12
( 238, 239)   coste      34       34
( 240, 241)   coste      29       29
( 242, 243)   coste       5        5
( 209, 244)   coste      44       44
( 209, 245)   coste      34       34
( 246, 247)   coste      36       36
( 248, 249)   coste      23       23
(  53, 248)   coste      22       22
( 248, 250)   coste       9        9
( 251, 252)   coste      27       27
( 253, 254)   coste      19       19
( 255, 256)   coste      49       49
( 257, 258)   coste      15       15
( 125, 257)   coste      18       18
( 257, 259)   coste      35       35
( 257, 260)   coste      28       28
( 261, 262)   coste       8        8
( 263, 264)   coste      40       40
( 265, 266)   coste      16       16
( 102, 267)   coste      41       41
(  34, 268)   coste      33       33
( 268, 269)   coste      39       39
( 268, 270)   coste      40       40
( 271, 272)   coste      19       19
( 271, 273)   coste      14       14
( 233, 274)   coste      29       29
( 275, 276)   coste      39       39
( 275, 277)   coste      61       61
( 278, 279)   coste      48       48
( 280, 281)   coste      21       21
( 280, 282)   coste       2        2
( 283, 284)   coste      23       23
( 283, 285)   coste      17       17
( 283, 286)   coste      11       11
( 287, 288)   coste      26       26
( 289, 290)   coste      33       33
( 291, 292)   coste      43       43
( 293, 294)   coste      29       29
( 293, 295)   coste      32       32
( 296, 297)   coste      27       27
( 298, 299)   coste      53       53
( 300, 301)   coste      48       48
( 300, 302)   coste      49       49
( 302, 303)   coste      14       14
( 153, 304)   coste      35       35
(  22, 305)   coste      20       20
( 306, 307)   coste      18       18
( 306, 308)   coste      28       28
( 309, 310)   coste      26       26
(  93, 309)   coste      26       26
( 311, 312)   coste      33       33
( 313, 314)   coste      14       14
( 313, 315)   coste      13       13
( 250, 313)   coste      26       26
( 316, 317)   coste      25       25
( 318, 319)   coste      41       41
( 318, 320)   coste      36       36
( 139, 321)   coste      29       29
( 322, 323)   coste      23       23
( 322, 324)   coste      12       12
( 325, 326)   coste      49       49
( 186, 327)   coste      16       16
( 327, 328)   coste      14       14
( 329, 330)   coste      40       40
( 331, 332)   coste      53       53
( 331, 333)   coste      39       39
( 331, 334)   coste      22       22
( 335, 336)   coste      45       45
( 337, 338)   coste      42       42
( 266, 337)   coste       2        2
( 171, 193)   coste      30       30
( 339, 340)   coste      37       37
(  70, 341)   coste       9        9
(  97, 342)   coste       9        9
( 334, 343)   coste      20       20
(   4, 344)   coste      33       33
( 345, 346)   coste      52       52
( 345, 347)   coste      44       44
(  12, 348)   coste      18       18
( 176, 310)   coste      35       35
( 349, 350)   coste      18       18
( 349, 351)   coste      28       28
( 352, 353)   coste      18       18
( 281, 354)   coste      26       26
( 158, 354)   coste      25       25
( 332, 355)   coste      33       33
( 355, 356)   coste      52       52
( 333, 355)   coste      62       62
( 258, 357)   coste      38       38
( 358, 359)   coste      39       39
( 189, 360)   coste      27       27
( 361, 362)   coste      31       31
( 161, 363)   coste      26       26
( 319, 364)   coste      31       31
(  82, 364)   coste      24       24
( 101, 365)   coste      35       35
( 186, 366)   coste      31       31
( 353, 367)   coste      19       19
( 368, 369)   coste      12       12
( 368, 370)   coste      12       12
( 371, 372)   coste      36       36
( 371, 373)   coste      45       45
( 374, 375)   coste      30       30
( 374, 376)   coste      27       27
( 290, 377)   coste      21       21
( 290, 378)   coste       3        3
(  69,  70)   coste      17       17
(  69, 379)   coste      18       18
( 372, 380)   coste      31       31
( 372, 373)   coste      33       33
( 127, 381)   coste      27       27
( 382, 383)   coste      19       19
( 382, 384)   coste      49       49
( 112, 385)   coste      16       16
(  49, 386)   coste      12       12
( 115, 387)   coste      21       21
( 326, 388)   coste      33       33
( 389, 390)   coste       4        4
(  86, 391)   coste      38       38
( 239, 392)   coste      34       34
( 393, 394)   coste      37       37
( 393, 395)   coste      22       22
( 185, 393)   coste      16       16
( 396, 397)   coste      26       26
( 398, 399)   coste      16       16
( 400, 401)   coste      45       45
( 402, 403)   coste      37       37
( 402, 404)   coste      25       25
( 405, 406)   coste      34       34
( 405, 407)   coste      42       42
( 405, 408)   coste      15       15
( 362, 409)   coste      35       35
(  15, 410)   coste      40       40
( 411, 412)   coste      24       24
( 413, 414)   coste      26       26
( 413, 415)   coste      35       35
( 416, 417)   coste      55       55
( 294, 418)   coste      33       33
( 294, 295)   coste       4        4
( 191, 419)   coste      20       20
( 412, 420)   coste      16       16
( 412, 421)   coste      39       39
( 422, 423)   coste      33       33
( 422, 424)   coste       1        1
( 425, 426)   coste      25       25
( 377, 427)   coste      16       16
( 357, 428)   coste      34       34
( 281, 429)   coste      33       33
( 430, 431)   coste      40       40
( 430, 432)   coste      20       20
( 430, 433)   coste      43       43
(  85, 434)   coste      23       23
( 181, 435)   coste      35       35
( 436, 437)   coste      36       36
( 307, 438)   coste      35       35
( 307, 308)   coste      27       27
( 439, 440)   coste      25       25
( 439, 441)   coste      31       31
( 442, 443)   coste      32       32
( 442, 444)   coste      21       21
( 346, 445)   coste      47       47
( 446, 447)   coste       8        8
( 336, 448)   coste      14       14
( 449, 450)   coste      39       39
( 449, 451)   coste      27       27
( 154, 452)   coste      34       34
( 453, 454)   coste      25       25
( 453, 455)   coste      13       13
( 456, 457)   coste      13       13
( 458, 459)   coste       9        9
( 460, 461)   coste      33       33
( 375, 460)   coste      33       33
( 317, 462)   coste      11       11
( 463, 464)   coste      21       21
( 324, 463)   coste      10       10
( 465, 466)   coste      33       33
( 465, 467)   coste      36       36
( 468, 469)   coste      41       41
( 470, 471)   coste       9        9
( 470, 472)   coste      34       34
( 473, 474)   coste      28       28
( 473, 475)   coste       4        4
( 476, 477)   coste      31       31
( 324, 464)   coste      13       13
( 478, 479)   coste      11       11
( 480, 481)   coste      30       30
(  66,  67)   coste      17       17
( 459, 482)   coste      25       25
( 483, 484)   coste      29       29
( 485, 486)   coste      42       42
( 487, 488)   coste      14       14
( 487, 489)   coste      33       33
( 487, 490)   coste      23       23
( 491, 492)   coste      47       47
( 493, 494)   coste      29       29
( 495, 496)   coste      14       14
( 496, 497)   coste      41       41
( 498, 499)   coste      16       16
( 500, 501)   coste      22       22
( 500, 502)   coste      28       28
( 500, 503)   coste      38       38
( 131, 504)   coste      24       24
( 245, 504)   coste       9        9
( 505, 506)   coste      44       44
( 277, 505)   coste      17       17
( 279, 507)   coste       8        8
( 508, 509)   coste      33       33
(  28, 510)   coste      51       51
( 191, 511)   coste      10       10
( 496, 512)   coste      27       27
( 496, 513)   coste      21       21
( 441, 514)   coste      34       34
( 249, 515)   coste      33       33
(  53, 249)   coste      21       21
( 516, 517)   coste      18       18
( 518, 519)   coste      33       33
(  10, 520)   coste      49       49
( 521, 522)   coste      33       33
( 523, 524)   coste      36       36
( 523, 525)   coste      24       24
( 153, 526)   coste      28       28
( 105, 527)   coste      31       31
( 528, 529)   coste      18       18
( 528, 530)   coste      28       28
( 531, 532)   coste      35       35
( 423, 424)   coste      33       33
( 423, 533)   coste      22       22
( 534, 535)   coste      47       47
( 536, 537)   coste      22       22
( 414, 536)   coste       6        6
( 512, 538)   coste      29       29
( 538, 539)   coste      12       12
( 540, 541)   coste      23       23
( 540, 542)   coste      17       17
( 543, 544)   coste      26       26
( 543, 545)   coste      49       49
( 479, 511)   coste      47       47
( 546, 547)   coste      30       30
( 548, 549)   coste      14       14
( 548, 550)   coste      36       36
( 164, 551)   coste      52       52
( 494, 552)   coste      19       19
( 347, 553)   coste      40       40
( 524, 554)   coste      30       30
( 328, 524)   coste      33       33
(  22, 555)   coste      13       13
( 556, 557)   coste      12       12
( 556, 558)   coste      30       30
( 559, 560)   coste      22       22
( 362, 561)   coste      18       18
( 562, 563)   coste      12       12
( 338, 564)   coste      11       11
( 565, 566)   coste      46       46
( 567, 568)   coste      20       20
( 567, 569)   coste      29       29
( 570, 571)   coste      25       25
(  34, 572)   coste      18       18
( 152, 573)   coste      20       20
( 152, 574)   coste      15       15
( 481, 575)   coste      45       45
( 474, 475)   coste      27       27
( 410, 576)   coste      30       30
( 334, 356)   coste      35       35
(  67, 577)   coste      33       33
(  67, 399)   coste      34       34
( 578, 579)   coste       9        9
( 369, 580)   coste      32       32
( 529, 581)   coste      30       30
( 440, 582)   coste      19       19
( 475, 583)   coste      29       29
( 583, 584)   coste      26       26
( 292, 585)   coste      49       49
( 384, 586)   coste      13       13
( 547, 568)   coste      20       20
( 447, 587)   coste      38       38
( 415, 587)   coste      10       10
( 588, 589)   coste      37       37
( 451, 588)   coste      35       35
( 340, 455)   coste      30       30
( 506, 590)   coste      40       40
( 270, 591)   coste      12       12
( 592, 593)   coste      34       34
( 594, 595)   coste      29       29
( 596, 597)   coste      39       39
( 533, 596)   coste      37       37
( 598, 599)   coste      29       29
( 150, 600)   coste      25       25
( 554, 601)   coste      44       44
( 554, 602)   coste      26       26
( 221, 603)   coste      26       26
( 120, 550)   coste      10       10
( 604, 605)   coste      31       31
( 606, 607)   coste      12       12
( 606, 608)   coste      16       16
(  82, 609)   coste      18       18
( 609, 610)   coste      31       31
(  84, 608)   coste      54       54
(  84, 611)   coste      33       33
(  63, 612)   coste      15       15
(  63, 613)   coste      26       26
( 217, 614)   coste      36       36
( 601, 615)   coste      42       42
( 616, 617)   coste      38       38
( 616, 618)   coste      34       34
( 406, 619)   coste      41       41
( 236, 620)   coste      49       49
( 151, 486)   coste      42       42
( 621, 622)   coste      28       28
(  49, 621)   coste      11       11
( 621, 623)   coste      35       35
( 571, 624)   coste      11       11
( 625, 626)   coste      13       13
( 276, 590)   coste      51       51
( 276, 627)   coste      63       63
( 319, 628)   coste      22       22
(  48, 629)   coste      42       42
( 630, 631)   coste       9        9
( 632, 633)   coste      34       34
( 117, 632)   coste      46       46
( 632, 634)   coste      29       29
( 529, 626)   coste      28       28
( 557, 635)   coste      23       23
( 636, 637)   coste      32       32
( 154, 636)   coste      39       39
( 636, 638)   coste      34       34
( 563, 589)   coste      17       17
( 539, 639)   coste      38       38
( 295, 418)   coste      30       30
( 221, 640)   coste      26       26
( 641, 642)   coste      25       25
(  59, 641)   coste      20       20
( 643, 644)   coste      23       23
( 571, 645)   coste      12       12
( 222, 223)   coste      23       23
( 568, 569)   coste      17       17
( 469, 646)   coste      37       37
( 469, 647)   coste      25       25
( 226, 648)   coste      31       31
(  13, 649)   coste      28       28
( 183, 259)   coste      28       28
(  80, 650)   coste      31       31
( 121, 651)   coste      43       43
(  64, 651)   coste      44       44
( 424, 597)   coste      29       29
( 607, 652)   coste      32       32
( 575, 607)   coste      39       39
(   2, 653)   coste       4        4
( 654, 655)   coste      36       36
( 557, 654)   coste      28       28
(  38, 401)   coste      32       32
( 142, 656)   coste      37       37
( 381, 657)   coste      42       42
( 658, 659)   coste      35       35
( 462, 659)   coste      48       48
( 660, 661)   coste      36       36
( 660, 662)   coste      41       41
(  26, 502)   coste      58       58
( 334, 663)   coste      30       30
( 437, 664)   coste       9        9
( 634, 665)   coste      31       31
( 137, 666)   coste      32       32
( 320, 667)   coste      31       31
( 489, 668)   coste      15       15
( 205, 669)   coste      33       33
( 281, 670)   coste      27       27
( 301, 522)   coste      26       26
( 320, 646)   coste      36       36
( 477, 671)   coste      29       29
( 664, 672)   coste      11       11
( 205, 671)   coste      23       23
( 295, 673)   coste      41       41
( 673, 674)   coste      28       28
( 471, 675)   coste      32       32
( 661, 662)   coste      27       27
( 661, 676)   coste      26       26
( 136, 677)   coste      28       28
( 407, 619)   coste      37       37
( 572, 678)   coste      29       29
( 404, 679)   coste      37       37
( 679, 680)   coste      37       37
( 681, 682)   coste      38       38
( 683, 684)   coste      39       39
( 685, 686)   coste      18       18
( 687, 688)   coste      33       33
( 573, 574)   coste      12       12
( 689, 690)   coste      29       29
( 219, 691)   coste      23       23
( 219, 542)   coste      18       18
( 219, 662)   coste      32       32
( 273, 499)   coste      25       25
( 692, 693)   coste      43       43
( 529, 694)   coste      18       18
( 542, 691)   coste      11       11
( 243, 627)   coste      42       42
( 101, 102)   coste      31       31
( 695, 696)   coste      38       38
( 599, 697)   coste      11       11
( 682, 698)   coste      44       44
( 373, 699)   coste      20       20
(  64, 308)   coste      47       47
(  10, 353)   coste      30       30
( 662, 700)   coste      45       45
(  59, 642)   coste       7        7
( 530, 552)   coste       2        2
( 106, 701)   coste       7        7
( 702, 703)   coste      48       48
( 615, 704)   coste      30       30
( 415, 705)   coste      47       47
( 141, 675)   coste      18       18
( 295, 503)   coste      45       45
(  55, 706)   coste      34       34
( 183, 707)   coste      18       18
( 312, 708)   coste      54       54
( 129, 706)   coste      39       39
( 676, 709)   coste      44       44
LISTA_ARISTAS_NOREQ :
(   1,  23)   coste      71       71
(   1,  94)   coste      22       22
(   1, 592)   coste      84       84
(   1, 593)   coste      57       57
(   1, 653)   coste      13       13
(   2,  94)   coste      19       19
(   2,  95)   coste      30       30
(   3, 344)   coste      33       33
(   3, 374)   coste      59       59
(   4,   5)   coste      17       17
(   5,   6)   coste      32       32
(   5, 376)   coste      57       57
(   5, 460)   coste      82       82
(   5, 461)   coste      62       62
(   6, 344)   coste      56       56
(   6, 374)   coste      51       51
(   6, 376)   coste      28       28
(   6, 460)   coste      55       55
(   6, 461)   coste      35       35
(   7,  63)   coste      77       77
(   7, 132)   coste      41       41
(   7, 133)   coste      48       48
(   7, 360)   coste      48       48
(   7, 521)   coste      84       84
(   7, 559)   coste     114      114
(   7, 592)   coste     105      105
(   7, 686)   coste      33       33
(   8,  63)   coste      69       69
(   8, 133)   coste      40       40
(   8, 360)   coste      40       40
(   8, 521)   coste      76       76
(   8, 592)   coste      97       97
(   9, 610)   coste      37       37
(   9, 683)   coste      42       42
(   9, 684)   coste      35       35
(  10, 254)   coste      41       41
(  10, 367)   coste      17       17
(  11, 134)   coste       6        6
(  12, 491)   coste      83       83
(  12, 514)   coste     105      105
(  13,  42)   coste      88       88
(  13, 175)   coste     128      128
(  13, 491)   coste      33       33
(  14, 208)   coste      47       47
(  14, 410)   coste      37       37
(  14, 576)   coste      45       45
(  15, 208)   coste      48       48
(  16, 206)   coste      18       18
(  16, 207)   coste      38       38
(  16, 261)   coste      25       25
(  16, 262)   coste      18       18
(  17, 206)   coste      23       23
(  17, 207)   coste      28       28
(  18, 206)   coste      35       35
(  18, 261)   coste      16       16
(  18, 262)   coste      17       17
(  19, 292)   coste      40       40
(  19, 585)   coste      34       34
(  20, 291)   coste      66       66
(  20, 292)   coste      44       44
(  20, 585)   coste       6        6
(  20, 598)   coste      67       67
(  20, 599)   coste      49       49
(  20, 697)   coste      41       41
(  21, 326)   coste      34       34
(  21, 340)   coste      42       42
(  22, 190)   coste      23       23
(  22, 419)   coste      34       34
(  23,  33)   coste      81       81
(  23,  94)   coste      66       66
(  23, 396)   coste      95       95
(  24,  33)   coste      90       90
(  24, 578)   coste      11       11
(  25, 502)   coste      59       59
(  26,  77)   coste     143      143
(  26, 200)   coste      38       38
(  26, 295)   coste     167      167
(  26, 418)   coste     139      139
(  27, 232)   coste      41       41
(  27, 510)   coste      20       20
(  27, 515)   coste      68       68
(  28, 197)   coste      91       91
(  28, 198)   coste      55       55
(  28, 426)   coste      53       53
(  28, 624)   coste      84       84
(  29, 140)   coste      21       21
(  29, 369)   coste      22       22
(  29, 483)   coste      24       24
(  30, 472)   coste      52       52
(  30, 484)   coste      32       32
(  31,  32)   coste      25       25
(  31, 369)   coste      29       29
(  31, 370)   coste      29       29
(  32,  36)   coste      23       23
(  32,  98)   coste      22       22
(  32, 483)   coste      32       32
(  33, 412)   coste      64       64
(  33, 420)   coste      58       58
(  33, 421)   coste      49       49
(  33, 572)   coste      29       29
(  33, 578)   coste      81       81
(  33, 579)   coste      86       86
(  33, 668)   coste      78       78
(  34, 421)   coste      54       54
(  35,  68)   coste      84       84
(  35,  69)   coste      81       81
(  35, 341)   coste     101      101
(  35, 481)   coste      21       21
(  36,  37)   coste      40       40
(  36,  68)   coste      65       65
(  36,  69)   coste      62       62
(  36, 341)   coste      82       82
(  36, 481)   coste      29       29
(  37,  38)   coste      29       29
(  38, 483)   coste      25       25
(  39, 362)   coste      53       53
(  39, 409)   coste      48       48
(  39, 561)   coste      55       55
(  40, 409)   coste      21       21
(  40, 543)   coste      19       19
(  40, 544)   coste      42       42
(  41,  85)   coste      67       67
(  41, 362)   coste      43       43
(  41, 391)   coste      45       45
(  41, 409)   coste      58       58
(  41, 434)   coste      69       69
(  41, 561)   coste      45       45
(  42, 175)   coste      42       42
(  42, 649)   coste      68       68
(  43, 175)   coste      37       37
(  43, 440)   coste      56       56
(  43, 497)   coste     100      100
(  43, 582)   coste      57       57
(  43, 650)   coste      69       69
(  44, 234)   coste      22       22
(  44, 235)   coste      23       23
(  44, 416)   coste      38       38
(  44, 417)   coste      67       67
(  45,  46)   coste       4        4
(  45, 239)   coste      50       50
(  46, 239)   coste      48       48
(  46, 416)   coste      28       28
(  47, 171)   coste     181      181
(  47, 193)   coste     157      157
(  47, 194)   coste     151      151
(  47, 216)   coste      64       64
(  47, 335)   coste      89       89
(  47, 386)   coste       9        9
(  47, 621)   coste      30       30
(  47, 629)   coste      33       33
(  48, 171)   coste     153      153
(  48, 193)   coste     129      129
(  48, 194)   coste     123      123
(  48, 335)   coste      61       61
(  48, 386)   coste      37       37
(  50, 296)   coste      41       41
(  50, 297)   coste      23       23
(  50, 366)   coste      46       46
(  51, 297)   coste      40       40
(  51, 366)   coste      32       32
(  52, 128)   coste     187      187
(  52, 313)   coste      42       42
(  52, 315)   coste      39       39
(  52, 349)   coste     121      121
(  52, 350)   coste     128      128
(  52, 351)   coste     101      101
(  52, 631)   coste     159      159
(  53, 128)   coste     212      212
(  53, 313)   coste      21       21
(  53, 315)   coste      32       32
(  53, 349)   coste     146      146
(  53, 350)   coste     153      153
(  53, 351)   coste     126      126
(  53, 631)   coste     184      184
(  54, 174)   coste      27       27
(  54, 706)   coste      43       43
(  55, 128)   coste      62       62
(  56, 138)   coste      15       15
(  56, 139)   coste      17       17
(  57, 139)   coste      47       47
(  57, 355)   coste      63       63
(  58, 545)   coste      15       15
(  58, 641)   coste      34       34
(  60, 287)   coste      28       28
(  60, 389)   coste      22       22
(  60, 600)   coste      67       67
(  60, 709)   coste      30       30
(  61, 287)   coste      13       13
(  61, 288)   coste      28       28
(  61, 387)   coste      24       24
(  62, 133)   coste      48       48
(  62, 613)   coste      30       30
(  63, 133)   coste      40       40
(  63, 360)   coste      98       98
(  63, 521)   coste      15       15
(  63, 592)   coste     157      157
(  64, 133)   coste      72       72
(  65, 577)   coste      30       30
(  65, 698)   coste      29       29
(  66, 698)   coste      32       32
(  68,  98)   coste      22       22
(  68,  99)   coste      22       22
(  68, 379)   coste      16       16
(  68, 481)   coste      67       67
(  69,  98)   coste      23       23
(  69,  99)   coste      25       25
(  69, 341)   coste      25       25
(  69, 481)   coste      64       64
(  70, 379)   coste      10       10
(  71, 224)   coste      32       32
(  71, 258)   coste      27       27
(  71, 259)   coste      42       42
(  71, 260)   coste      30       30
(  71, 428)   coste      30       30
(  71, 628)   coste      16       16
(  72, 318)   coste      29       29
(  72, 319)   coste      29       29
(  72, 628)   coste      16       16
(  73, 177)   coste      75       75
(  73, 213)   coste      78       78
(  73, 214)   coste      41       41
(  73, 474)   coste      78       78
(  73, 518)   coste      75       75
(  74, 163)   coste      26       26
(  75, 305)   coste      40       40
(  75, 419)   coste      56       56
(  75, 453)   coste      10       10
(  75, 454)   coste      23       23
(  75, 455)   coste      14       14
(  75, 478)   coste      29       29
(  75, 479)   coste      36       36
(  75, 555)   coste      46       46
(  76, 203)   coste      79       79
(  76, 370)   coste      59       59
(  76, 453)   coste      27       27
(  76, 478)   coste      29       29
(  76, 580)   coste      67       67
(  76, 669)   coste      76       76
(  77, 199)   coste     111      111
(  77, 200)   coste     111      111
(  77, 339)   coste      42       42
(  77, 418)   coste      29       29
(  78, 326)   coste      69       69
(  78, 339)   coste      37       37
(  78, 374)   coste      92       92
(  78, 375)   coste     105      105
(  78, 376)   coste     113      113
(  78, 388)   coste      87       87
(  79, 174)   coste      46       46
(  79, 175)   coste      35       35
(  79, 197)   coste      79       79
(  79, 497)   coste     121      121
(  79, 582)   coste     119      119
(  79, 631)   coste     210      210
(  79, 650)   coste      58       58
(  79, 702)   coste     146      146
(  79, 703)   coste     189      189
(  80, 175)   coste      43       43
(  80, 198)   coste      82       82
(  80, 571)   coste      54       54
(  80, 645)   coste      51       51
(  81, 570)   coste     110      110
(  81, 571)   coste     134      134
(  81, 609)   coste      51       51
(  81, 647)   coste      18       18
(  82, 570)   coste     131      131
(  82, 571)   coste     155      155
(  83, 361)   coste      34       34
(  84, 220)   coste     117      117
(  84, 221)   coste     116      116
(  84, 603)   coste      92       92
(  84, 640)   coste      91       91
(  85,  86)   coste      27       27
(  85, 391)   coste      25       25
(  85, 705)   coste      71       71
(  86, 434)   coste       6        6
(  86, 561)   coste      31       31
(  87, 107)   coste      40       40
(  87, 123)   coste      98       98
(  87, 508)   coste      73       73
(  87, 526)   coste      34       34
(  88, 509)   coste      53       53
(  89, 466)   coste      28       28
(  89, 589)   coste      32       32
(  90, 665)   coste      73       73
(  91, 553)   coste      46       46
(  91, 589)   coste      18       18
(  92,  96)   coste      48       48
(  92, 147)   coste      37       37
(  92, 310)   coste      53       53
(  92, 618)   coste      25       25
(  93,  96)   coste      53       53
(  93, 176)   coste      14       14
(  93, 310)   coste      36       36
(  94, 653)   coste      18       18
(  95, 397)   coste      26       26
(  95, 653)   coste      28       28
(  96, 310)   coste      87       87
(  96, 342)   coste      31       31
(  96, 618)   coste      54       54
(  98, 481)   coste      73       73
(  99, 379)   coste      23       23
( 100, 170)   coste      40       40
( 100, 267)   coste      29       29
( 101, 536)   coste      31       31
( 101, 537)   coste      21       21
( 102, 103)   coste      38       38
( 103, 267)   coste      16       16
( 103, 593)   coste      48       48
( 104, 701)   coste       4        4
( 105, 106)   coste      18       18
( 105, 701)   coste      15       15
( 106, 527)   coste      22       22
( 107, 110)   coste       3        3
( 107, 509)   coste      38       38
( 108, 509)   coste      48       48
( 109, 263)   coste      49       49
( 109, 264)   coste      66       66
( 109, 504)   coste      45       45
( 110, 509)   coste      39       39
( 111, 470)   coste      42       42
( 111, 471)   coste      34       34
( 112, 240)   coste      65       65
( 112, 470)   coste      36       36
( 112, 471)   coste      40       40
( 112, 674)   coste      80       80
( 113, 179)   coste      16       16
( 113, 180)   coste      18       18
( 113, 256)   coste     147      147
( 113, 296)   coste      64       64
( 113, 385)   coste      39       39
( 113, 393)   coste      59       59
( 113, 394)   coste      60       60
( 113, 502)   coste      64       64
( 114, 288)   coste      39       39
( 114, 387)   coste      24       24
( 115, 288)   coste      13       13
( 116, 632)   coste      38       38
( 116, 634)   coste      25       25
( 117, 118)   coste      10       10
( 117, 634)   coste      40       40
( 118, 632)   coste      43       43
( 118, 634)   coste      31       31
( 119, 548)   coste      35       35
( 119, 550)   coste       9        9
( 119, 651)   coste      61       61
( 120, 121)   coste      41       41
( 120, 485)   coste      63       63
( 120, 527)   coste     106      106
( 121, 271)   coste      50       50
( 121, 272)   coste      52       52
( 121, 273)   coste      53       53
( 121, 548)   coste      50       50
( 121, 549)   coste      59       59
( 122, 480)   coste      18       18
( 122, 481)   coste      39       39
( 122, 575)   coste      40       40
( 123, 153)   coste      95       95
( 123, 480)   coste      41       41
( 123, 508)   coste      26       26
( 123, 509)   coste      54       54
( 123, 526)   coste      75       75
( 124, 257)   coste      28       28
( 124, 707)   coste      25       25
( 125, 258)   coste      22       22
( 125, 357)   coste      27       27
( 126, 298)   coste     159      159
( 126, 381)   coste      48       48
( 126, 530)   coste      80       80
( 126, 556)   coste      94       94
( 126, 654)   coste     125      125
( 126, 655)   coste     148      148
( 127, 311)   coste      77       77
( 127, 657)   coste      32       32
( 128, 197)   coste     159      159
( 128, 227)   coste      66       66
( 128, 349)   coste      68       68
( 128, 350)   coste      65       65
( 128, 351)   coste      91       91
( 128, 631)   coste      65       65
( 128, 702)   coste      68       68
( 128, 703)   coste      53       53
( 130, 195)   coste      15       15
( 130, 245)   coste      10       10
( 130, 504)   coste      15       15
( 131, 196)   coste      39       39
( 131, 245)   coste      16       16
( 132, 559)   coste      80       80
( 132, 569)   coste      84       84
( 133, 360)   coste      69       69
( 133, 521)   coste      53       53
( 133, 592)   coste     128      128
( 135, 278)   coste      66       66
( 135, 677)   coste      21       21
( 136, 450)   coste      37       37
( 136, 690)   coste      28       28
( 137, 278)   coste      61       61
( 137, 696)   coste      61       61
( 138, 531)   coste      42       42
( 138, 532)   coste      67       67
( 138, 534)   coste      71       71
( 139, 531)   coste      39       39
( 139, 534)   coste      68       68
( 140, 368)   coste      24       24
( 140, 369)   coste      13       13
( 141, 240)   coste      23       23
( 142, 366)   coste      67       67
( 142, 523)   coste      53       53
( 142, 524)   coste      56       56
( 144, 584)   coste      23       23
( 145, 304)   coste      35       35
( 145, 400)   coste     109      109
( 145, 472)   coste     158      158
( 145, 519)   coste     116      116
( 146, 304)   coste      47       47
( 147, 616)   coste      40       40
( 147, 680)   coste      17       17
( 148, 309)   coste      36       36
( 148, 661)   coste      69       69
( 148, 676)   coste      76       76
( 148, 680)   coste      39       39
( 148, 709)   coste      81       81
( 149, 166)   coste      43       43
( 149, 390)   coste      27       27
( 149, 435)   coste      35       35
( 149, 600)   coste      22       22
( 149, 709)   coste      52       52
( 150, 151)   coste      22       22
( 150, 181)   coste      32       32
( 151, 166)   coste      40       40
( 151, 181)   coste      17       17
( 152, 400)   coste     154      154
( 152, 472)   coste     203      203
( 152, 519)   coste      69       69
( 153, 508)   coste      70       70
( 154, 155)   coste      83       83
( 154, 465)   coste      34       34
( 155, 637)   coste      40       40
( 155, 665)   coste      95       95
( 156, 280)   coste      28       28
( 156, 496)   coste      51       51
( 157, 158)   coste      17       17
( 157, 354)   coste      31       31
( 157, 496)   coste      57       57
( 158, 363)   coste      25       25
( 159, 363)   coste      22       22
( 160, 324)   coste      16       16
( 160, 444)   coste      33       33
( 160, 463)   coste      13       13
( 161, 162)   coste      29       29
( 161, 384)   coste      28       28
( 161, 586)   coste      20       20
( 162, 363)   coste      41       41
( 162, 586)   coste      23       23
( 163, 551)   coste      59       59
( 164, 165)   coste      28       28
( 164, 173)   coste      71       71
( 164, 398)   coste     172      172
( 164, 399)   coste     170      170
( 164, 577)   coste     163      163
( 165, 173)   coste      50       50
( 165, 551)   coste      70       70
( 165, 583)   coste      64       64
( 165, 584)   coste      63       63
( 166, 181)   coste      28       28
( 166, 435)   coste       9        9
( 167, 435)   coste      16       16
( 168, 236)   coste      59       59
( 168, 506)   coste     104      104
( 168, 620)   coste      14       14
( 168, 625)   coste      29       29
( 168, 626)   coste      40       40
( 169, 506)   coste      65       65
( 169, 620)   coste      46       46
( 170, 267)   coste      14       14
( 171, 289)   coste      39       39
( 171, 335)   coste     100      100
( 171, 386)   coste     176      176
( 172, 173)   coste      29       29
( 172, 584)   coste      16       16
( 173, 584)   coste      14       14
( 174, 197)   coste      71       71
( 174, 702)   coste     138      138
( 175, 497)   coste      89       89
( 175, 582)   coste      87       87
( 175, 649)   coste     108      108
( 175, 650)   coste      35       35
( 176, 309)   coste      15       15
( 178, 212)   coste      51       51
( 178, 338)   coste     106      106
( 179, 296)   coste      54       54
( 179, 393)   coste      49       49
( 179, 394)   coste      50       50
( 180, 256)   coste     132      132
( 180, 296)   coste      58       58
( 180, 393)   coste      53       53
( 180, 394)   coste      54       54
( 180, 502)   coste      62       62
( 182, 234)   coste     179      179
( 182, 235)   coste     178      178
( 182, 316)   coste      29       29
( 182, 405)   coste     210      210
( 182, 408)   coste     200      200
( 182, 462)   coste      18       18
( 182, 533)   coste     145      145
( 182, 707)   coste      13       13
( 183, 316)   coste      22       22
( 184, 393)   coste      23       23
( 184, 395)   coste       7        7
( 184, 602)   coste      18       18
( 185, 395)   coste       8        8
( 185, 602)   coste      16       16
( 186, 328)   coste       6        6
( 186, 554)   coste      16       16
( 187, 614)   coste      36       36
( 188, 301)   coste      38       38
( 188, 614)   coste      50       50
( 189, 336)   coste      52       52
( 189, 448)   coste      49       49
( 190, 555)   coste      34       34
( 190, 622)   coste      14       14
( 190, 623)   coste      31       31
( 191, 479)   coste      40       40
( 192, 204)   coste      46       46
( 192, 476)   coste      26       26
( 192, 511)   coste      78       78
( 193, 194)   coste      15       15
( 193, 335)   coste      76       76
( 193, 386)   coste     152      152
( 194, 335)   coste      70       70
( 194, 386)   coste     146      146
( 195, 245)   coste      14       14
( 196, 209)   coste      34       34
( 196, 244)   coste      16       16
( 197, 510)   coste      60       60
( 197, 631)   coste     175      175
( 197, 702)   coste     111      111
( 197, 703)   coste     154      154
( 197, 706)   coste     126      126
( 198, 571)   coste      35       35
( 198, 624)   coste      33       33
( 199, 295)   coste     135      135
( 199, 344)   coste      46       46
( 199, 418)   coste     107      107
( 200, 295)   coste     135      135
( 200, 418)   coste     107      107
( 201, 206)   coste      96       96
( 201, 615)   coste      13       13
( 201, 704)   coste      30       30
( 202, 380)   coste      31       31
( 202, 525)   coste      43       43
( 202, 601)   coste      15       15
( 202, 615)   coste      33       33
( 203, 370)   coste      80       80
( 203, 580)   coste      88       88
( 203, 669)   coste       7        7
( 204, 205)   coste      38       38
( 204, 476)   coste      45       45
( 204, 477)   coste      57       57
( 204, 511)   coste      72       72
( 205, 477)   coste      30       30
( 206, 262)   coste      24       24
( 206, 615)   coste     104      104
( 206, 704)   coste      81       81
( 207, 265)   coste      59       59
( 208, 245)   coste      42       42
( 208, 263)   coste      30       30
( 208, 410)   coste      19       19
( 209, 263)   coste      32       32
( 209, 410)   coste      24       24
( 210, 567)   coste      13       13
( 210, 568)   coste      12       12
( 210, 569)   coste      17       17
( 210, 595)   coste      28       28
( 211, 397)   coste      28       28
( 211, 546)   coste      31       31
( 211, 547)   coste      17       17
( 211, 567)   coste      14       14
( 211, 568)   coste      23       23
( 212, 338)   coste      91       91
( 212, 656)   coste      81       81
( 213, 474)   coste      81       81
( 213, 518)   coste      74       74
( 213, 656)   coste     116      116
( 214, 474)   coste      41       41
( 215, 614)   coste      43       43
( 216, 565)   coste      91       91
( 216, 566)   coste      98       98
( 216, 629)   coste      41       41
( 218, 662)   coste      26       26
( 218, 691)   coste      31       31
( 218, 700)   coste      24       24
( 219, 402)   coste      16       16
( 219, 403)   coste      28       28
( 219, 404)   coste      20       20
( 219, 540)   coste      33       33
( 219, 679)   coste      47       47
( 219, 680)   coste      82       82
( 220, 447)   coste      25       25
( 221, 223)   coste       9        9
( 222, 415)   coste      37       37
( 222, 447)   coste      24       24
( 222, 587)   coste      41       41
( 222, 705)   coste      44       44
( 223, 378)   coste      20       20
( 223, 446)   coste      28       28
( 223, 447)   coste      22       22
( 224, 456)   coste      31       31
( 224, 457)   coste      38       38
( 225, 226)   coste      23       23
( 225, 456)   coste      15       15
( 227, 706)   coste      59       59
( 228, 302)   coste      51       51
( 228, 303)   coste      64       64
( 228, 566)   coste      34       34
( 228, 616)   coste      52       52
( 228, 617)   coste      34       34
( 229, 230)   coste      21       21
( 229, 302)   coste      43       43
( 229, 303)   coste      56       56
( 229, 616)   coste      57       57
( 230, 302)   coste      25       25
( 230, 303)   coste      38       38
( 231, 274)   coste      17       17
( 231, 687)   coste      34       34
( 232, 515)   coste      37       37
( 233, 268)   coste     115      115
( 233, 269)   coste      77       77
( 233, 270)   coste      94       94
( 233, 591)   coste      84       84
( 233, 687)   coste      14       14
( 234, 405)   coste      79       79
( 234, 406)   coste      96       96
( 234, 408)   coste      69       69
( 234, 417)   coste      57       57
( 234, 520)   coste     116      116
( 234, 533)   coste     103      103
( 235, 405)   coste      78       78
( 235, 406)   coste      95       95
( 235, 408)   coste      68       68
( 235, 417)   coste      58       58
( 235, 520)   coste     117      117
( 235, 533)   coste     102      102
( 237, 641)   coste      16       16
( 237, 642)   coste      12       12
( 238, 467)   coste      40       40
( 239, 467)   coste      40       40
( 240, 674)   coste      27       27
( 240, 675)   coste      26       26
( 241, 293)   coste      36       36
( 241, 580)   coste      33       33
( 241, 673)   coste      33       33
( 241, 674)   coste      16       16
( 242, 627)   coste      41       41
( 242, 692)   coste      40       40
( 242, 693)   coste      33       33
( 243, 692)   coste      43       43
( 244, 299)   coste     114      114
( 244, 311)   coste     164      164
( 244, 576)   coste      43       43
( 244, 681)   coste     165      165
( 244, 698)   coste     119      119
( 246, 352)   coste      97       97
( 246, 353)   coste      88       88
( 246, 382)   coste      55       55
( 246, 442)   coste      35       35
( 246, 443)   coste       4        4
( 247, 443)   coste      39       39
( 247, 636)   coste      42       42
( 247, 638)   coste      53       53
( 248, 313)   coste      22       22
( 248, 314)   coste      27       27
( 249, 250)   coste      30       30
( 250, 314)   coste      26       26
( 250, 535)   coste      41       41
( 251, 283)   coste      39       39
( 251, 284)   coste      18       18
( 251, 330)   coste      21       21
( 251, 346)   coste      99       99
( 251, 516)   coste      72       72
( 251, 596)   coste     100      100
( 251, 644)   coste     125      125
( 252, 283)   coste      59       59
( 252, 284)   coste      38       38
( 252, 346)   coste      81       81
( 252, 516)   coste      59       59
( 252, 644)   coste     107      107
( 253, 323)   coste      33       33
( 253, 429)   coste      19       19
( 253, 670)   coste      44       44
( 254, 323)   coste      31       31
( 255, 371)   coste      29       29
( 255, 380)   coste      35       35
( 255, 393)   coste      54       54
( 255, 602)   coste      35       35
( 256, 371)   coste      21       21
( 256, 373)   coste      43       43
( 256, 385)   coste     179      179
( 256, 393)   coste      97       97
( 256, 502)   coste     162      162
( 257, 428)   coste      21       21
( 258, 260)   coste      42       42
( 258, 319)   coste      48       48
( 258, 428)   coste       7        7
( 258, 628)   coste      38       38
( 259, 260)   coste      13       13
( 260, 319)   coste      66       66
( 260, 428)   coste      45       45
( 263, 504)   coste      29       29
( 263, 509)   coste      85       85
( 264, 361)   coste     118      118
( 264, 362)   coste     143      143
( 264, 504)   coste      63       63
( 264, 509)   coste      81       81
( 264, 606)   coste     103      103
( 264, 607)   coste     111      111
( 264, 652)   coste      81       81
( 268, 274)   coste     127      127
( 268, 687)   coste     108      108
( 269, 270)   coste      25       25
( 269, 274)   coste      89       89
( 269, 591)   coste      17       17
( 269, 687)   coste      70       70
( 270, 274)   coste     106      106
( 270, 569)   coste     168      168
( 270, 594)   coste     120      120
( 270, 604)   coste     105      105
( 270, 605)   coste     124      124
( 270, 687)   coste      87       87
( 272, 273)   coste      32       32
( 274, 591)   coste      96       96
( 274, 687)   coste      21       21
( 274, 688)   coste      23       23
( 275, 505)   coste      48       48
( 275, 590)   coste      46       46
( 276, 696)   coste     108      108
( 277, 506)   coste      47       47
( 278, 666)   coste      79       79
( 278, 677)   coste      50       50
( 278, 695)   coste      86       86
( 279, 643)   coste      30       30
( 279, 644)   coste      31       31
( 280, 496)   coste      47       47
( 281, 282)   coste      20       20
( 282, 670)   coste      42       42
( 283, 596)   coste      65       65
( 284, 286)   coste      33       33
( 284, 330)   coste      26       26
( 284, 346)   coste     107      107
( 284, 596)   coste      84       84
( 284, 644)   coste     133      133
( 285, 286)   coste       7        7
( 285, 346)   coste      77       77
( 285, 517)   coste     136      136
( 285, 596)   coste      69       69
( 285, 644)   coste     103      103
( 286, 596)   coste      69       69
( 287, 387)   coste      34       34
( 288, 387)   coste      26       26
( 289, 378)   coste      33       33
( 289, 427)   coste      31       31
( 289, 446)   coste      32       32
( 290, 427)   coste       9        9
( 291, 565)   coste      95       95
( 291, 585)   coste      65       65
( 291, 599)   coste      23       23
( 291, 697)   coste      33       33
( 293, 673)   coste      16       16
( 293, 674)   coste      24       24
( 294, 339)   coste      43       43
( 294, 673)   coste      38       38
( 296, 394)   coste       6        6
( 297, 366)   coste      32       32
( 297, 394)   coste      31       31
( 298, 311)   coste      99       99
( 298, 494)   coste     111      111
( 298, 552)   coste     115      115
( 298, 556)   coste      76       76
( 298, 557)   coste      76       76
( 298, 655)   coste      13       13
( 298, 681)   coste     100      100
( 298, 698)   coste     146      146
( 299, 311)   coste     148      148
( 299, 576)   coste     112      112
( 299, 654)   coste      81       81
( 299, 655)   coste      52       52
( 299, 681)   coste     149      149
( 299, 698)   coste     105      105
( 300, 303)   coste      36       36
( 300, 522)   coste      35       35
( 301, 614)   coste      87       87
( 302, 616)   coste      31       31
( 303, 616)   coste      37       37
( 303, 618)   coste      37       37
( 304, 400)   coste     135      135
( 304, 472)   coste     184      184
( 305, 454)   coste      19       19
( 305, 478)   coste      40       40
( 305, 479)   coste      41       41
( 305, 555)   coste       8        8
( 306, 333)   coste      85       85
( 306, 559)   coste      35       35
( 307, 333)   coste      72       72
( 307, 559)   coste      36       36
( 307, 560)   coste      54       54
( 308, 343)   coste      26       26
( 308, 438)   coste      11       11
( 308, 663)   coste      30       30
( 311, 576)   coste     162      162
( 311, 655)   coste     111      111
( 311, 657)   coste      56       56
( 311, 681)   coste      11       11
( 311, 708)   coste      30       30
( 312, 681)   coste      24       24
( 312, 682)   coste      34       34
( 314, 315)   coste      14       14
( 314, 534)   coste      46       46
( 314, 535)   coste      36       36
( 316, 462)   coste      21       21
( 317, 431)   coste      51       51
( 317, 659)   coste      39       39
( 317, 707)   coste      38       38
( 318, 364)   coste      37       37
( 319, 359)   coste      16       16
( 319, 428)   coste      46       46
( 320, 469)   coste      10       10
( 320, 647)   coste      23       23
( 321, 333)   coste      74       74
( 321, 531)   coste      32       32
( 321, 532)   coste      31       31
( 321, 534)   coste      61       61
( 322, 463)   coste      19       19
( 322, 464)   coste       4        4
( 323, 463)   coste      31       31
( 323, 464)   coste      26       26
( 325, 388)   coste      36       36
( 325, 621)   coste      73       73
( 325, 623)   coste      43       43
( 326, 340)   coste      61       61
( 326, 374)   coste      75       75
( 326, 376)   coste      96       96
( 327, 524)   coste      28       28
( 327, 554)   coste       3        3
( 328, 366)   coste      27       27
( 328, 554)   coste      15       15
( 329, 436)   coste      39       39
( 329, 437)   coste      36       36
( 330, 596)   coste     102      102
( 331, 343)   coste      32       32
( 331, 356)   coste      39       39
( 332, 334)   coste      55       55
( 332, 356)   coste      22       22
( 333, 531)   coste     105      105
( 333, 532)   coste      86       86
( 333, 559)   coste      71       71
( 333, 560)   coste      70       70
( 333, 604)   coste      75       75
( 333, 605)   coste      74       74
( 334, 548)   coste      99       99
( 334, 549)   coste      89       89
( 335, 386)   coste      84       84
( 336, 360)   coste      72       72
( 336, 686)   coste     112      112
( 337, 564)   coste      34       34
( 338, 656)   coste     158      158
( 340, 454)   coste      27       27
( 341, 481)   coste      84       84
( 341, 671)   coste      31       31
( 343, 438)   coste      19       19
( 343, 663)   coste      17       17
( 344, 374)   coste      63       63
( 345, 445)   coste      13       13
( 345, 689)   coste      49       49
( 346, 517)   coste      80       80
( 346, 644)   coste      47       47
( 346, 689)   coste      17       17
( 347, 407)   coste      17       17
( 347, 408)   coste      67       67
( 348, 491)   coste      73       73
( 348, 514)   coste      95       95
( 349, 631)   coste      40       40
( 349, 702)   coste      41       41
( 349, 703)   coste      16       16
( 350, 351)   coste      29       29
( 350, 630)   coste      39       39
( 350, 631)   coste      34       34
( 350, 703)   coste      18       18
( 352, 367)   coste       5        5
( 352, 442)   coste      74       74
( 352, 443)   coste      94       94
( 352, 444)   coste      77       77
( 352, 520)   coste      37       37
( 353, 442)   coste      65       65
( 353, 443)   coste      85       85
( 353, 444)   coste      68       68
( 354, 429)   coste      37       37
( 354, 464)   coste      23       23
( 358, 609)   coste      42       42
( 358, 610)   coste      44       44
( 358, 683)   coste      45       45
( 358, 684)   coste       9        9
( 359, 364)   coste      25       25
( 360, 448)   coste      69       69
( 360, 521)   coste     105      105
( 360, 592)   coste      75       75
( 360, 686)   coste      60       60
( 361, 561)   coste      31       31
( 361, 606)   coste      98       98
( 361, 607)   coste     106      106
( 361, 652)   coste      76       76
( 362, 606)   coste     123      123
( 362, 607)   coste     131      131
( 362, 652)   coste     101      101
( 364, 609)   coste      36       36
( 365, 414)   coste      21       21
( 365, 536)   coste      18       18
( 365, 537)   coste      15       15
( 366, 523)   coste      62       62
( 366, 524)   coste      45       45
( 366, 656)   coste      61       61
( 367, 520)   coste      39       39
( 368, 580)   coste      21       21
( 369, 370)   coste      21       21
( 370, 580)   coste      26       26
( 370, 669)   coste      77       77
( 371, 502)   coste     169      169
( 372, 699)   coste      41       41
( 374, 388)   coste      72       72
( 375, 376)   coste      21       21
( 375, 388)   coste      46       46
( 376, 460)   coste      30       30
( 376, 461)   coste      29       29
( 377, 476)   coste      26       26
( 378, 427)   coste      11       11
( 379, 671)   coste      31       31
( 380, 601)   coste      18       18
( 383, 384)   coste      33       33
( 383, 586)   coste      45       45
( 385, 501)   coste      41       41
( 385, 502)   coste      69       69
( 386, 629)   coste      40       40
( 389, 709)   coste      34       34
( 390, 709)   coste      35       35
( 391, 434)   coste      33       33
( 391, 705)   coste      80       80
( 392, 452)   coste      29       29
( 392, 465)   coste       7        7
( 392, 466)   coste      34       34
( 392, 467)   coste      34       34
( 395, 602)   coste      12       12
( 396, 594)   coste      39       39
( 396, 595)   coste      59       59
( 397, 567)   coste      26       26
( 397, 594)   coste      56       56
( 400, 472)   coste      54       54
( 400, 474)   coste     157      157
( 400, 518)   coste     148      148
( 400, 519)   coste     133      133
( 400, 574)   coste     152      152
( 401, 483)   coste      38       38
( 401, 484)   coste      19       19
( 402, 662)   coste      22       22
( 402, 679)   coste      32       32
( 403, 404)   coste      13       13
( 403, 542)   coste      29       29
( 404, 680)   coste      73       73
( 405, 619)   coste      37       37
( 406, 408)   coste      45       45
( 406, 596)   coste      19       19
( 407, 408)   coste      52       52
( 409, 543)   coste      26       26
( 411, 456)   coste      32       32
( 411, 457)   coste      30       30
( 411, 646)   coste      38       38
( 412, 668)   coste     119      119
( 413, 536)   coste      31       31
( 413, 587)   coste      36       36
( 414, 537)   coste      27       27
( 416, 520)   coste      83       83
( 417, 520)   coste      79       79
( 417, 683)   coste      56       56
( 418, 500)   coste      72       72
( 418, 501)   coste      64       64
( 418, 503)   coste      59       59
( 419, 454)   coste      59       59
( 419, 455)   coste      63       63
( 419, 479)   coste      22       22
( 419, 511)   coste      29       29
( 420, 421)   coste      26       26
( 420, 425)   coste      81       81
( 420, 426)   coste      98       98
( 420, 468)   coste      74       74
( 420, 668)   coste     113      113
( 421, 425)   coste      69       69
( 421, 426)   coste      86       86
( 421, 468)   coste      62       62
( 421, 572)   coste      39       39
( 421, 668)   coste     104      104
( 421, 678)   coste      17       17
( 422, 658)   coste      63       63
( 422, 659)   coste      89       89
( 423, 597)   coste      33       33
( 423, 658)   coste      61       61
( 425, 468)   coste      65       65
( 425, 678)   coste      59       59
( 425, 688)   coste      26       26
( 426, 468)   coste      81       81
( 426, 678)   coste      75       75
( 426, 688)   coste      30       30
( 428, 628)   coste      36       36
( 429, 670)   coste      29       29
( 431, 432)   coste      44       44
( 431, 433)   coste      45       45
( 432, 433)   coste      26       26
( 432, 488)   coste      97       97
( 432, 490)   coste      74       74
( 432, 648)   coste      70       70
( 433, 488)   coste      75       75
( 433, 490)   coste      52       52
( 433, 648)   coste      48       48
( 434, 561)   coste      31       31
( 436, 672)   coste      31       31
( 437, 672)   coste      15       15
( 438, 663)   coste      20       20
( 439, 492)   coste      33       33
( 440, 441)   coste      54       54
( 441, 492)   coste      18       18
( 444, 463)   coste      25       25
( 445, 450)   coste      47       47
( 445, 689)   coste      41       41
( 448, 592)   coste      59       59
( 448, 593)   coste      84       84
( 448, 686)   coste     109      109
( 449, 632)   coste      22       22
( 449, 633)   coste      17       17
( 450, 451)   coste      13       13
( 450, 588)   coste      40       40
( 451, 633)   coste      34       34
( 452, 465)   coste      29       29
( 452, 467)   coste       9        9
( 452, 636)   coste      42       42
( 454, 455)   coste      13       13
( 454, 478)   coste      38       38
( 454, 479)   coste      39       39
( 455, 478)   coste      42       42
( 455, 479)   coste      43       43
( 458, 482)   coste      33       33
( 458, 497)   coste      80       80
( 458, 670)   coste      39       39
( 459, 497)   coste      81       81
( 462, 707)   coste      28       28
( 466, 553)   coste      58       58
( 468, 667)   coste      54       54
( 468, 678)   coste      58       58
( 469, 667)   coste      31       31
( 470, 675)   coste      24       24
( 472, 474)   coste     206      206
( 472, 484)   coste      32       32
( 472, 518)   coste     197      197
( 472, 519)   coste     182      182
( 472, 574)   coste     201      201
( 472, 675)   coste      32       32
( 473, 573)   coste      16       16
( 473, 574)   coste      24       24
( 473, 583)   coste      30       30
( 474, 518)   coste      10       10
( 474, 574)   coste      36       36
( 476, 511)   coste     101      101
( 477, 511)   coste     113      113
( 478, 555)   coste      46       46
( 479, 555)   coste      47       47
( 480, 575)   coste      24       24
( 482, 497)   coste      89       89
( 485, 527)   coste      44       44
( 485, 550)   coste      72       72
( 485, 701)   coste      60       60
( 486, 527)   coste      44       44
( 488, 489)   coste      20       20
( 488, 490)   coste      26       26
( 488, 648)   coste      67       67
( 488, 668)   coste      33       33
( 489, 579)   coste      29       29
( 490, 648)   coste      66       66
( 491, 514)   coste      31       31
( 491, 649)   coste      34       34
( 492, 514)   coste      17       17
( 493, 516)   coste      47       47
( 493, 517)   coste      56       56
( 493, 635)   coste      28       28
( 493, 643)   coste      46       46
( 494, 556)   coste      46       46
( 494, 654)   coste      77       77
( 494, 655)   coste     100      100
( 495, 497)   coste      41       41
( 495, 512)   coste      23       23
( 495, 513)   coste      21       21
( 495, 539)   coste      22       22
( 497, 582)   coste     106      106
( 497, 650)   coste      77       77
( 498, 613)   coste      26       26
( 498, 651)   coste      51       51
( 499, 651)   coste      53       53
( 501, 502)   coste      45       45
( 501, 503)   coste      20       20
( 504, 509)   coste      81       81
( 505, 590)   coste      20       20
( 506, 627)   coste      43       43
( 506, 693)   coste      32       32
( 507, 517)   coste      62       62
( 507, 643)   coste      30       30
( 507, 644)   coste      25       25
( 507, 690)   coste      45       45
( 508, 526)   coste      50       50
( 510, 515)   coste      61       61
( 512, 513)   coste       7        7
( 512, 539)   coste      21       21
( 512, 639)   coste      40       40
( 513, 539)   coste      26       26
( 514, 649)   coste      34       34
( 516, 635)   coste      25       25
( 517, 528)   coste     106      106
( 517, 643)   coste      35       35
( 517, 644)   coste      39       39
( 517, 689)   coste      90       90
( 518, 574)   coste      33       33
( 519, 574)   coste      59       59
( 521, 592)   coste     164      164
( 521, 612)   coste       1        1
( 523, 656)   coste      17       17
( 524, 525)   coste      45       45
( 524, 656)   coste      50       50
( 527, 550)   coste     115      115
( 527, 701)   coste      17       17
( 528, 552)   coste      27       27
( 528, 581)   coste      25       25
( 528, 620)   coste      73       73
( 528, 643)   coste      79       79
( 528, 694)   coste      21       21
( 529, 620)   coste      57       57
( 530, 581)   coste      30       30
( 531, 534)   coste      31       31
( 532, 534)   coste      37       37
( 533, 658)   coste      76       76
( 538, 639)   coste      29       29
( 540, 691)   coste      11       11
( 541, 542)   coste      27       27
( 541, 598)   coste      35       35
( 541, 691)   coste      30       30
( 544, 545)   coste      27       27
( 545, 641)   coste      46       46
( 546, 685)   coste      32       32
( 546, 686)   coste      38       38
( 547, 567)   coste      26       26
( 547, 685)   coste      20       20
( 548, 651)   coste      69       69
( 548, 663)   coste      94       94
( 549, 651)   coste      78       78
( 549, 663)   coste      84       84
( 552, 556)   coste      50       50
( 552, 581)   coste      31       31
( 552, 654)   coste      81       81
( 552, 655)   coste     104      104
( 553, 563)   coste      75       75
( 553, 589)   coste      62       62
( 556, 654)   coste      33       33
( 556, 655)   coste      65       65
( 557, 558)   coste      22       22
( 558, 635)   coste       2        2
( 559, 569)   coste      72       72
( 559, 605)   coste      41       41
( 560, 569)   coste      78       78
( 560, 595)   coste      68       68
( 560, 605)   coste      20       20
( 562, 588)   coste      19       19
( 562, 632)   coste      48       48
( 562, 634)   coste      48       48
( 562, 665)   coste      21       21
( 563, 588)   coste      26       26
( 563, 665)   coste      20       20
( 565, 585)   coste      45       45
( 565, 598)   coste      96       96
( 565, 599)   coste      78       78
( 565, 697)   coste      70       70
( 566, 616)   coste      60       60
( 566, 617)   coste      24       24
( 568, 685)   coste      36       36
( 569, 591)   coste     173      173
( 569, 595)   coste      29       29
( 569, 604)   coste      91       91
( 569, 605)   coste      69       69
( 570, 609)   coste     140      140
( 570, 624)   coste      15       15
( 571, 609)   coste     164      164
( 576, 681)   coste     163      163
( 576, 698)   coste     117      117
( 577, 682)   coste      42       42
( 577, 698)   coste      39       39
( 579, 668)   coste      29       29
( 580, 669)   coste      85       85
( 581, 694)   coste      13       13
( 582, 650)   coste      75       75
( 585, 598)   coste      66       66
( 585, 599)   coste      48       48
( 585, 697)   coste      40       40
( 590, 627)   coste      44       44
( 591, 594)   coste     125      125
( 591, 604)   coste     110      110
( 591, 605)   coste     129      129
( 591, 687)   coste      77       77
( 592, 686)   coste      80       80
( 594, 604)   coste      71       71
( 595, 604)   coste      81       81
( 595, 605)   coste      59       59
( 598, 697)   coste      27       27
( 600, 709)   coste      51       51
( 603, 640)   coste       2        2
( 606, 611)   coste      44       44
( 606, 652)   coste      23       23
( 607, 611)   coste      47       47
( 608, 611)   coste      40       40
( 608, 652)   coste      22       22
( 609, 647)   coste      68       68
( 610, 684)   coste      40       40
( 612, 613)   coste      27       27
( 615, 699)   coste      60       60
( 620, 625)   coste      31       31
( 620, 626)   coste      39       39
( 620, 694)   coste      62       62
( 622, 623)   coste      23       23
( 624, 645)   coste      20       20
( 625, 692)   coste      23       23
( 625, 694)   coste      49       49
( 626, 692)   coste      27       27
( 626, 694)   coste      39       39
( 627, 693)   coste      43       43
( 627, 696)   coste     138      138
( 631, 703)   coste      26       26
( 632, 665)   coste      38       38
( 637, 638)   coste      33       33
( 644, 689)   coste      57       57
( 646, 667)   coste       7        7
( 655, 681)   coste     112      112
( 657, 708)   coste      27       27
( 660, 676)   coste      30       30
( 660, 700)   coste      42       42
( 666, 695)   coste       9        9
( 666, 696)   coste      38       38
( 677, 690)   coste      31       31
( 691, 700)   coste      48       48
( 699, 704)   coste      47       47
( 702, 706)   coste      77       77
