NOMBRE : UR147
COMENTARIO :   4  componentes 
VERTICES :  996
ARISTAS_REQ : 1684
ARISTAS_NOREQ :  570
LISTA_ARISTAS_REQ :
(   1,   2)   coste      30       30
(   1,   3)   coste      45       45
(   1,   4)   coste      24       24
(   1,   5)   coste      15       15
(   1,   6)   coste      28       28
(   7,   8)   coste      10       10
(   7,   9)   coste      24       24
(   7,  10)   coste      39       39
(   7,  11)   coste      33       33
(   7,  12)   coste      35       35
(   8,  10)   coste      46       46
(   8,  11)   coste      26       26
(   8,  12)   coste      36       36
(  13,  14)   coste      22       22
(  13,  15)   coste      24       24
(  13,  16)   coste      19       19
(  13,  17)   coste      22       22
(  13,  18)   coste      13       13
(  13,  19)   coste      33       33
(  20,  21)   coste      35       35
(  20,  22)   coste      25       25
(  20,  23)   coste      14       14
(  24,  25)   coste      23       23
(  24,  26)   coste      50       50
(  27,  28)   coste      26       26
(  27,  29)   coste      19       19
(  30,  31)   coste      18       18
(  32,  33)   coste      34       34
(  32,  34)   coste      24       24
(  32,  35)   coste      13       13
(  32,  36)   coste      38       38
(  21,  37)   coste      35       35
(  37,  38)   coste      29       29
(  39,  40)   coste      33       33
(  39,  41)   coste      10       10
(  39,  42)   coste      21       21
(  43,  44)   coste      38       38
(  43,  45)   coste      14       14
(  43,  46)   coste      18       18
(  43,  47)   coste      43       43
(  43,  48)   coste      27       27
(  49,  50)   coste      28       28
(  49,  51)   coste       9        9
(  49,  52)   coste      24       24
(  49,  53)   coste      34       34
(  49,  54)   coste      34       34
(  55,  56)   coste      29       29
(  55,  57)   coste      40       40
(  55,  58)   coste      39       39
(  55,  59)   coste      33       33
(  60,  61)   coste      10       10
(  60,  62)   coste      23       23
(  63,  64)   coste      13       13
(  63,  65)   coste      35       35
(  63,  66)   coste      30       30
(  67,  68)   coste      28       28
(  67,  69)   coste      30       30
(  67,  70)   coste      22       22
(  67,  71)   coste       6        6
(  72,  73)   coste      38       38
(  72,  74)   coste      26       26
(  72,  75)   coste      31       31
(  72,  76)   coste      39       39
(  72,  77)   coste      33       33
(  78,  79)   coste      33       33
(  78,  80)   coste       8        8
(  78,  81)   coste      19       19
(  82,  83)   coste      40       40
(  82,  84)   coste      27       27
(  85,  86)   coste      44       44
(  85,  87)   coste      40       40
(  85,  88)   coste      35       35
(  85,  89)   coste      32       32
(  85,  90)   coste      31       31
(  91,  92)   coste      34       34
(  91,  93)   coste      18       18
(  91,  94)   coste      33       33
(  91,  95)   coste      33       33
(  96,  97)   coste      20       20
(  98,  99)   coste      21       21
(  98, 100)   coste      20       20
(  98, 101)   coste      14       14
(  98, 102)   coste      18       18
(  98, 103)   coste      16       16
(  98, 104)   coste      29       29
( 105, 106)   coste      40       40
( 105, 107)   coste      27       27
( 105, 108)   coste      20       20
( 105, 109)   coste      31       31
( 110, 111)   coste      16       16
( 110, 112)   coste      19       19
( 110, 113)   coste      16       16
( 110, 114)   coste      12       12
( 115, 116)   coste      22       22
( 115, 117)   coste      32       32
( 115, 118)   coste      23       23
( 113, 115)   coste      21       21
( 115, 119)   coste      29       29
( 120, 121)   coste      42       42
( 120, 122)   coste      13       13
( 120, 123)   coste       5        5
( 120, 124)   coste      34       34
( 125, 126)   coste      16       16
( 125, 127)   coste      25       25
( 128, 129)   coste       8        8
( 128, 130)   coste       9        9
( 128, 131)   coste      49       49
( 128, 132)   coste      41       41
( 133, 134)   coste      21       21
( 133, 135)   coste      39       39
( 133, 136)   coste      31       31
( 133, 137)   coste      38       38
( 133, 138)   coste      23       23
( 139, 140)   coste      14       14
( 141, 142)   coste      12       12
( 141, 143)   coste      25       25
( 141, 144)   coste      35       35
( 141, 145)   coste      20       20
( 141, 146)   coste      22       22
( 147, 148)   coste      21       21
( 147, 149)   coste      15       15
( 147, 150)   coste      12       12
( 151, 152)   coste      38       38
( 151, 153)   coste      21       21
( 151, 154)   coste       7        7
( 151, 155)   coste      32       32
( 151, 156)   coste      24       24
( 157, 158)   coste      41       41
(  64, 157)   coste      29       29
(  65, 157)   coste      17       17
(  66, 157)   coste      29       29
( 159, 160)   coste      37       37
( 159, 161)   coste      40       40
( 159, 162)   coste      16       16
( 163, 164)   coste      30       30
( 165, 166)   coste      19       19
( 165, 167)   coste       8        8
(  61,  62)   coste      19       19
(  61, 168)   coste      32       32
( 169, 170)   coste      35       35
( 169, 171)   coste      24       24
( 169, 172)   coste      11       11
(   2, 173)   coste      21       21
(   2,   4)   coste      39       39
(   2,   5)   coste      29       29
(   2,   6)   coste      17       17
( 174, 175)   coste      43       43
( 174, 176)   coste      37       37
( 174, 177)   coste      15       15
( 174, 178)   coste      33       33
( 179, 180)   coste      39       39
( 179, 181)   coste      41       41
( 179, 182)   coste      42       42
( 183, 184)   coste      30       30
( 183, 185)   coste      39       39
( 186, 187)   coste      21       21
( 188, 189)   coste      52       52
( 188, 190)   coste      11       11
( 188, 191)   coste       1        1
( 188, 192)   coste      37       37
( 193, 194)   coste      31       31
( 170, 193)   coste      48       48
( 193, 195)   coste      40       40
( 196, 197)   coste      52       52
( 196, 198)   coste      39       39
( 196, 199)   coste      46       46
( 200, 201)   coste      19       19
(  94, 200)   coste      31       31
( 200, 202)   coste      27       27
( 200, 203)   coste      32       32
( 204, 205)   coste      48       48
( 204, 206)   coste      47       47
( 204, 207)   coste      50       50
( 204, 208)   coste      43       43
( 209, 210)   coste      37       37
( 209, 211)   coste      49       49
( 184, 209)   coste      21       21
( 209, 212)   coste      38       38
( 213, 214)   coste      17       17
( 213, 215)   coste      30       30
(  57, 213)   coste      48       48
( 216, 217)   coste      31       31
( 216, 218)   coste      33       33
( 216, 219)   coste      28       28
( 216, 220)   coste      20       20
( 152, 221)   coste      30       30
( 152, 222)   coste      39       39
( 152, 223)   coste      49       49
( 152, 155)   coste      13       13
( 224, 225)   coste      19       19
( 224, 226)   coste      13       13
( 224, 227)   coste      13       13
( 228, 229)   coste      25       25
( 228, 230)   coste      30       30
( 228, 231)   coste      41       41
( 228, 232)   coste      16       16
(  92, 233)   coste      26       26
(  92, 234)   coste      23       23
(  92, 235)   coste      27       27
(  92,  93)   coste      29       29
(  92, 236)   coste      15       15
(  92, 237)   coste      25       25
(  92,  95)   coste      17       17
( 238, 239)   coste      19       19
( 238, 240)   coste      34       34
( 241, 242)   coste      46       46
( 241, 243)   coste      23       23
( 244, 245)   coste      27       27
( 244, 246)   coste      40       40
(  58, 244)   coste      10       10
( 244, 247)   coste      32       32
( 134, 135)   coste      37       37
( 134, 248)   coste      41       41
( 134, 249)   coste      48       48
( 134, 138)   coste      29       29
( 134, 250)   coste      30       30
( 251, 252)   coste      25       25
( 251, 253)   coste       8        8
( 251, 254)   coste      19       19
( 251, 255)   coste      41       41
( 249, 256)   coste      44       44
( 256, 257)   coste      11       11
( 256, 258)   coste      23       23
( 256, 259)   coste      36       36
( 225, 226)   coste      22       22
( 225, 227)   coste      28       28
( 225, 260)   coste      19       19
( 121, 261)   coste      25       25
( 121, 262)   coste      23       23
( 263, 264)   coste      55       55
( 263, 265)   coste      56       56
( 263, 266)   coste      33       33
( 263, 267)   coste      21       21
( 268, 269)   coste      22       22
( 268, 270)   coste      38       38
( 268, 271)   coste      13       13
( 272, 273)   coste      36       36
( 272, 274)   coste      35       35
( 272, 275)   coste      35       35
( 276, 277)   coste      41       41
( 276, 278)   coste      32       32
( 240, 276)   coste      52       52
(  62, 279)   coste      39       39
(  62, 280)   coste      24       24
( 281, 282)   coste      32       32
( 205, 283)   coste      27       27
( 283, 284)   coste      22       22
( 285, 286)   coste      50       50
( 285, 287)   coste      34       34
( 285, 288)   coste      29       29
( 285, 289)   coste      55       55
( 290, 291)   coste      10       10
( 290, 292)   coste      39       39
( 116, 293)   coste       4        4
( 116, 118)   coste      28       28
( 116, 119)   coste      12       12
( 294, 295)   coste      37       37
( 294, 296)   coste      17       17
( 294, 297)   coste       8        8
( 294, 298)   coste      42       42
( 299, 300)   coste      28       28
( 299, 301)   coste      26       26
( 299, 302)   coste      30       30
( 299, 303)   coste      32       32
( 269, 304)   coste       4        4
( 269, 271)   coste      31       31
( 269, 305)   coste      16       16
(  44, 306)   coste      33       33
(  44,  47)   coste       8        8
( 106, 307)   coste      42       42
( 106, 108)   coste      25       25
( 106, 308)   coste       9        9
( 309, 310)   coste      33       33
( 309, 311)   coste      31       31
( 309, 312)   coste      25       25
( 313, 314)   coste      23       23
( 313, 315)   coste      20       20
( 313, 316)   coste      40       40
( 313, 317)   coste      23       23
(  99, 102)   coste      23       23
(  99, 104)   coste       9        9
( 318, 319)   coste      32       32
( 318, 320)   coste      41       41
( 318, 321)   coste      40       40
( 322, 323)   coste      14       14
( 322, 324)   coste      33       33
( 322, 325)   coste      22       22
( 322, 326)   coste      22       22
( 327, 328)   coste       4        4
( 327, 329)   coste      13       13
( 327, 330)   coste      12       12
(  73,  74)   coste      42       42
(  73,  77)   coste      24       24
( 300, 331)   coste      25       25
( 300, 301)   coste      16       16
( 300, 302)   coste       5        5
( 332, 333)   coste       9        9
(  88, 332)   coste      29       29
( 332, 334)   coste      33       33
( 332, 335)   coste      18       18
( 336, 337)   coste      15       15
( 336, 338)   coste      36       36
( 336, 339)   coste      31       31
( 175, 176)   coste      41       41
( 175, 340)   coste      31       31
( 175, 341)   coste      31       31
( 234, 342)   coste      28       28
( 342, 343)   coste      32       32
( 342, 344)   coste      20       20
( 342, 345)   coste      32       32
( 342, 346)   coste      13       13
( 342, 347)   coste      41       41
( 286, 348)   coste      39       39
( 286, 297)   coste      47       47
( 286, 349)   coste      52       52
( 350, 351)   coste      25       25
( 350, 352)   coste      59       59
( 353, 354)   coste      20       20
( 236, 353)   coste      18       18
( 353, 355)   coste      28       28
( 237, 353)   coste      23       23
(  95, 353)   coste      19       19
( 356, 357)   coste      22       22
( 356, 358)   coste      26       26
( 356, 359)   coste      23       23
( 210, 360)   coste      35       35
( 210, 361)   coste      36       36
( 210, 211)   coste      51       51
( 210, 212)   coste       5        5
( 362, 363)   coste      22       22
( 362, 364)   coste      38       38
( 362, 365)   coste      19       19
( 362, 366)   coste      12       12
( 362, 367)   coste       1        1
( 368, 369)   coste       8        8
( 368, 370)   coste      32       32
( 368, 371)   coste      22       22
( 372, 373)   coste       4        4
( 372, 374)   coste      29       29
( 372, 375)   coste      15       15
( 372, 376)   coste      44       44
( 377, 378)   coste      42       42
( 377, 379)   coste      35       35
( 377, 380)   coste      35       35
( 381, 382)   coste      38       38
( 381, 383)   coste      44       44
( 381, 384)   coste      51       51
( 381, 385)   coste      41       41
( 217, 386)   coste      13       13
(  33, 386)   coste      25       25
( 386, 387)   coste      41       41
(  34, 386)   coste      33       33
( 173, 384)   coste      46       46
(   6, 173)   coste      15       15
( 173, 388)   coste      14       14
( 126, 389)   coste       9        9
( 293, 389)   coste      20       20
( 389, 390)   coste      19       19
(  31, 391)   coste      45       45
( 391, 392)   coste      33       33
( 391, 393)   coste      32       32
( 391, 394)   coste      45       45
( 142, 395)   coste      16       16
( 142, 143)   coste      14       14
( 142, 144)   coste      35       35
( 142, 396)   coste      34       34
( 142, 145)   coste      30       30
( 142, 146)   coste      11       11
( 397, 398)   coste      26       26
( 397, 399)   coste      26       26
( 357, 400)   coste      20       20
( 339, 400)   coste      32       32
( 400, 401)   coste      17       17
( 359, 400)   coste      18       18
( 402, 403)   coste      24       24
( 107, 402)   coste      19       19
( 402, 404)   coste       9        9
( 307, 402)   coste      16       16
( 402, 405)   coste      20       20
( 406, 407)   coste      24       24
( 406, 408)   coste      34       34
( 233, 234)   coste      20       20
( 409, 410)   coste      29       29
( 409, 411)   coste      21       21
( 295, 296)   coste      44       44
( 295, 412)   coste      51       51
( 295, 413)   coste      42       42
( 184, 414)   coste      31       31
( 305, 414)   coste      30       30
( 414, 415)   coste      29       29
( 416, 417)   coste      29       29
( 416, 418)   coste      38       38
( 416, 419)   coste      15       15
( 111, 420)   coste      17       17
( 420, 421)   coste      29       29
(  40, 420)   coste      18       18
( 114, 420)   coste      26       26
( 422, 423)   coste      26       26
( 422, 424)   coste      34       34
( 264, 425)   coste      25       25
( 237, 264)   coste      36       36
( 264, 347)   coste      43       43
( 426, 427)   coste      31       31
( 428, 429)   coste      28       28
( 428, 430)   coste      27       27
( 428, 431)   coste      18       18
( 428, 432)   coste      16       16
( 433, 434)   coste       6        6
( 433, 435)   coste       8        8
( 433, 436)   coste      21       21
(  41, 433)   coste      26       26
( 148, 437)   coste       8        8
( 148, 150)   coste      12       12
( 148, 431)   coste      16       16
( 148, 438)   coste      23       23
( 439, 440)   coste      36       36
( 439, 441)   coste      35       35
( 439, 442)   coste      30       30
( 439, 443)   coste      25       25
( 439, 444)   coste      49       49
( 439, 445)   coste      37       37
( 373, 374)   coste      29       29
( 373, 375)   coste      12       12
( 164, 176)   coste      13       13
( 176, 341)   coste      40       40
( 265, 446)   coste      49       49
( 265, 447)   coste      20       20
( 265, 448)   coste      13       13
( 265, 449)   coste      40       40
( 158, 450)   coste      39       39
( 158, 316)   coste      20       20
( 451, 452)   coste      23       23
( 451, 453)   coste      39       39
( 451, 454)   coste      19       19
( 451, 455)   coste      36       36
(  21, 456)   coste      20       20
(  21, 457)   coste      31       31
(  87, 458)   coste      17       17
( 334, 458)   coste      25       25
( 458, 459)   coste       9        9
( 460, 461)   coste      42       42
( 460, 462)   coste      38       38
( 463, 464)   coste      20       20
( 129, 463)   coste      55       55
( 463, 465)   coste      48       48
( 466, 467)   coste      25       25
( 261, 466)   coste      38       38
( 262, 466)   coste      27       27
(  31, 393)   coste      18       18
(  31, 401)   coste      24       24
(  14,  16)   coste      25       25
(  14,  17)   coste      11       11
(  14,  19)   coste      22       22
(  14, 376)   coste      28       28
( 252, 254)   coste      21       21
(  11, 252)   coste      47       47
(  59, 252)   coste      47       47
( 468, 469)   coste      21       21
( 468, 470)   coste      34       34
( 468, 471)   coste      43       43
( 468, 472)   coste      23       23
( 468, 473)   coste      38       38
( 468, 474)   coste       9        9
( 475, 476)   coste      18       18
( 475, 477)   coste       6        6
( 321, 475)   coste      33       33
( 475, 478)   coste      26       26
( 475, 479)   coste      20       20
( 100, 480)   coste      33       33
( 481, 482)   coste      38       38
( 207, 481)   coste      50       50
( 481, 483)   coste      40       40
( 481, 484)   coste      39       39
( 485, 486)   coste      11       11
( 485, 487)   coste      15       15
( 485, 488)   coste       7        7
( 485, 489)   coste      23       23
( 132, 485)   coste      36       36
( 403, 490)   coste      45       45
( 403, 491)   coste       3        3
( 403, 404)   coste      19       19
( 307, 403)   coste      28       28
( 253, 492)   coste      46       46
( 253, 254)   coste      24       24
( 277, 493)   coste      23       23
( 493, 494)   coste      34       34
( 493, 495)   coste      26       26
( 496, 497)   coste      18       18
( 405, 496)   coste      30       30
( 109, 496)   coste      29       29
( 496, 498)   coste      37       37
( 499, 500)   coste      22       22
( 499, 501)   coste      23       23
( 499, 502)   coste      24       24
( 503, 504)   coste      15       15
( 160, 505)   coste      21       21
( 505, 506)   coste      29       29
( 447, 505)   coste      55       55
( 505, 507)   coste      11       11
( 508, 509)   coste      40       40
( 508, 510)   coste      39       39
( 508, 511)   coste      23       23
( 512, 513)   coste      37       37
( 512, 514)   coste      38       38
( 310, 512)   coste      36       36
( 512, 515)   coste      38       38
( 512, 516)   coste      35       35
( 512, 517)   coste      23       23
( 218, 518)   coste      17       17
( 518, 519)   coste      17       17
( 518, 520)   coste      38       38
( 521, 522)   coste      50       50
( 521, 523)   coste      36       36
( 524, 525)   coste      36       36
( 524, 526)   coste      37       37
( 524, 527)   coste      16       16
( 524, 528)   coste      25       25
( 524, 529)   coste      11       11
( 530, 531)   coste      20       20
( 452, 530)   coste      36       36
( 530, 532)   coste      36       36
( 530, 533)   coste      33       33
( 180, 534)   coste      46       46
( 180, 535)   coste      40       40
( 446, 536)   coste      34       34
( 446, 537)   coste      25       25
(  56,  58)   coste      21       21
(  56, 538)   coste      40       40
( 539, 540)   coste      40       40
( 539, 541)   coste      37       37
( 539, 542)   coste       3        3
( 543, 544)   coste      24       24
( 543, 545)   coste      19       19
( 277, 278)   coste      35       35
( 277, 494)   coste      23       23
( 277, 495)   coste      48       48
(  33, 217)   coste      36       36
( 217, 219)   coste      26       26
( 239, 546)   coste      16       16
(  50, 547)   coste      30       30
( 547, 548)   coste      21       21
( 547, 549)   coste      21       21
( 382, 383)   coste      16       16
( 382, 550)   coste      44       44
( 382, 551)   coste      24       24
( 552, 553)   coste      17       17
( 552, 554)   coste      32       32
( 552, 555)   coste       8        8
( 552, 556)   coste      12       12
( 557, 558)   coste      38       38
( 557, 559)   coste      19       19
( 314, 315)   coste      28       28
(  84, 314)   coste      48       48
( 314, 316)   coste      25       25
( 314, 317)   coste      25       25
( 560, 561)   coste      34       34
(  38, 560)   coste      13       13
( 457, 560)   coste      21       21
( 560, 562)   coste      27       27
( 462, 563)   coste      16       16
( 563, 564)   coste      23       23
( 563, 565)   coste      26       26
( 566, 567)   coste      12       12
( 566, 568)   coste      40       40
( 532, 566)   coste      45       45
( 492, 569)   coste      42       42
( 427, 492)   coste      21       21
( 254, 492)   coste      48       48
( 398, 570)   coste      38       38
( 490, 491)   coste      44       44
( 490, 504)   coste      29       29
( 490, 571)   coste      45       45
( 266, 461)   coste      26       26
( 266, 572)   coste      32       32
( 266, 267)   coste      15       15
( 486, 488)   coste      17       17
( 486, 489)   coste      26       26
( 132, 486)   coste      34       34
( 525, 573)   coste      18       18
( 573, 574)   coste      33       33
( 205, 575)   coste      44       44
( 205, 284)   coste      12       12
( 576, 577)   coste      28       28
( 576, 578)   coste      28       28
( 576, 579)   coste       7        7
( 580, 581)   coste      27       27
( 273, 582)   coste      31       31
( 273, 583)   coste      39       39
( 221, 222)   coste      19       19
( 221, 223)   coste      40       40
( 584, 585)   coste      30       30
( 584, 586)   coste      26       26
( 587, 588)   coste      33       33
( 587, 589)   coste      27       27
( 278, 494)   coste      56       56
( 590, 591)   coste      39       39
( 412, 590)   coste      24       24
( 413, 590)   coste      44       44
( 111, 421)   coste      18       18
(  40, 111)   coste      29       29
( 111, 114)   coste      20       20
( 111, 592)   coste      20       20
( 593, 594)   coste      26       26
( 385, 593)   coste      30       30
( 593, 595)   coste      17       17
( 287, 596)   coste      38       38
( 287, 288)   coste      27       27
( 287, 597)   coste      37       37
(  93, 234)   coste      35       35
( 234, 346)   coste      19       19
(  86, 598)   coste      13       13
( 585, 599)   coste      21       21
( 599, 600)   coste      41       41
( 599, 601)   coste      18       18
( 586, 599)   coste      11       11
( 602, 603)   coste      38       38
( 602, 604)   coste      35       35
( 602, 605)   coste      22       22
( 602, 606)   coste      42       42
( 607, 608)   coste      13       13
( 607, 609)   coste      48       48
( 607, 610)   coste      31       31
( 611, 612)   coste      21       21
( 104, 611)   coste      19       19
( 613, 614)   coste      32       32
( 207, 613)   coste      46       46
( 613, 615)   coste      25       25
( 483, 613)   coste      32       32
( 613, 616)   coste      13       13
( 509, 588)   coste      38       38
( 588, 617)   coste      39       39
( 588, 618)   coste      15       15
( 588, 619)   coste      38       38
(  51, 620)   coste      16       16
( 620, 621)   coste      22       22
(  52, 620)   coste       9        9
( 620, 622)   coste      26       26
(  53, 620)   coste      20       20
( 239, 623)   coste      14       14
( 623, 624)   coste       7        7
( 623, 625)   coste      12       12
( 623, 626)   coste      36       36
( 218, 627)   coste      33       33
( 627, 628)   coste      14       14
( 220, 627)   coste       5        5
( 629, 630)   coste      35       35
( 629, 631)   coste      18       18
( 629, 632)   coste      35       35
( 150, 437)   coste       9        9
( 437, 633)   coste      10       10
( 328, 634)   coste       7        7
( 328, 330)   coste      12       12
( 351, 635)   coste      36       36
( 352, 635)   coste      33       33
( 635, 636)   coste      43       43
( 637, 638)   coste      34       34
( 637, 639)   coste      25       25
( 637, 640)   coste      32       32
( 637, 641)   coste      27       27
( 540, 642)   coste      32       32
( 642, 643)   coste      27       27
( 541, 642)   coste      22       22
( 644, 645)   coste      69       69
( 392, 644)   coste      41       41
( 614, 615)   coste      26       26
( 614, 646)   coste      16       16
( 218, 519)   coste      19       19
( 218, 647)   coste      34       34
( 218, 628)   coste      30       30
( 143, 395)   coste      11       11
( 395, 648)   coste      17       17
( 146, 395)   coste       7        7
( 229, 230)   coste      34       34
( 229, 649)   coste      28       28
( 229, 232)   coste      13       13
(  50, 650)   coste      39       39
(  50, 651)   coste      44       44
(  50, 548)   coste      11       11
( 652, 653)   coste      27       27
(  25, 652)   coste      19       19
( 652, 654)   coste      13       13
( 652, 655)   coste      44       44
( 423, 656)   coste      33       33
( 423, 424)   coste      25       25
( 464, 465)   coste      29       29
( 464, 657)   coste      55       55
( 189, 190)   coste      51       51
( 189, 658)   coste      76       76
(  36, 189)   coste      36       36
( 659, 660)   coste      16       16
( 659, 661)   coste      19       19
( 653, 662)   coste       1        1
( 653, 663)   coste      48       48
( 653, 654)   coste      15       15
( 653, 664)   coste      35       35
( 653, 665)   coste      32       32
( 666, 667)   coste      27       27
( 666, 668)   coste      11       11
( 666, 669)   coste      13       13
( 670, 671)   coste      35       35
( 670, 672)   coste      41       41
( 104, 670)   coste      36       36
( 138, 440)   coste      21       21
( 250, 440)   coste      30       30
( 673, 674)   coste      37       37
( 673, 675)   coste      12       12
( 673, 676)   coste       9        9
( 673, 677)   coste      31       31
( 570, 575)   coste      30       30
( 284, 575)   coste      33       33
( 421, 592)   coste      16       16
( 383, 550)   coste      57       57
( 383, 594)   coste      30       30
( 383, 595)   coste      40       40
( 129, 130)   coste      14       14
( 129, 131)   coste      46       46
( 678, 679)   coste      19       19
( 678, 680)   coste      35       35
( 194, 198)   coste      34       34
( 343, 681)   coste      18       18
( 681, 682)   coste      26       26
( 344, 681)   coste      31       31
( 545, 681)   coste      21       21
( 683, 684)   coste      45       45
( 683, 685)   coste      47       47
(  97, 683)   coste      23       23
( 177, 178)   coste      41       41
( 177, 341)   coste      18       18
( 686, 687)   coste      28       28
( 686, 688)   coste      40       40
( 303, 686)   coste       9        9
( 686, 689)   coste      28       28
( 690, 691)   coste      18       18
( 167, 690)   coste      29       29
( 690, 692)   coste       9        9
( 310, 513)   coste      16       16
( 311, 513)   coste      41       41
( 312, 513)   coste      11       11
( 509, 617)   coste      20       20
( 153, 509)   coste      25       25
( 509, 693)   coste      38       38
( 694, 695)   coste      42       42
( 694, 696)   coste      42       42
( 694, 697)   coste      10       10
( 467, 656)   coste      18       18
( 424, 656)   coste      22       22
( 261, 656)   coste      33       33
( 329, 634)   coste       7        7
(  11, 329)   coste      31       31
( 585, 601)   coste      20       20
( 519, 520)   coste      24       24
( 698, 699)   coste      33       33
( 698, 700)   coste      22       22
( 674, 676)   coste      30       30
( 619, 674)   coste      39       39
( 487, 488)   coste       9        9
(  74,  75)   coste      18       18
( 691, 701)   coste      27       27
( 360, 361)   coste      34       34
( 360, 702)   coste      24       24
( 212, 360)   coste      36       36
(  33, 387)   coste      34       34
(  33,  34)   coste      19       19
(  33, 703)   coste      37       37
(  33,  36)   coste      48       48
(  25, 654)   coste      26       26
(  25,  26)   coste      51       51
(  25, 349)   coste      14       14
( 645, 704)   coste      36       36
( 484, 704)   coste      36       36
( 705, 706)   coste      35       35
( 240, 705)   coste      13       13
( 705, 707)   coste       7        7
( 705, 708)   coste      23       23
( 705, 709)   coste      10       10
( 667, 710)   coste      17       17
( 408, 710)   coste      14       14
( 710, 711)   coste      42       42
( 669, 710)   coste      30       30
( 712, 713)   coste      23       23
( 712, 714)   coste      16       16
(  23, 712)   coste      19       19
( 434, 435)   coste      12       12
( 434, 436)   coste      16       16
(  41, 434)   coste      27       27
( 715, 716)   coste      24       24
( 715, 717)   coste      32       32
( 715, 718)   coste      39       39
( 715, 719)   coste      42       42
( 720, 721)   coste      44       44
( 720, 722)   coste      41       41
( 720, 723)   coste      31       31
( 720, 724)   coste      20       20
( 720, 725)   coste      51       51
(  51,  53)   coste      29       29
( 657, 726)   coste      23       23
( 461, 572)   coste      32       32
( 461, 727)   coste      21       21
( 679, 728)   coste      26       26
( 201, 679)   coste       7        7
( 679, 729)   coste      17       17
( 730, 731)   coste      32       32
( 730, 732)   coste      27       27
( 296, 413)   coste      32       32
( 296, 298)   coste      34       34
( 296, 733)   coste      31       31
( 734, 735)   coste      11       11
( 523, 734)   coste      13       13
(  35, 734)   coste      41       41
( 734, 736)   coste      21       21
( 737, 738)   coste      31       31
( 737, 739)   coste      33       33
( 407, 740)   coste      14       14
( 212, 361)   coste      32       32
( 567, 568)   coste      47       47
( 567, 741)   coste      37       37
( 516, 567)   coste      32       32
( 608, 609)   coste      44       44
( 608, 742)   coste      49       49
( 608, 610)   coste      42       42
( 743, 744)   coste      35       35
( 162, 743)   coste      47       47
( 745, 746)   coste      13       13
( 582, 745)   coste      34       34
( 274, 745)   coste      21       21
( 745, 747)   coste      33       33
( 275, 745)   coste      40       40
( 716, 717)   coste      40       40
( 716, 748)   coste      27       27
( 716, 749)   coste      26       26
( 470, 750)   coste      45       45
( 655, 750)   coste      28       28
( 235, 425)   coste      15       15
( 343, 682)   coste      20       20
( 582, 746)   coste      27       27
( 274, 746)   coste      33       33
( 746, 747)   coste      42       42
( 275, 746)   coste      34       34
( 751, 752)   coste       2        2
( 751, 753)   coste       4        4
( 553, 554)   coste      19       19
( 553, 754)   coste      23       23
( 222, 589)   coste      34       34
( 222, 755)   coste      49       49
( 756, 757)   coste      21       21
( 756, 758)   coste      37       37
( 612, 756)   coste      26       26
( 756, 759)   coste      39       39
( 617, 760)   coste      40       40
( 758, 760)   coste      34       34
( 760, 761)   coste      45       45
( 693, 760)   coste      29       29
( 126, 293)   coste      21       21
( 126, 762)   coste      39       39
( 126, 390)   coste      17       17
( 763, 764)   coste      50       50
( 182, 763)   coste      49       49
( 763, 765)   coste      33       33
( 135, 766)   coste      36       36
( 135, 249)   coste      40       40
( 456, 457)   coste      13       13
( 456, 562)   coste      28       28
( 456, 767)   coste      30       30
(  28, 494)   coste      30       30
(  28,  29)   coste       8        8
( 122, 768)   coste      18       18
( 123, 768)   coste       6        6
( 124, 768)   coste      34       34
(  22, 713)   coste      28       28
(  22, 714)   coste      20       20
(  22,  23)   coste      19       19
( 117, 769)   coste      20       20
( 282, 769)   coste      31       31
( 770, 771)   coste      21       21
( 699, 770)   coste      24       24
( 700, 770)   coste      25       25
( 387, 695)   coste       9        9
( 695, 696)   coste      33       33
( 323, 772)   coste      35       35
( 773, 774)   coste      35       35
( 773, 775)   coste      38       38
( 773, 776)   coste      39       39
( 632, 773)   coste       4        4
( 777, 778)   coste      29       29
( 777, 779)   coste       8        8
(  29, 494)   coste      31       31
( 417, 780)   coste      17       17
( 511, 781)   coste      21       21
( 781, 782)   coste      41       41
( 781, 783)   coste      46       46
( 155, 781)   coste      32       32
( 156, 781)   coste      12       12
( 784, 785)   coste      16       16
(  83, 784)   coste      38       38
(   4, 784)   coste      25       25
( 226, 786)   coste      15       15
( 226, 227)   coste       9        9
( 239, 624)   coste      17       17
( 721, 787)   coste       8        8
( 721, 722)   coste      13       13
( 721, 788)   coste      26       26
( 589, 755)   coste      37       37
( 589, 618)   coste      36       36
( 230, 789)   coste      31       31
( 230, 790)   coste      38       38
( 230, 791)   coste      38       38
( 230, 649)   coste      38       38
( 230, 232)   coste      23       23
( 544, 792)   coste      31       31
( 682, 792)   coste      15       15
( 344, 792)   coste      22       22
( 345, 792)   coste      18       18
( 577, 579)   coste      22       22
( 358, 577)   coste      17       17
( 577, 793)   coste      22       22
( 604, 794)   coste      35       35
( 378, 379)   coste      26       26
( 378, 753)   coste      11       11
( 378, 795)   coste      80       80
(  76, 417)   coste      37       37
( 417, 419)   coste      38       38
(  15, 166)   coste      32       32
( 166, 796)   coste      39       39
( 117, 282)   coste      26       26
( 766, 797)   coste      51       51
( 515, 797)   coste      37       37
( 540, 541)   coste      14       14
( 540, 798)   coste      44       44
( 789, 791)   coste      43       43
( 789, 799)   coste      11       11
( 384, 385)   coste      31       31
( 384, 388)   coste      50       50
( 160, 506)   coste      21       21
( 160, 447)   coste      37       37
( 160, 507)   coste      22       22
(  38, 561)   coste      33       33
( 561, 800)   coste      38       38
( 561, 801)   coste      34       34
( 338, 802)   coste      36       36
( 170, 803)   coste      29       29
( 170, 804)   coste      11       11
( 369, 805)   coste      41       41
( 369, 806)   coste      35       35
( 369, 807)   coste      24       24
( 774, 775)   coste      31       31
( 774, 776)   coste      22       22
( 429, 430)   coste      26       26
( 149, 429)   coste      22       22
( 429, 431)   coste      17       17
( 778, 779)   coste      35       35
(  80, 778)   coste      24       24
( 500, 808)   coste      33       33
( 808, 809)   coste      28       28
( 581, 808)   coste      28       28
( 808, 810)   coste      34       34
( 208, 811)   coste      33       33
( 208, 284)   coste      41       41
( 671, 812)   coste      25       25
( 510, 812)   coste      46       46
( 672, 812)   coste      27       27
( 102, 812)   coste      40       40
( 813, 814)   coste      24       24
( 813, 815)   coste      32       32
( 813, 816)   coste      26       26
( 181, 534)   coste      35       35
( 534, 817)   coste      18       18
( 554, 818)   coste      46       46
( 615, 616)   coste      31       31
( 374, 375)   coste      23       23
( 374, 819)   coste      19       19
( 500, 501)   coste      22       22
( 500, 502)   coste       9        9
( 500, 820)   coste      22       22
( 500, 810)   coste      22       22
( 544, 821)   coste      33       33
( 544, 719)   coste      46       46
( 706, 822)   coste      39       39
( 706, 823)   coste      52       52
( 706, 824)   coste      45       45
( 706, 707)   coste      35       35
( 706, 709)   coste      35       35
( 476, 825)   coste      33       33
( 476, 478)   coste      25       25
( 766, 826)   coste      22       22
( 136, 766)   coste      41       41
( 101, 680)   coste      10       10
( 103, 680)   coste      19       19
( 680, 827)   coste      40       40
( 182, 764)   coste      45       45
( 240, 707)   coste      11       11
( 531, 568)   coste      27       27
( 454, 531)   coste      24       24
( 531, 533)   coste      15       15
( 757, 758)   coste      25       25
( 612, 757)   coste      38       38
( 662, 663)   coste      48       48
( 662, 665)   coste      32       32
( 315, 317)   coste       7        7
( 578, 809)   coste       7        7
( 809, 828)   coste      27       27
( 809, 829)   coste      35       35
( 581, 809)   coste      18       18
( 735, 830)   coste      35       35
( 735, 736)   coste      23       23
( 370, 371)   coste      42       42
( 370, 831)   coste      37       37
( 469, 832)   coste      42       42
( 469, 472)   coste      35       35
( 348, 469)   coste      44       44
( 469, 473)   coste      38       38
( 469, 474)   coste      26       26
( 311, 833)   coste      47       47
( 470, 832)   coste      33       33
( 525, 574)   coste      27       27
( 579, 834)   coste      25       25
( 834, 835)   coste      25       25
( 137, 826)   coste      31       31
( 836, 837)   coste      14       14
( 452, 568)   coste      23       23
( 375, 838)   coste      36       36
(  83, 785)   coste      35       35
(   4, 785)   coste      40       40
( 603, 604)   coste      20       20
( 498, 603)   coste      39       39
( 758, 761)   coste      26       26
( 612, 758)   coste      36       36
( 551, 839)   coste      38       38
( 811, 839)   coste      36       36
( 839, 840)   coste      42       42
( 839, 841)   coste      31       31
( 371, 805)   coste      22       22
( 805, 806)   coste      25       25
( 532, 805)   coste      42       42
( 323, 324)   coste      24       24
( 323, 325)   coste      34       34
( 323, 326)   coste      30       30
( 842, 843)   coste      37       37
( 842, 844)   coste      16       16
( 842, 845)   coste      35       35
( 606, 842)   coste      29       29
( 172, 842)   coste      24       24
( 427, 569)   coste      41       41
(  57, 569)   coste      39       39
( 127, 569)   coste      22       22
( 337, 535)   coste      10       10
( 535, 846)   coste      11       11
( 684, 685)   coste      31       31
( 630, 684)   coste      33       33
(  97, 684)   coste      27       27
( 631, 684)   coste      31       31
( 786, 847)   coste       3        3
( 301, 331)   coste      16       16
( 302, 331)   coste      25       25
( 351, 352)   coste      41       41
( 441, 848)   coste      29       29
( 441, 443)   coste      15       15
( 441, 445)   coste      41       41
( 450, 849)   coste      18       18
( 849, 850)   coste      18       18
( 578, 581)   coste      16       16
( 452, 453)   coste      25       25
( 452, 533)   coste      25       25
( 191, 851)   coste      52       52
(  36, 851)   coste      31       31
( 709, 822)   coste      55       55
( 819, 852)   coste      30       30
( 852, 853)   coste      39       39
( 800, 852)   coste      26       26
( 852, 854)   coste      30       30
( 685, 855)   coste      32       32
( 610, 755)   coste      22       22
( 215, 600)   coste      55       55
( 600, 601)   coste      25       25
( 586, 600)   coste      42       42
( 371, 806)   coste      31       31
( 371, 807)   coste      40       40
( 371, 574)   coste      15       15
( 149, 823)   coste      52       52
( 220, 779)   coste      36       36
(  68,  70)   coste      26       26
(  68,  71)   coste      33       33
(  68, 435)   coste      38       38
(  68, 255)   coste      39       39
( 675, 856)   coste      27       27
( 675, 677)   coste      30       30
( 675, 857)   coste      44       44
( 663, 664)   coste      39       39
( 334, 858)   coste      32       32
( 459, 858)   coste      19       19
( 858, 859)   coste      31       31
( 363, 367)   coste      22       22
( 363, 860)   coste      25       25
( 465, 657)   coste      30       30
( 744, 861)   coste      38       38
( 424, 467)   coste      24       24
( 319, 862)   coste      26       26
( 319, 863)   coste      39       39
( 404, 491)   coste      20       20
( 112, 293)   coste      21       21
( 112, 390)   coste      24       24
( 231, 790)   coste      51       51
( 136, 137)   coste      11       11
( 136, 864)   coste      28       28
( 455, 550)   coste      44       44
( 819, 853)   coste      40       40
( 107, 307)   coste      23       23
( 107, 108)   coste      22       22
( 107, 109)   coste      25       25
( 506, 865)   coste      29       29
( 718, 865)   coste      24       24
( 865, 866)   coste      37       37
( 867, 868)   coste      36       36
( 701, 867)   coste      13       13
(  83, 869)   coste      32       32
( 643, 870)   coste      39       39
( 643, 871)   coste      28       28
( 541, 643)   coste      21       21
( 542, 643)   coste      33       33
( 643, 798)   coste      38       38
( 872, 873)   coste      18       18
( 872, 874)   coste      19       19
( 869, 872)   coste      30       30
( 875, 876)   coste      31       31
( 624, 875)   coste      30       30
( 875, 877)   coste      61       61
( 625, 875)   coste      33       33
( 626, 875)   coste      16       16
( 828, 878)   coste      21       21
( 411, 828)   coste      15       15
( 214, 215)   coste      28       28
( 127, 214)   coste      51       51
( 713, 879)   coste       4        4
( 879, 880)   coste      41       41
( 863, 879)   coste      26       26
( 410, 881)   coste      12       12
( 410, 616)   coste      22       22
( 410, 882)   coste       9        9
( 787, 883)   coste      16       16
( 788, 883)   coste      18       18
( 645, 884)   coste      55       55
( 645, 885)   coste      59       59
( 645, 886)   coste      42       42
( 480, 887)   coste      14       14
( 480, 648)   coste      43       43
( 454, 687)   coste      23       23
( 687, 688)   coste      16       16
( 303, 687)   coste      35       35
( 455, 687)   coste      37       37
( 687, 689)   coste      29       29
( 248, 442)   coste      38       38
( 248, 289)   coste      23       23
( 479, 862)   coste      41       41
( 197, 647)   coste      45       45
( 197, 888)   coste      19       19
( 197, 889)   coste      29       29
( 630, 890)   coste      20       20
( 502, 891)   coste      35       35
( 820, 891)   coste      26       26
( 211, 892)   coste      35       35
( 211, 893)   coste      21       21
( 477, 478)   coste      31       31
( 477, 894)   coste      31       31
( 477, 479)   coste      24       24
( 140, 814)   coste      35       35
( 310, 514)   coste       6        6
( 514, 516)   coste      40       40
( 249, 259)   coste      10       10
( 895, 896)   coste      49       49
( 895, 897)   coste       6        6
( 895, 898)   coste      15       15
( 516, 741)   coste      43       43
( 517, 741)   coste      71       71
( 899, 900)   coste      20       20
( 610, 899)   coste      37       37
( 223, 901)   coste      25       25
( 223, 522)   coste      50       50
( 723, 728)   coste      22       22
( 202, 728)   coste      27       27
( 728, 902)   coste      29       29
( 654, 655)   coste      51       51
( 522, 901)   coste      33       33
( 242, 901)   coste      32       32
( 243, 901)   coste      52       52
( 731, 868)   coste      31       31
( 731, 882)   coste      28       28
( 167, 692)   coste      37       37
( 445, 848)   coste      28       28
( 848, 903)   coste      28       28
( 848, 904)   coste       2        2
( 181, 817)   coste      39       39
( 905, 906)   coste      14       14
( 740, 905)   coste      46       46
( 408, 905)   coste      11       11
( 198, 199)   coste      21       21
( 198, 889)   coste      51       51
( 344, 682)   coste      19       19
( 184, 892)   coste      36       36
( 184, 640)   coste      35       35
( 215, 762)   coste      50       50
( 896, 907)   coste      49       49
( 732, 868)   coste      35       35
( 667, 668)   coste      30       30
( 667, 669)   coste      16       16
( 320, 501)   coste      16       16
( 501, 820)   coste       4        4
( 307, 404)   coste      23       23
( 404, 405)   coste      19       19
( 404, 498)   coste      34       34
( 581, 829)   coste      36       36
( 810, 829)   coste      35       35
( 119, 293)   coste      13       13
(  15, 796)   coste      27       27
(  15,  18)   coste      20       20
(  15, 908)   coste      20       20
( 909, 910)   coste      39       39
( 570, 909)   coste      27       27
( 909, 911)   coste      35       35
( 399, 909)   coste      21       21
( 624, 876)   coste      28       28
( 625, 876)   coste      24       24
( 526, 912)   coste      34       34
( 526, 913)   coste      27       27
( 235, 347)   coste      46       46
( 337, 338)   coste      34       34
( 337, 846)   coste      19       19
( 604, 914)   coste      39       39
( 242, 914)   coste      41       41
( 605, 914)   coste      32       32
( 153, 618)   coste      33       33
( 291, 915)   coste      23       23
( 291, 916)   coste      36       36
( 291, 292)   coste      34       34
( 803, 917)   coste      11       11
( 660, 917)   coste      25       25
( 661, 917)   coste      28       28
( 171, 917)   coste      20       20
( 259, 471)   coste      45       45
( 918, 919)   coste      29       29
( 668, 711)   coste      39       39
( 668, 669)   coste      15       15
( 182, 394)   coste      39       39
( 182, 765)   coste      20       20
( 182, 817)   coste      43       43
( 870, 871)   coste      20       20
( 870, 920)   coste      45       45
( 870, 921)   coste      43       43
(  40, 113)   coste      28       28
(  40, 114)   coste      23       23
(  69,  70)   coste      22       22
( 814, 815)   coste      18       18
( 195, 814)   coste      37       37
( 510, 671)   coste      23       23
( 671, 672)   coste       7        7
( 190, 192)   coste      33       33
(  52, 621)   coste      19       19
( 621, 650)   coste      21       21
( 621, 622)   coste       9        9
( 884, 885)   coste       9        9
( 711, 884)   coste      69       69
( 137, 864)   coste      20       20
( 489, 922)   coste      40       40
( 132, 922)   coste      29       29
(  84, 316)   coste      43       43
( 164, 462)   coste      35       35
( 462, 565)   coste      26       26
( 430, 923)   coste      54       54
( 430, 924)   coste      33       33
(  88, 333)   coste      34       34
( 333, 916)   coste      48       48
( 333, 334)   coste      41       41
( 345, 821)   coste       4        4
( 719, 821)   coste      45       45
( 624, 625)   coste       6        6
( 624, 626)   coste      36       36
( 515, 517)   coste      32       32
( 450, 850)   coste      16       16
( 243, 604)   coste      45       45
( 604, 605)   coste      42       42
( 483, 616)   coste      32       32
( 364, 661)   coste      32       32
( 364, 366)   coste      27       27
( 364, 367)   coste      38       38
( 364, 925)   coste      43       43
( 638, 639)   coste      18       18
( 185, 638)   coste       6        6
( 638, 926)   coste      34       34
( 832, 927)   coste      30       30
( 127, 762)   coste      38       38
( 558, 762)   coste      43       43
( 843, 845)   coste      18       18
( 172, 843)   coste      47       47
(  75, 928)   coste      31       31
( 639, 739)   coste      22       22
( 639, 641)   coste      22       22
( 510, 672)   coste      28       28
( 510, 761)   coste      29       29
( 619, 676)   coste      32       32
( 676, 677)   coste      33       33
( 738, 739)   coste      28       28
( 357, 881)   coste      33       33
( 616, 881)   coste      24       24
( 522, 830)   coste      50       50
( 619, 677)   coste      40       40
( 523, 929)   coste      58       58
( 929, 930)   coste      49       49
( 736, 929)   coste      49       49
( 931, 932)   coste      25       25
( 873, 931)   coste      13       13
( 931, 933)   coste      27       27
( 874, 931)   coste       8        8
( 502, 820)   coste      14       14
( 502, 810)   coste      26       26
( 320, 820)   coste      18       18
( 154, 511)   coste      31       31
( 156, 511)   coste      21       21
( 596, 934)   coste       6        6
( 596, 935)   coste      11       11
( 596, 597)   coste      55       55
( 306, 936)   coste      26       26
( 306, 937)   coste      37       37
( 938, 939)   coste      64       64
( 736, 938)   coste      39       39
( 101, 102)   coste      30       30
( 101, 103)   coste      18       18
( 640, 892)   coste      21       21
( 301, 302)   coste      13       13
( 752, 900)   coste       3        3
( 457, 562)   coste      20       20
( 677, 856)   coste      44       44
( 856, 937)   coste      46       46
( 856, 857)   coste      41       41
( 856, 940)   coste      49       49
( 941, 942)   coste      12       12
( 810, 941)   coste      47       47
( 941, 943)   coste      53       53
( 732, 941)   coste      41       41
( 118, 944)   coste      36       36
( 118, 559)   coste      34       34
( 132, 489)   coste      17       17
( 641, 739)   coste       6        6
(  90, 739)   coste      45       45
( 739, 926)   coste      29       29
( 191, 930)   coste      25       25
( 435, 436)   coste      22       22
( 435, 945)   coste      22       22
( 586, 601)   coste      23       23
( 787, 920)   coste      16       16
( 787, 788)   coste      29       29
( 321, 479)   coste      15       15
( 387, 703)   coste      21       21
( 516, 517)   coste      42       42
(  34, 946)   coste      29       29
(  79, 946)   coste      10       10
( 946, 947)   coste      35       35
( 412, 591)   coste      16       16
( 591, 948)   coste      55       55
( 877, 949)   coste      59       59
( 472, 473)   coste      21       21
( 472, 474)   coste      15       15
( 660, 844)   coste      16       16
( 844, 845)   coste      42       42
( 171, 844)   coste      32       32
( 606, 844)   coste      33       33
( 348, 655)   coste      26       26
( 131, 950)   coste       4        4
( 657, 950)   coste      70       70
( 713, 863)   coste      29       29
( 340, 838)   coste      27       27
( 838, 854)   coste      14       14
( 551, 951)   coste      32       32
( 551, 841)   coste      22       22
( 149, 150)   coste      22       22
( 149, 438)   coste       6        6
( 143, 144)   coste      37       37
( 143, 146)   coste       6        6
( 594, 595)   coste      17       17
( 357, 359)   coste       3        3
( 357, 878)   coste      29       29
( 453, 533)   coste      44       44
( 392, 394)   coste      37       37
( 344, 346)   coste      21       21
( 108, 307)   coste      29       29
( 354, 355)   coste      27       27
( 354, 952)   coste      32       32
( 354, 953)   coste      31       31
( 274, 747)   coste      38       38
( 853, 954)   coste      31       31
( 954, 955)   coste      46       46
( 954, 956)   coste      29       29
( 943, 954)   coste      47       47
( 801, 954)   coste      30       30
( 150, 633)   coste      11       11
( 192, 930)   coste      30       30
( 192, 939)   coste      61       61
(  87,  88)   coste      23       23
(  87,  89)   coste      29       29
(  87, 459)   coste      11       11
(  88, 957)   coste      30       30
( 185, 926)   coste      37       37
( 390, 958)   coste      25       25
( 127, 390)   coste      25       25
( 647, 888)   coste      37       37
( 245, 247)   coste       6        6
( 255, 436)   coste      42       42
( 648, 887)   coste      34       34
( 759, 887)   coste      28       28
( 164, 959)   coste      41       41
( 700, 890)   coste      36       36
( 583, 960)   coste      33       33
( 340, 960)   coste      30       30
( 280, 960)   coste      41       41
( 722, 724)   coste      40       40
( 722, 788)   coste      23       23
( 961, 962)   coste      27       27
( 866, 961)   coste       8        8
( 339, 393)   coste      38       38
( 339, 401)   coste      17       17
( 339, 358)   coste      34       34
( 418, 747)   coste      33       33
( 447, 448)   coste      18       18
( 910, 963)   coste      38       38
( 570, 910)   coste      32       32
( 910, 911)   coste      36       36
( 399, 910)   coste      23       23
(  64,  65)   coste      26       26
(  64,  66)   coste      18       18
( 528, 964)   coste      26       26
( 528, 906)   coste      30       30
(  29, 649)   coste      39       39
( 231, 791)   coste      31       31
( 791, 799)   coste      39       39
( 906, 964)   coste       8        8
( 529, 964)   coste      21       21
( 379, 965)   coste      46       46
( 795, 965)   coste      47       47
(  23, 714)   coste       9        9
( 122, 262)   coste      35       35
( 122, 123)   coste      15       15
(  54, 651)   coste      35       35
( 549, 651)   coste      37       37
( 408, 906)   coste      23       23
( 906, 966)   coste       8        8
( 529, 906)   coste      28       28
( 626, 877)   coste      57       57
( 923, 967)   coste      23       23
( 923, 968)   coste      40       40
(  77, 923)   coste      39       39
( 692, 701)   coste      27       27
( 660, 661)   coste      24       24
( 804, 969)   coste      39       39
( 280, 583)   coste      20       20
( 242, 243)   coste      24       24
( 564, 565)   coste       4        4
( 970, 971)   coste      15       15
( 970, 972)   coste       8        8
( 970, 973)   coste      16       16
( 473, 474)   coste      32       32
( 289, 473)   coste      51       51
( 853, 956)   coste      21       21
( 113, 114)   coste       8        8
(  76, 924)   coste      46       46
(  42, 924)   coste      19       19
( 971, 972)   coste      22       22
( 971, 973)   coste       2        2
( 555, 974)   coste      19       19
(  59, 254)   coste      33       33
( 605, 845)   coste      43       43
( 606, 845)   coste      11       11
(  65,  66)   coste      16       16
( 334, 928)   coste       1        1
( 454, 688)   coste      16       16
( 454, 455)   coste      37       37
( 393, 886)   coste      41       41
( 831, 966)   coste      48       48
( 529, 831)   coste      44       44
( 232, 649)   coste      33       33
( 888, 975)   coste      31       31
( 888, 889)   coste      47       47
( 289, 442)   coste      51       51
( 250, 442)   coste      21       21
( 325, 935)   coste      16       16
( 325, 326)   coste       9        9
( 325, 850)   coste      31       31
( 537, 744)   coste      38       38
( 677, 937)   coste      40       40
( 677, 857)   coste      25       25
( 942, 955)   coste      40       40
( 943, 955)   coste      22       22
( 246, 976)   coste      35       35
( 855, 976)   coste      25       25
( 936, 937)   coste      46       46
( 936, 940)   coste      28       28
( 236, 237)   coste      24       24
(  95, 236)   coste       3        3
( 818, 977)   coste       8        8
( 227, 847)   coste       9        9
( 260, 847)   coste      20       20
( 413, 948)   coste      46       46
( 696, 972)   coste      42       42
( 658, 696)   coste      75       75
(  89, 459)   coste      30       30
(  89, 957)   coste      23       23
( 292, 915)   coste      28       28
( 699, 771)   coste      36       36
( 700, 771)   coste      18       18
( 697, 972)   coste      27       27
( 697, 703)   coste      38       38
( 161, 744)   coste      23       23
( 288, 289)   coste      40       40
( 288, 597)   coste      37       37
( 520, 978)   coste      23       23
( 520, 979)   coste       5        5
( 800, 980)   coste      36       36
( 800, 801)   coste      50       50
( 874, 932)   coste      31       31
( 102, 103)   coste      20       20
( 545, 571)   coste      47       47
(  45, 609)   coste      40       40
( 609, 981)   coste      27       27
(  18, 796)   coste      24       24
(  34,  35)   coste      30       30
(  34, 947)   coste      29       29
( 202, 723)   coste      40       40
( 723, 902)   coste      24       24
( 709, 824)   coste      46       46
( 707, 709)   coste       4        4
( 952, 982)   coste      22       22
( 202, 982)   coste      36       36
( 902, 982)   coste      38       38
( 982, 983)   coste      29       29
( 632, 775)   coste      38       38
( 394, 765)   coste      42       42
( 984, 985)   coste      20       20
( 984, 986)   coste      36       36
( 401, 886)   coste      31       31
( 359, 401)   coste      29       29
( 345, 347)   coste      45       45
( 873, 874)   coste       9        9
( 869, 873)   coste      27       27
( 702, 980)   coste      51       51
( 702, 893)   coste      51       51
(  16,  18)   coste      27       27
(  16, 376)   coste      10       10
( 612, 761)   coste      40       40
( 612, 759)   coste      33       33
( 431, 432)   coste       5        5
( 201, 729)   coste      13       13
( 201, 202)   coste      29       29
( 504, 783)   coste      61       61
( 504, 571)   coste      34       34
( 548, 549)   coste      28       28
( 854, 980)   coste      30       30
( 355, 572)   coste      14       14
( 267, 355)   coste      40       40
( 625, 626)   coste      40       40
( 572, 727)   coste      19       19
( 267, 572)   coste      40       40
(  41, 945)   coste      12       12
( 837, 933)   coste      25       25
( 648, 759)   coste      10       10
( 138, 443)   coste      26       26
( 664, 665)   coste      37       37
( 871, 920)   coste      41       41
( 871, 921)   coste      41       41
( 326, 987)   coste      16       16
( 825, 898)   coste      43       43
(  90, 598)   coste      38       38
(  26, 948)   coste      40       40
( 733, 948)   coste      35       35
( 178, 959)   coste       2        2
( 275, 744)   coste      33       33
( 952, 953)   coste      29       29
( 952, 983)   coste      46       46
(  35, 947)   coste       7        7
(   4, 903)   coste      28       28
( 246, 855)   coste      22       22
(  45,  46)   coste      14       14
(  45, 742)   coste      36       36
(  45,  47)   coste      47       47
( 195, 969)   coste      27       27
( 816, 969)   coste      16       16
( 119, 558)   coste      34       34
( 119, 559)   coste      31       31
(  94, 729)   coste      35       35
( 203, 729)   coste      18       18
(   5,   6)   coste      18       18
(   5, 388)   coste      34       34
( 837, 985)   coste       5        5
(  46,  48)   coste      14       14
( 811, 840)   coste      21       21
( 841, 951)   coste      37       37
( 260, 279)   coste      30       30
( 810, 942)   coste      36       36
( 366, 497)   coste      44       44
( 366, 367)   coste      12       12
( 366, 860)   coste      24       24
( 154, 155)   coste      26       26
( 154, 156)   coste      18       18
( 444, 445)   coste      41       41
( 379, 753)   coste      35       35
( 379, 380)   coste      36       36
( 532, 806)   coste      26       26
( 806, 807)   coste      32       32
(  53, 963)   coste      42       42
( 963, 988)   coste      16       16
( 628, 978)   coste      30       30
( 220, 628)   coste      15       15
( 934, 935)   coste       6        6
( 934, 989)   coste       4        4
( 305, 415)   coste      17       17
( 632, 776)   coste      36       36
( 330, 990)   coste      27       27
( 782, 783)   coste      18       18
( 911, 919)   coste      36       36
( 818, 919)   coste      39       39
( 978, 991)   coste      22       22
( 943, 956)   coste      34       34
( 579, 793)   coste      29       29
( 541, 542)   coste      38       38
( 541, 798)   coste      34       34
( 688, 689)   coste      27       27
( 162, 507)   coste      33       33
( 742, 981)   coste      25       25
(  48, 981)   coste      39       39
(  48, 742)   coste      34       34
( 123, 986)   coste      27       27
( 986, 992)   coste      31       31
( 358, 793)   coste      22       22
( 740, 912)   coste      22       22
( 835, 894)   coste      13       13
(  80,  81)   coste      23       23
( 178, 449)   coste      23       23
( 973, 993)   coste      51       51
( 408, 966)   coste      22       22
(   6, 388)   coste      17       17
(  81, 994)   coste      12       12
( 889, 975)   coste      56       56
( 282, 944)   coste      20       20
( 497, 498)   coste      36       36
( 497, 925)   coste      10       10
( 326, 935)   coste      16       16
( 935, 989)   coste       8        8
( 326, 989)   coste      20       20
( 562, 767)   coste      19       19
( 795, 939)   coste      42       42
(  94, 203)   coste      27       27
( 616, 882)   coste      23       23
( 701, 732)   coste      23       23
( 701, 995)   coste       9        9
( 725, 754)   coste      40       40
( 725, 983)   coste      41       41
( 767, 801)   coste      22       22
( 920, 921)   coste       4        4
(  19, 376)   coste      14       14
( 445, 904)   coste      27       27
( 866, 962)   coste      23       23
( 109, 405)   coste      26       26
( 411, 878)   coste       9        9
( 455, 533)   coste      40       40
( 298, 733)   coste      36       36
( 298, 349)   coste      20       20
( 967, 968)   coste      41       41
( 292, 967)   coste      42       42
(  77, 967)   coste      27       27
(  12,  58)   coste      38       38
(  58, 247)   coste      29       29
( 399, 570)   coste      12       12
( 292, 968)   coste      46       46
(  12, 247)   coste      42       42
( 195, 816)   coste      34       34
( 897, 907)   coste      30       30
( 897, 898)   coste      17       17
( 669, 711)   coste      40       40
( 280, 996)   coste      35       35
( 123, 992)   coste      10       10
( 123, 124)   coste      34       34
( 558, 559)   coste      21       21
( 498, 925)   coste      41       41
( 902, 983)   coste      29       29
( 732, 995)   coste      16       16
( 857, 937)   coste      16       16
( 138, 250)   coste      10       10
( 479, 835)   coste      38       38
( 399, 911)   coste      39       39
LISTA_ARISTAS_NOREQ :
(   2, 388)   coste       9        9
(   3,   5)   coste      37       37
(   3, 311)   coste      44       44
(   3, 833)   coste      30       30
(   8,   9)   coste      23       23
(   9,  10)   coste      32       32
(   9,  11)   coste      19       19
(   9, 329)   coste      31       31
(  10, 329)   coste      47       47
(  11, 327)   coste      32       32
(  13, 376)   coste      28       28
(  13, 796)   coste      36       36
(  15,  17)   coste      30       30
(  16,  17)   coste      32       32
(  16,  19)   coste      20       20
(  17, 908)   coste      38       38
(  20,  37)   coste       9        9
(  22, 712)   coste       7        7
(  22, 880)   coste      39       39
(  24, 297)   coste      39       39
(  24, 298)   coste       5        5
(  24, 349)   coste      21       21
(  24, 733)   coste      33       33
(  25, 298)   coste      25       25
(  26, 733)   coste      38       38
(  27, 230)   coste      42       42
(  27, 649)   coste      23       23
(  30, 336)   coste      27       27
(  30, 339)   coste      28       28
(  30, 393)   coste      17       17
(  31, 339)   coste      22       22
(  31, 886)   coste      32       32
(  32, 947)   coste      18       18
(  37, 457)   coste      27       27
(  37, 560)   coste      25       25
(  39, 924)   coste      33       33
(  39, 945)   coste      17       17
(  40,  42)   coste      35       35
(  44,  45)   coste      40       40
(  46, 742)   coste      30       30
(  46, 981)   coste      44       44
(  47, 306)   coste      31       31
(  49, 620)   coste      16       16
(  49, 622)   coste      26       26
(  50,  54)   coste      20       20
(  52,  53)   coste      18       18
(  54, 548)   coste      25       25
(  56,  57)   coste      44       44
(  56, 244)   coste      16       16
(  58, 245)   coste      25       25
(  60, 279)   coste      35       35
(  60, 702)   coste      46       46
(  60, 893)   coste      31       31
(  61, 279)   coste      26       26
(  61, 893)   coste      38       38
(  63, 157)   coste      30       30
(  69,  71)   coste      25       25
(  69, 633)   coste      19       19
(  70,  71)   coste      21       21
(  72, 780)   coste      24       24
(  73,  75)   coste      26       26
(  74, 780)   coste      28       28
(  74, 859)   coste      32       32
(  76, 780)   coste      37       37
(  79, 219)   coste      30       30
(  79, 947)   coste      36       36
(  81, 830)   coste      33       33
(  82, 444)   coste      45       45
(  82, 872)   coste      41       41
(  83, 872)   coste      24       24
(  84, 444)   coste      27       27
(  86, 949)   coste      14       14
(  87, 957)   coste       8        8
(  88, 949)   coste      54       54
(  89, 224)   coste      92       92
(  89, 225)   coste      76       76
(  90, 737)   coste      27       27
(  93, 233)   coste      18       18
(  96, 140)   coste      25       25
(  96, 631)   coste      38       38
(  96, 683)   coste      35       35
(  97, 631)   coste      40       40
(  98, 680)   coste      22       22
( 100, 101)   coste      12       12
( 100, 680)   coste      19       19
( 100, 887)   coste      34       34
( 102, 827)   coste      36       36
( 103, 827)   coste      26       26
( 107, 405)   coste      24       24
( 109, 365)   coste      30       30
( 112, 389)   coste       7        7
( 117, 944)   coste      22       22
( 118, 119)   coste      25       25
( 118, 557)   coste      39       39
( 120, 986)   coste      24       24
( 121, 122)   coste      39       39
( 122, 124)   coste      22       22
( 124, 757)   coste      35       35
( 125, 389)   coste      24       24
( 125, 390)   coste      13       13
( 125, 762)   coste      28       28
( 125, 958)   coste      31       31
( 127, 958)   coste      12       12
( 128, 922)   coste      47       47
( 129, 132)   coste      44       44
( 130, 131)   coste      42       42
( 133, 440)   coste      29       29
( 135, 797)   coste      62       62
( 135, 826)   coste      29       29
( 136, 826)   coste      21       21
( 138, 442)   coste      30       30
( 139, 815)   coste       4        4
( 141, 396)   coste      33       33
( 143, 396)   coste      37       37
( 144, 396)   coste       3        3
( 145, 768)   coste      27       27
( 145, 992)   coste      22       22
( 147, 438)   coste      18       18
( 148, 432)   coste      18       18
( 148, 633)   coste      17       17
( 152, 154)   coste      33       33
( 155, 156)   coste      26       26
( 158, 314)   coste      37       37
( 159, 505)   coste      23       23
( 159, 743)   coste      53       53
( 161, 537)   coste      16       16
( 161, 861)   coste      16       16
( 162, 505)   coste      25       25
( 162, 962)   coste      32       32
( 163, 176)   coste      33       33
( 163, 462)   coste      26       26
( 163, 563)   coste      20       20
( 165, 690)   coste      30       30
( 165, 908)   coste      40       40
( 166, 167)   coste      21       21
( 166, 908)   coste      23       23
( 168, 260)   coste      24       24
( 168, 279)   coste       9        9
( 168, 893)   coste      48       48
( 170, 171)   coste      35       35
( 171, 172)   coste      24       24
( 171, 660)   coste      23       23
( 171, 803)   coste      21       21
( 172, 844)   coste      35       35
( 174, 341)   coste      15       15
( 177, 449)   coste      34       34
( 177, 536)   coste      22       22
( 179, 394)   coste      20       20
( 180, 181)   coste      13       13
( 180, 846)   coste      30       30
( 183, 637)   coste      17       17
( 183, 640)   coste      31       31
( 185, 637)   coste      29       29
( 185, 639)   coste      17       17
( 186, 308)   coste      36       36
( 186, 543)   coste       5        5
( 186, 544)   coste      22       22
( 186, 545)   coste      23       23
( 187, 308)   coste      33       33
( 187, 543)   coste      24       24
( 187, 544)   coste       4        4
( 189, 851)   coste       6        6
( 190, 851)   coste      50       50
( 190, 930)   coste      14       14
( 193, 199)   coste      51       51
( 193, 969)   coste      40       40
( 194, 199)   coste      34       34
( 194, 979)   coste      56       56
( 196, 889)   coste      26       26
( 197, 975)   coste      32       32
( 198, 979)   coste      48       48
( 200, 729)   coste      20       20
( 201, 678)   coste      24       24
( 202, 902)   coste      26       26
( 204, 284)   coste      47       47
( 206, 208)   coste      16       16
( 206, 840)   coste      16       16
( 207, 646)   coste      14       14
( 208, 840)   coste      16       16
( 209, 892)   coste      34       34
( 214, 762)   coste      33       33
( 216, 627)   coste      16       16
( 216, 628)   coste      29       29
( 219, 946)   coste      24       24
( 223, 242)   coste      43       43
( 224, 260)   coste      19       19
( 226, 260)   coste       8        8
( 226, 847)   coste      13       13
( 228, 791)   coste      24       24
( 230, 799)   coste      21       21
( 233, 346)   coste      22       22
( 234, 235)   coste      11       11
( 234, 425)   coste      25       25
( 235, 264)   coste      36       36
( 235, 346)   coste      27       27
( 237, 425)   coste      19       19
( 238, 546)   coste       6        6
( 239, 625)   coste      17       17
( 240, 708)   coste      32       32
( 240, 709)   coste      13       13
( 241, 604)   coste      57       57
( 241, 794)   coste      25       25
( 243, 794)   coste      27       27
( 244, 538)   coste      29       29
( 245, 538)   coste      28       28
( 245, 890)   coste      26       26
( 246, 538)   coste      15       15
( 247, 890)   coste      23       23
( 248, 250)   coste      39       39
( 253, 255)   coste      34       34
( 256, 471)   coste      11       11
( 257, 258)   coste      14       14
( 257, 471)   coste       4        4
( 258, 832)   coste      49       49
( 260, 786)   coste      20       20
( 261, 262)   coste      27       27
( 268, 304)   coste      21       21
( 268, 305)   coste      36       36
( 268, 880)   coste      81       81
( 269, 414)   coste      36       36
( 270, 271)   coste      27       27
( 271, 304)   coste      31       31
( 272, 582)   coste      25       25
( 272, 746)   coste       3        3
( 273, 280)   coste      30       30
( 273, 996)   coste      42       42
( 274, 418)   coste      40       40
( 276, 494)   coste      51       51
( 278, 493)   coste      49       49
( 278, 495)   coste      65       65
( 281, 417)   coste      33       33
( 281, 418)   coste      40       40
( 281, 769)   coste      40       40
( 283, 397)   coste      33       33
( 283, 575)   coste      24       24
( 290, 916)   coste      36       36
( 292, 876)   coste      42       42
( 295, 590)   coste      33       33
( 296, 297)   coste      18       18
( 297, 298)   coste      35       35
( 299, 331)   coste      12       12
( 301, 913)   coste      29       29
( 302, 913)   coste      27       27
( 303, 689)   coste      26       26
( 303, 951)   coste      41       41
( 304, 880)   coste      82       82
( 307, 491)   coste      26       26
( 309, 513)   coste      18       18
( 309, 766)   coste      47       47
( 310, 312)   coste      13       13
( 311, 312)   coste      38       38
( 312, 514)   coste      17       17
( 315, 837)   coste      34       34
( 317, 837)   coste      35       35
( 318, 863)   coste      29       29
( 319, 321)   coste      25       25
( 319, 479)   coste      39       39
( 320, 499)   coste      30       30
( 320, 891)   coste      32       32
( 321, 862)   coste      34       34
( 322, 772)   coste      24       24
( 324, 772)   coste      43       43
( 325, 772)   coste      31       31
( 325, 849)   coste      31       31
( 325, 987)   coste      11       11
( 327, 634)   coste       7        7
( 333, 335)   coste      23       23
( 334, 335)   coste      20       20
( 338, 535)   coste      37       37
( 338, 793)   coste      20       20
( 340, 854)   coste      40       40
( 341, 536)   coste      35       35
( 343, 344)   coste      14       14
( 343, 346)   coste      28       28
( 344, 345)   coste      33       33
( 348, 473)   coste      43       43
( 348, 750)   coste      47       47
( 349, 652)   coste      21       21
( 350, 635)   coste      38       38
( 351, 636)   coste      32       32
( 352, 636)   coste      20       20
( 352, 990)   coste      24       24
( 354, 572)   coste      31       31
( 355, 953)   coste      28       28
( 356, 577)   coste      28       28
( 356, 878)   coste      11       11
( 361, 561)   coste      47       47
( 363, 365)   coste      25       25
( 363, 584)   coste      33       33
( 365, 366)   coste      25       25
( 367, 860)   coste      18       18
( 368, 807)   coste      31       31
( 369, 371)   coste      22       22
( 373, 819)   coste      46       46
( 377, 899)   coste      33       33
( 378, 965)   coste      38       38
( 379, 938)   coste      29       29
( 380, 521)   coste      27       27
( 380, 938)   coste      43       43
( 381, 550)   coste      23       23
( 383, 551)   coste      30       30
( 385, 595)   coste      25       25
( 386, 703)   coste      30       30
( 391, 644)   coste      53       53
( 394, 763)   coste      73       73
( 395, 759)   coste      26       26
( 397, 570)   coste      15       15
( 397, 575)   coste      29       29
( 397, 988)   coste      28       28
( 398, 963)   coste      26       26
( 398, 988)   coste      17       17
( 400, 886)   coste      34       34
( 402, 491)   coste      24       24
( 405, 498)   coste      31       31
( 406, 740)   coste      15       15
( 406, 912)   coste      33       33
( 407, 481)   coste      50       50
( 407, 912)   coste      33       33
( 409, 828)   coste      21       21
( 409, 878)   coste      29       29
( 409, 882)   coste      27       27
( 412, 413)   coste      38       38
( 413, 591)   coste      36       36
( 413, 733)   coste      37       37
( 416, 780)   coste      37       37
( 419, 780)   coste      40       40
( 419, 859)   coste      22       22
( 420, 592)   coste      18       18
( 421, 426)   coste      12       12
( 422, 673)   coste      34       34
( 422, 675)   coste      35       35
( 423, 466)   coste      31       31
( 423, 467)   coste      17       17
( 426, 592)   coste      20       20
( 427, 958)   coste      38       38
( 428, 924)   coste      39       39
( 429, 438)   coste      17       17
( 430, 431)   coste      33       33
( 433, 945)   coste      18       18
( 434, 945)   coste      21       21
( 440, 441)   coste      19       19
( 440, 443)   coste      13       13
( 441, 864)   coste      28       28
( 442, 597)   coste      57       57
( 446, 448)   coste      42       42
( 446, 449)   coste      27       27
( 448, 449)   coste      41       41
( 451, 531)   coste      20       20
( 451, 533)   coste       6        6
( 452, 833)   coste      42       42
( 453, 833)   coste      21       21
( 454, 533)   coste      17       17
( 458, 858)   coste      14       14
( 458, 957)   coste      16       16
( 459, 957)   coste       8        8
( 460, 565)   coste      29       29
( 462, 564)   coste      25       25
( 465, 726)   coste      10       10
( 468, 832)   coste      43       43
( 469, 470)   coste      17       17
( 470, 927)   coste      18       18
( 475, 894)   coste      34       34
( 476, 477)   coste      17       17
( 477, 825)   coste      48       48
( 478, 862)   coste      30       30
( 479, 894)   coste      31       31
( 480, 759)   coste      39       39
( 482, 483)   coste      40       40
( 482, 484)   coste       7        7
( 482, 645)   coste      58       58
( 482, 704)   coste      31       31
( 483, 484)   coste      34       34
( 487, 656)   coste      27       27
( 488, 489)   coste      26       26
( 490, 503)   coste      16       16
( 499, 581)   coste      21       21
( 501, 502)   coste      15       15
( 501, 891)   coste      29       29
( 503, 571)   coste      43       43
( 506, 507)   coste      21       21
( 507, 866)   coste      32       32
( 508, 693)   coste      30       30
( 510, 670)   coste      19       19
( 518, 647)   coste      28       28
( 520, 991)   coste      41       41
( 521, 735)   coste      39       39
( 521, 830)   coste      23       23
( 523, 735)   coste       7        7
( 523, 736)   coste      17       17
( 524, 964)   coste      18       18
( 525, 527)   coste      21       21
( 526, 528)   coste      15       15
( 527, 529)   coste      22       22
( 527, 573)   coste      28       28
( 530, 566)   coste      39       39
( 530, 568)   coste      19       19
( 533, 568)   coste      34       34
( 533, 688)   coste      32       32
( 536, 996)   coste      38       38
( 537, 861)   coste       1        1
( 538, 855)   coste      32       32
( 538, 976)   coste      49       49
( 539, 643)   coste      31       31
( 540, 643)   coste      33       33
( 542, 974)   coste      21       21
( 545, 682)   coste      24       24
( 546, 623)   coste      29       29
( 547, 650)   coste      35       35
( 548, 651)   coste      39       39
( 552, 754)   coste      38       38
( 552, 974)   coste      26       26
( 553, 555)   coste      19       19
( 554, 555)   coste      37       37
( 554, 754)   coste       7        7
( 555, 556)   coste      13       13
( 557, 962)   coste      28       28
( 562, 801)   coste      10       10
( 566, 741)   coste      43       43
( 569, 958)   coste      19       19
( 572, 953)   coste      17       17
( 573, 805)   coste      43       43
( 574, 805)   coste      16       16
( 576, 580)   coste      19       19
( 576, 834)   coste      19       19
( 578, 580)   coste      25       25
( 580, 834)   coste       5        5
( 580, 835)   coste      29       29
( 583, 996)   coste      17       17
( 584, 599)   coste      22       22
( 585, 586)   coste      31       31
( 585, 600)   coste      43       43
( 587, 618)   coste      21       21
( 587, 755)   coste      37       37
( 588, 674)   coste      42       42
( 593, 918)   coste      33       33
( 594, 918)   coste      38       38
( 596, 987)   coste      17       17
( 598, 737)   coste      29       29
( 598, 949)   coste      25       25
( 602, 914)   coste      47       47
( 603, 794)   coste      39       39
( 606, 843)   coste      27       27
( 607, 899)   coste      49       49
( 609, 742)   coste       6        6
( 611, 887)   coste      35       35
( 613, 646)   coste      41       41
( 615, 731)   coste      13       13
( 617, 693)   coste      35       35
( 622, 650)   coste      16       16
( 628, 991)   coste      43       43
( 629, 773)   coste      33       33
( 630, 631)   coste      19       19
( 631, 890)   coste      37       37
( 632, 774)   coste      32       32
( 636, 990)   coste      43       43
( 639, 926)   coste      26       26
( 642, 798)   coste      13       13
( 658, 993)   coste      74       74
( 659, 842)   coste      35       35
( 659, 844)   coste      20       20
( 660, 842)   coste      27       27
( 663, 665)   coste      18       18
( 667, 711)   coste      45       45
( 668, 885)   coste      75       75
( 670, 761)   coste      20       20
( 672, 782)   coste      41       41
( 678, 729)   coste      24       24
( 685, 860)   coste      39       39
( 685, 976)   coste      31       31
( 691, 692)   coste      13       13
( 694, 972)   coste      19       19
( 695, 703)   coste      27       27
( 698, 770)   coste      11       11
( 698, 771)   coste      26       26
( 699, 776)   coste      35       35
( 704, 884)   coste      49       49
( 706, 968)   coste      36       36
( 713, 880)   coste      38       38
( 716, 718)   coste      34       34
( 717, 718)   coste      22       22
( 717, 719)   coste      33       33
( 721, 724)   coste      37       37
( 721, 883)   coste      10       10
( 721, 920)   coste      23       23
( 722, 883)   coste       7        7
( 724, 787)   coste      39       39
( 727, 952)   coste      40       40
( 727, 953)   coste      13       13
( 730, 867)   coste      14       14
( 730, 868)   coste      24       24
( 730, 995)   coste      21       21
( 732, 867)   coste      22       22
( 732, 942)   coste      50       50
( 734, 929)   coste      50       50
( 738, 926)   coste      13       13
( 743, 747)   coste      44       44
( 748, 749)   coste       8        8
( 748, 961)   coste      27       27
( 750, 927)   coste      39       39
( 751, 899)   coste      23       23
( 751, 900)   coste       4        4
( 753, 899)   coste      23       23
( 753, 965)   coste      45       45
( 764, 765)   coste      49       49
( 764, 817)   coste      36       36
( 767, 954)   coste      19       19
( 768, 986)   coste      31       31
( 768, 992)   coste       6        6
( 769, 944)   coste      38       38
( 772, 849)   coste      22       22
( 775, 813)   coste      19       19
( 777, 843)   coste      48       48
( 784, 869)   coste      41       41
( 785, 869)   coste      26       26
( 789, 790)   coste      25       25
( 790, 791)   coste      23       23
( 790, 799)   coste      27       27
( 792, 821)   coste      18       18
( 795, 981)   coste      63       63
( 802, 895)   coste       4        4
( 802, 897)   coste       3        3
( 802, 898)   coste      18       18
( 803, 804)   coste      29       29
( 808, 829)   coste       9        9
( 811, 841)   coste      41       41
( 814, 816)   coste       4        4
( 814, 969)   coste      19       19
( 815, 816)   coste      21       21
( 815, 969)   coste      32       32
( 818, 918)   coste      26       26
( 819, 838)   coste      35       35
( 819, 854)   coste      25       25
( 822, 823)   coste      24       24
( 822, 824)   coste      21       21
( 825, 907)   coste      30       30
( 830, 994)   coste      22       22
( 831, 964)   coste      54       54
( 836, 933)   coste      13       13
( 838, 980)   coste      35       35
( 839, 951)   coste      18       18
( 848, 864)   coste      56       56
( 850, 987)   coste      26       26
( 852, 980)   coste      32       32
( 858, 957)   coste      26       26
( 864, 903)   coste      49       49
( 865, 961)   coste      38       38
( 867, 995)   coste       9        9
( 876, 915)   coste      21       21
( 877, 916)   coste      43       43
( 883, 920)   coste      27       27
( 895, 907)   coste      25       25
( 896, 897)   coste      47       47
( 896, 898)   coste      35       35
( 898, 907)   coste      20       20
( 903, 904)   coste      29       29
( 905, 966)   coste      16       16
( 910, 988)   coste      31       31
( 918, 977)   coste      26       26
( 919, 977)   coste      34       34
( 922, 940)   coste      31       31
( 932, 933)   coste       3        3
( 935, 987)   coste      10       10
( 938, 965)   coste      47       47
( 939, 965)   coste      42       42
( 941, 955)   coste      37       37
( 955, 956)   coste      47       47
( 960, 980)   coste      44       44
( 964, 966)   coste      14       14
( 978, 979)   coste      23       23
( 979, 991)   coste      38       38
