NOMBRE : UR152
COMENTARIO : 149  componentes 
VERTICES :  766
ARISTAS_REQ :  661
ARISTAS_NOREQ : 1729
LISTA_ARISTAS_REQ :
(   1,   2)   coste      26       26
(   3,   4)   coste       6        6
(   5,   6)   coste      21       21
(   5,   7)   coste      46       46
(   8,   9)   coste      21       21
(  10,  11)   coste      27       27
(  10,  12)   coste      20       20
(  13,  14)   coste      35       35
(  15,  16)   coste      41       41
(  15,  17)   coste      19       19
(  15,  18)   coste      14       14
(  19,  20)   coste      35       35
(  21,  22)   coste      29       29
(  23,  24)   coste      30       30
(  25,  26)   coste      34       34
(  25,  27)   coste      33       33
(  28,  29)   coste      26       26
(  28,  30)   coste      35       35
(  31,  32)   coste      30       30
(  33,  34)   coste      24       24
(  27,  35)   coste      17       17
(  36,  37)   coste      33       33
(  36,  38)   coste      31       31
(  39,  40)   coste      39       39
(  39,  41)   coste      33       33
(  39,  42)   coste      37       37
(  43,  44)   coste      33       33
(  43,  45)   coste      33       33
(  46,  47)   coste      28       28
(  48,  49)   coste      49       49
(  50,  51)   coste      40       40
(  52,  53)   coste      11       11
(   9,  52)   coste      22       22
(  54,  55)   coste      45       45
(  54,  56)   coste      28       28
(  54,  57)   coste      37       37
(  58,  59)   coste      35       35
(  60,  61)   coste      10       10
(  60,  62)   coste      35       35
(  63,  64)   coste      27       27
(  63,  65)   coste      36       36
(  66,  67)   coste      38       38
(  66,  68)   coste      49       49
(  69,  70)   coste      28       28
(  69,  71)   coste      30       30
(  69,  72)   coste      32       32
(  73,  74)   coste      31       31
(  75,  76)   coste      16       16
(  77,  78)   coste      23       23
(  77,  79)   coste      24       24
(  80,  81)   coste      14       14
(  80,  82)   coste      35       35
(  55,  83)   coste      34       34
(  84,  85)   coste       4        4
(  51,  86)   coste      41       41
(  86,  87)   coste      15       15
(  88,  89)   coste      22       22
(  37,  90)   coste      30       30
(  91,  92)   coste      32       32
(  91,  93)   coste      28       28
(  24,  94)   coste      29       29
(  24,  95)   coste      37       37
(  24,  96)   coste      35       35
(  97,  98)   coste      27       27
(  97,  99)   coste      21       21
( 100, 101)   coste      23       23
( 102, 103)   coste      36       36
( 104, 105)   coste      11       11
( 104, 106)   coste      31       31
( 107, 108)   coste      30       30
( 107, 109)   coste      10       10
( 107, 110)   coste      15       15
( 111, 112)   coste       5        5
( 111, 113)   coste      44       44
( 111, 114)   coste      29       29
( 115, 116)   coste       5        5
( 117, 118)   coste      28       28
( 117, 119)   coste      29       29
( 117, 120)   coste      32       32
( 121, 122)   coste      48       48
( 123, 124)   coste      37       37
( 123, 125)   coste      25       25
( 126, 127)   coste      47       47
( 126, 128)   coste      30       30
( 129, 130)   coste      32       32
( 131, 132)   coste      32       32
( 131, 133)   coste      28       28
( 134, 135)   coste      24       24
( 136, 137)   coste      25       25
( 138, 139)   coste      21       21
( 138, 140)   coste      20       20
( 141, 142)   coste      16       16
( 143, 144)   coste      42       42
( 145, 146)   coste      30       30
( 147, 148)   coste      50       50
( 149, 150)   coste      47       47
( 149, 151)   coste      26       26
( 152, 153)   coste      39       39
( 152, 154)   coste      27       27
( 155, 156)   coste      33       33
( 155, 157)   coste      28       28
( 158, 159)   coste      10       10
( 160, 161)   coste      30       30
( 162, 163)   coste      12       12
( 162, 164)   coste      14       14
( 165, 166)   coste      27       27
( 165, 167)   coste      33       33
( 165, 168)   coste      39       39
( 169, 170)   coste      25       25
( 171, 172)   coste      32       32
( 171, 173)   coste      19       19
(  79, 174)   coste      38       38
( 174, 175)   coste      30       30
( 176, 177)   coste      31       31
( 176, 178)   coste      44       44
(  81,  82)   coste      43       43
( 179, 180)   coste      38       38
( 179, 181)   coste      34       34
( 179, 182)   coste      34       34
( 183, 184)   coste      54       54
( 183, 185)   coste      62       62
( 186, 187)   coste      45       45
( 186, 188)   coste      38       38
(  32,  59)   coste       8        8
( 189, 190)   coste      47       47
( 191, 192)   coste      23       23
( 193, 194)   coste      41       41
( 195, 196)   coste      27       27
( 156, 195)   coste      25       25
( 195, 197)   coste      31       31
(  20, 195)   coste      12       12
( 198, 199)   coste      34       34
( 198, 200)   coste      44       44
( 198, 201)   coste      34       34
( 198, 202)   coste      40       40
( 203, 204)   coste      34       34
( 205, 206)   coste      32       32
( 205, 207)   coste      35       35
( 207, 208)   coste      21       21
( 208, 209)   coste      36       36
( 210, 211)   coste      19       19
( 105, 212)   coste      15       15
( 105, 106)   coste      32       32
( 213, 214)   coste      44       44
( 213, 215)   coste       9        9
( 216, 217)   coste      46       46
( 112, 218)   coste      23       23
( 218, 219)   coste      48       48
( 220, 221)   coste      40       40
( 220, 222)   coste       8        8
( 220, 223)   coste      37       37
( 224, 225)   coste      38       38
(  40, 224)   coste      16       16
( 144, 226)   coste      36       36
( 187, 227)   coste       8        8
( 187, 228)   coste      53       53
( 229, 230)   coste      35       35
(  14, 231)   coste      48       48
(  14, 232)   coste      26       26
( 233, 234)   coste      16       16
( 233, 235)   coste      34       34
( 236, 237)   coste      35       35
( 236, 238)   coste      37       37
( 236, 239)   coste      43       43
( 240, 241)   coste      44       44
(  74, 242)   coste      21       21
( 243, 244)   coste      19       19
(  41, 243)   coste      30       30
( 245, 246)   coste      40       40
( 245, 247)   coste       9        9
( 245, 248)   coste      42       42
( 249, 250)   coste      54       54
( 251, 252)   coste      26       26
( 253, 254)   coste      33       33
( 255, 256)   coste      21       21
( 257, 258)   coste      59       59
( 259, 260)   coste      50       50
( 261, 262)   coste       6        6
( 261, 263)   coste      13       13
( 211, 264)   coste      52       52
( 265, 266)   coste       9        9
( 267, 268)   coste       9        9
(  57, 269)   coste      29       29
( 270, 271)   coste      21       21
(  34, 272)   coste      23       23
( 273, 274)   coste      31       31
( 273, 275)   coste      31       31
( 273, 276)   coste      43       43
( 277, 278)   coste      36       36
( 188, 279)   coste      23       23
( 188, 280)   coste      35       35
( 281, 282)   coste      46       46
(   2, 283)   coste      25       25
( 284, 285)   coste      49       49
( 286, 287)   coste      49       49
( 288, 289)   coste       6        6
( 288, 290)   coste      22       22
( 288, 291)   coste      23       23
( 292, 293)   coste       6        6
(  44, 294)   coste      17       17
( 295, 296)   coste      51       51
(  11, 297)   coste       6        6
( 199, 298)   coste      48       48
( 226, 299)   coste      34       34
( 300, 301)   coste      16       16
( 244, 302)   coste       9        9
( 303, 304)   coste      18       18
( 305, 306)   coste      40       40
( 307, 308)   coste      23       23
( 309, 310)   coste      33       33
( 309, 311)   coste      44       44
( 309, 312)   coste      50       50
( 313, 314)   coste      48       48
(  55, 315)   coste      42       42
( 315, 316)   coste      49       49
(  70, 317)   coste      35       35
( 318, 319)   coste      36       36
( 320, 321)   coste      26       26
( 322, 323)   coste       4        4
( 322, 324)   coste      28       28
( 325, 326)   coste      32       32
( 327, 328)   coste      27       27
(  71, 317)   coste      25       25
(   4, 329)   coste      24       24
( 330, 331)   coste      42       42
( 232, 332)   coste      32       32
(  78, 332)   coste      41       41
( 333, 334)   coste      20       20
( 333, 335)   coste      35       35
(  62, 333)   coste      27       27
( 336, 337)   coste      19       19
( 338, 339)   coste      28       28
( 340, 341)   coste      15       15
( 340, 342)   coste      41       41
( 310, 343)   coste      29       29
( 344, 345)   coste      52       52
( 202, 346)   coste      60       60
( 148, 347)   coste      45       45
( 294, 348)   coste      27       27
( 163, 349)   coste      38       38
( 349, 350)   coste       6        6
( 351, 352)   coste      13       13
( 351, 353)   coste      37       37
(  72, 351)   coste      35       35
( 354, 355)   coste      14       14
( 356, 357)   coste      36       36
( 356, 358)   coste      51       51
( 359, 360)   coste      26       26
( 359, 361)   coste      31       31
( 103, 137)   coste      37       37
( 137, 362)   coste      34       34
( 363, 364)   coste      16       16
( 365, 366)   coste      45       45
( 258, 367)   coste      55       55
( 368, 369)   coste      27       27
( 228, 370)   coste      31       31
( 370, 371)   coste      23       23
( 184, 326)   coste      12       12
( 185, 326)   coste      75       75
( 326, 372)   coste      44       44
( 326, 373)   coste      44       44
( 374, 375)   coste      37       37
( 374, 376)   coste      26       26
( 374, 377)   coste      59       59
( 378, 379)   coste      14       14
( 378, 380)   coste      47       47
( 206, 209)   coste      20       20
( 246, 381)   coste      22       22
( 246, 382)   coste      37       37
(  89, 383)   coste      45       45
(  20, 384)   coste      46       46
( 385, 386)   coste      29       29
(  65, 387)   coste      41       41
( 388, 389)   coste      44       44
( 239, 388)   coste      36       36
( 390, 391)   coste      30       30
( 392, 393)   coste      32       32
( 392, 394)   coste      24       24
( 395, 396)   coste      41       41
( 395, 397)   coste      10       10
( 398, 399)   coste      23       23
( 170, 398)   coste      38       38
( 306, 398)   coste      33       33
( 250, 398)   coste      54       54
( 214, 337)   coste      34       34
( 337, 400)   coste      54       54
( 401, 402)   coste       7        7
( 401, 403)   coste      36       36
( 329, 369)   coste      29       29
( 404, 405)   coste      31       31
( 404, 406)   coste      16       16
( 404, 407)   coste      50       50
( 408, 409)   coste      28       28
( 408, 410)   coste      23       23
( 408, 411)   coste       9        9
( 412, 413)   coste       6        6
( 133, 414)   coste      56       56
( 163, 164)   coste      25       25
( 242, 415)   coste      39       39
( 416, 417)   coste      32       32
(  61, 142)   coste      38       38
( 418, 419)   coste      27       27
( 420, 421)   coste      24       24
( 422, 423)   coste       4        4
( 422, 424)   coste      31       31
( 350, 425)   coste      26       26
( 425, 426)   coste      33       33
( 427, 428)   coste      15       15
( 167, 429)   coste      32       32
( 429, 430)   coste       4        4
( 116, 431)   coste       6        6
( 274, 275)   coste      22       22
( 274, 426)   coste      19       19
( 317, 432)   coste      57       57
( 433, 434)   coste      12       12
( 433, 435)   coste      48       48
( 433, 436)   coste      59       59
(  45, 437)   coste      24       24
(  87, 438)   coste      47       47
( 434, 439)   coste      36       36
( 310, 440)   coste      33       33
(  68, 441)   coste      45       45
(  68, 442)   coste      45       45
( 227, 443)   coste       8        8
( 161, 444)   coste       9        9
( 444, 445)   coste      23       23
( 444, 446)   coste      34       34
( 444, 447)   coste      40       40
( 448, 449)   coste      36       36
( 448, 450)   coste      14       14
( 448, 451)   coste      14       14
( 402, 452)   coste      52       52
( 452, 453)   coste      40       40
( 454, 455)   coste      12       12
( 394, 454)   coste      42       42
( 209, 456)   coste      34       34
( 296, 457)   coste      25       25
( 457, 458)   coste      44       44
( 459, 460)   coste      29       29
( 262, 461)   coste      17       17
( 462, 463)   coste      33       33
( 462, 464)   coste      19       19
( 465, 466)   coste      24       24
( 465, 467)   coste      42       42
( 360, 468)   coste      41       41
( 469, 470)   coste      38       38
( 471, 472)   coste      35       35
( 328, 473)   coste      20       20
( 170, 474)   coste      31       31
( 475, 476)   coste      17       17
( 475, 477)   coste      21       21
( 331, 478)   coste      48       48
( 478, 479)   coste      19       19
( 119, 480)   coste      19       19
( 120, 480)   coste      31       31
( 481, 482)   coste       8        8
( 481, 483)   coste      54       54
( 484, 485)   coste      22       22
( 334, 486)   coste      15       15
( 271, 487)   coste      37       37
( 271, 488)   coste      46       46
(  94, 489)   coste      30       30
( 490, 491)   coste      17       17
( 490, 492)   coste      13       13
( 493, 494)   coste      29       29
( 493, 495)   coste      34       34
( 493, 496)   coste      39       39
( 405, 497)   coste      13       13
( 497, 498)   coste      31       31
( 280, 499)   coste      35       35
( 499, 500)   coste      17       17
( 228, 341)   coste      46       46
( 341, 342)   coste      50       50
( 341, 501)   coste      28       28
( 502, 503)   coste      12       12
( 498, 504)   coste      44       44
(  29,  56)   coste       9        9
(  29, 505)   coste      40       40
( 506, 507)   coste      49       49
( 455, 508)   coste       9        9
(  90, 455)   coste      36       36
( 509, 510)   coste      28       28
( 494, 511)   coste      30       30
( 512, 513)   coste      12       12
( 514, 515)   coste      25       25
( 441, 516)   coste       4        4
( 517, 518)   coste       7        7
( 517, 519)   coste       3        3
( 520, 521)   coste      17       17
( 402, 403)   coste      41       41
( 231, 522)   coste      46       46
( 523, 524)   coste      34       34
( 407, 525)   coste      39       39
( 525, 526)   coste      26       26
( 458, 525)   coste      36       36
( 366, 527)   coste      13       13
( 528, 529)   coste      25       25
( 225, 530)   coste      30       30
( 225, 468)   coste      37       37
(  40, 531)   coste      32       32
( 532, 533)   coste      50       50
( 513, 534)   coste      44       44
( 217, 535)   coste      56       56
( 409, 410)   coste      39       39
( 409, 411)   coste      25       25
( 536, 537)   coste      48       48
( 513, 538)   coste      25       25
( 358, 538)   coste      48       48
( 430, 529)   coste      40       40
( 539, 540)   coste      44       44
( 539, 541)   coste       4        4
( 542, 543)   coste      62       62
( 544, 545)   coste      38       38
( 142, 546)   coste      47       47
( 371, 546)   coste      36       36
(  22, 547)   coste      12       12
( 548, 549)   coste      32       32
(  99, 550)   coste       6        6
( 222, 287)   coste      46       46
( 551, 552)   coste      47       47
( 553, 554)   coste      40       40
( 527, 553)   coste      38       38
(  47, 553)   coste      26       26
( 110, 555)   coste      26       26
( 133, 556)   coste      61       61
(  72, 557)   coste       9        9
( 558, 559)   coste      68       68
( 558, 560)   coste      42       42
( 122, 561)   coste      42       42
( 524, 561)   coste      10       10
( 537, 562)   coste      35       35
( 472, 562)   coste      44       44
( 563, 564)   coste      43       43
( 130, 565)   coste      48       48
( 204, 495)   coste      40       40
( 566, 567)   coste      35       35
( 566, 568)   coste      39       39
( 526, 569)   coste      18       18
( 507, 570)   coste      21       21
( 488, 571)   coste      40       40
( 472, 571)   coste      46       46
( 572, 573)   coste      44       44
( 358, 574)   coste      32       32
( 575, 576)   coste      28       28
( 122, 577)   coste      21       21
( 578, 579)   coste      35       35
( 580, 581)   coste       8        8
( 582, 583)   coste       8        8
( 477, 582)   coste      40       40
( 353, 584)   coste      20       20
( 238, 585)   coste      50       50
( 585, 586)   coste      38       38
( 587, 588)   coste      17       17
( 587, 589)   coste      38       38
(  20, 196)   coste      21       21
( 472, 537)   coste      23       23
( 101, 590)   coste      33       33
( 396, 586)   coste      29       29
( 156, 591)   coste      16       16
( 192, 592)   coste      30       30
( 263, 593)   coste      27       27
( 593, 594)   coste      25       25
( 482, 595)   coste      49       49
( 101, 596)   coste      13       13
( 597, 598)   coste      26       26
( 423, 599)   coste      35       35
(  26, 600)   coste       7        7
(  26,  27)   coste      35       35
(  26, 601)   coste      21       21
( 602, 603)   coste      22       22
( 604, 605)   coste      14       14
( 589, 604)   coste      29       29
(  55, 316)   coste      45       45
(  55,  57)   coste      48       48
(  98, 606)   coste      14       14
( 361, 607)   coste      49       49
( 250, 608)   coste       6        6
( 348, 437)   coste      33       33
( 122, 511)   coste      41       41
( 473, 609)   coste      22       22
( 530, 531)   coste      27       27
( 228, 443)   coste      55       55
( 610, 611)   coste      26       26
( 610, 612)   coste      26       26
( 610, 613)   coste      10       10
( 610, 614)   coste      27       27
( 615, 616)   coste      50       50
(  64, 617)   coste      11       11
( 164, 403)   coste      39       39
( 237, 238)   coste      31       31
( 618, 619)   coste      49       49
( 209, 620)   coste      26       26
( 472, 621)   coste      20       20
( 172, 622)   coste      30       30
( 410, 623)   coste      37       37
( 623, 624)   coste      26       26
( 625, 626)   coste      10       10
( 207, 316)   coste      16       16
( 627, 628)   coste      22       22
( 629, 630)   coste      33       33
( 583, 631)   coste      11       11
(  57, 632)   coste      28       28
( 376, 633)   coste      42       42
( 633, 634)   coste      23       23
( 377, 633)   coste      33       33
( 375, 635)   coste      41       41
( 290, 636)   coste      40       40
( 473, 637)   coste      20       20
( 446, 473)   coste      19       19
( 473, 638)   coste      18       18
( 576, 594)   coste      22       22
( 411, 639)   coste      24       24
( 214, 215)   coste      42       42
( 394, 640)   coste      30       30
( 235, 641)   coste      34       34
( 543, 641)   coste      12       12
( 641, 642)   coste      22       22
( 564, 643)   coste      27       27
( 644, 645)   coste      24       24
( 644, 646)   coste      19       19
( 268, 647)   coste      23       23
( 268, 648)   coste      23       23
(  87, 649)   coste      33       33
( 650, 651)   coste      57       57
( 177, 652)   coste      36       36
( 108, 391)   coste      16       16
( 108, 110)   coste      19       19
( 653, 654)   coste      38       38
( 653, 655)   coste      53       53
( 173, 622)   coste      16       16
(   9, 656)   coste      29       29
( 519, 657)   coste      11       11
(  57, 658)   coste      40       40
( 124, 642)   coste      44       44
( 304, 659)   coste      28       28
( 659, 660)   coste      53       53
( 661, 662)   coste      43       43
( 661, 663)   coste      49       49
( 664, 665)   coste      10       10
( 666, 667)   coste      14       14
( 242, 549)   coste      16       16
( 606, 668)   coste      31       31
( 248, 291)   coste      27       27
( 669, 670)   coste      31       31
( 669, 671)   coste      12       12
( 672, 673)   coste      25       25
( 311, 345)   coste      23       23
( 311, 674)   coste      32       32
( 389, 675)   coste      45       45
( 675, 676)   coste      47       47
( 611, 613)   coste      26       26
( 677, 678)   coste      43       43
( 178, 679)   coste      25       25
( 680, 681)   coste      26       26
( 432, 682)   coste      45       45
( 386, 683)   coste      26       26
( 445, 684)   coste       7        7
(  90, 508)   coste      28       28
( 685, 686)   coste      33       33
( 302, 687)   coste      20       20
( 339, 688)   coste      32       32
( 339, 689)   coste      27       27
( 314, 635)   coste      38       38
( 630, 635)   coste      33       33
( 635, 690)   coste      23       23
( 483, 635)   coste      29       29
( 691, 692)   coste      46       46
( 103, 693)   coste      45       45
( 103, 106)   coste      16       16
( 389, 694)   coste      39       39
( 545, 695)   coste      33       33
( 545, 696)   coste      32       32
( 500, 697)   coste      41       41
( 692, 698)   coste      11       11
( 280, 500)   coste      32       32
( 699, 700)   coste      37       37
( 701, 702)   coste      49       49
( 703, 704)   coste      18       18
( 612, 700)   coste      32       32
(  62, 705)   coste      13       13
( 705, 706)   coste      34       34
( 678, 705)   coste      35       35
( 707, 708)   coste      26       26
(  41, 709)   coste      28       28
( 682, 710)   coste      50       50
( 588, 634)   coste      51       51
( 634, 711)   coste      15       15
( 712, 713)   coste      47       47
( 686, 712)   coste      33       33
( 712, 714)   coste      26       26
( 150, 151)   coste      26       26
( 377, 588)   coste      38       38
( 304, 715)   coste      30       30
( 716, 717)   coste      17       17
( 202, 718)   coste      23       23
(   9, 719)   coste      31       31
( 719, 720)   coste      37       37
( 721, 722)   coste      24       24
( 410, 624)   coste      53       53
( 622, 717)   coste      41       41
( 362, 657)   coste      31       31
( 299, 421)   coste      46       46
( 612, 723)   coste      32       32
( 476, 586)   coste      44       44
( 440, 724)   coste      41       41
( 405, 406)   coste      16       16
( 637, 638)   coste      36       36
( 676, 694)   coste      56       56
( 423, 725)   coste      14       14
( 157, 485)   coste      43       43
( 628, 726)   coste      36       36
( 679, 727)   coste      47       47
( 702, 728)   coste      10       10
( 725, 729)   coste      17       17
( 319, 730)   coste      49       49
( 319, 731)   coste       9        9
( 663, 732)   coste      16       16
( 235, 642)   coste      30       30
( 568, 733)   coste      23       23
( 411, 734)   coste      32       32
( 266, 735)   coste      25       25
( 400, 619)   coste      23       23
( 139, 736)   coste      31       31
( 109, 737)   coste      41       41
( 738, 739)   coste      39       39
( 736, 740)   coste      37       37
( 464, 725)   coste      28       28
( 741, 742)   coste      40       40
( 734, 743)   coste      31       31
( 296, 458)   coste      44       44
( 730, 731)   coste      49       49
( 477, 586)   coste      40       40
( 744, 745)   coste      34       34
( 746, 747)   coste      38       38
( 748, 749)   coste      24       24
( 708, 748)   coste      24       24
( 624, 750)   coste      33       33
( 217, 751)   coste      11       11
( 743, 749)   coste      40       40
( 125, 276)   coste      40       40
( 752, 753)   coste      21       21
( 215, 400)   coste      25       25
( 726, 754)   coste      31       31
( 735, 755)   coste      34       34
(  95, 739)   coste      38       38
( 483, 690)   coste      30       30
( 756, 757)   coste      32       32
( 543, 642)   coste      25       25
(  49, 758)   coste      36       36
(  62, 678)   coste      45       45
( 708, 749)   coste      12       12
( 492, 759)   coste      26       26
(  18, 760)   coste      28       28
( 739, 761)   coste       3        3
( 299, 762)   coste      51       51
( 651, 763)   coste      60       60
( 447, 638)   coste      40       40
( 654, 702)   coste      34       34
( 614, 764)   coste      40       40
( 765, 766)   coste       6        6
( 217, 747)   coste      23       23
LISTA_ARISTAS_NOREQ :
(   1, 513)   coste     114      114
(   1, 529)   coste      56       56
(   1, 558)   coste      33       33
(   1, 560)   coste      12       12
(   1, 665)   coste      71       71
(   2, 514)   coste      39       39
(   2, 515)   coste      45       45
(   2, 559)   coste      58       58
(   2, 560)   coste      35       35
(   3, 285)   coste      62       62
(   3, 329)   coste      21       21
(   3, 368)   coste      16       16
(   3, 369)   coste      37       37
(   3, 703)   coste      69       69
(   3, 704)   coste      86       86
(   4, 285)   coste      58       58
(   4, 368)   coste      21       21
(   5, 229)   coste      74       74
(   5, 230)   coste      75       75
(   5, 241)   coste      76       76
(   5, 320)   coste      49       49
(   6,   7)   coste      41       41
(   6, 229)   coste      67       67
(   6, 230)   coste      68       68
(   6, 241)   coste      69       69
(   6, 320)   coste      29       29
(   7,  48)   coste     124      124
(   7, 320)   coste      68       68
(   7, 687)   coste      39       39
(   8, 349)   coste      39       39
(   8, 453)   coste      39       39
(   8, 532)   coste      87       87
(   8, 656)   coste      34       34
(   8, 666)   coste     102      102
(   9,  53)   coste      17       17
(  10, 117)   coste      31       31
(  10, 118)   coste       9        9
(  10, 120)   coste      21       21
(  10, 297)   coste      22       22
(  10, 325)   coste      91       91
(  10, 372)   coste     147      147
(  10, 674)   coste     198      198
(  10, 763)   coste     112      112
(  11,  12)   coste      15       15
(  11, 118)   coste      29       29
(  11, 296)   coste      59       59
(  11, 330)   coste      83       83
(  11, 479)   coste      43       43
(  12, 118)   coste      17       17
(  12, 296)   coste      65       65
(  12, 297)   coste      14       14
(  12, 330)   coste      89       89
(  13, 134)   coste      18       18
(  13, 135)   coste      40       40
(  13, 231)   coste      16       16
(  14,  79)   coste      88       88
(  14, 134)   coste      35       35
(  14, 135)   coste      38       38
(  14, 332)   coste      35       35
(  14, 633)   coste      96       96
(  14, 634)   coste      78       78
(  14, 711)   coste      75       75
(  14, 745)   coste      47       47
(  15, 549)   coste      45       45
(  15, 760)   coste      32       32
(  16,  17)   coste      40       40
(  16,  18)   coste      33       33
(  16, 148)   coste     131      131
(  16, 347)   coste     155      155
(  16, 528)   coste      45       45
(  16, 760)   coste      14       14
(  17,  18)   coste       9        9
(  17, 101)   coste      80       80
(  17, 596)   coste      84       84
(  17, 760)   coste      36       36
(  18, 101)   coste      88       88
(  18, 596)   coste      92       92
(  19,  44)   coste      30       30
(  19, 196)   coste      16       16
(  19, 197)   coste      37       37
(  19, 294)   coste      21       21
(  19, 384)   coste      46       46
(  20, 197)   coste      35       35
(  20, 484)   coste       9        9
(  20, 591)   coste      33       33
(  21, 193)   coste      45       45
(  21, 194)   coste      83       83
(  21, 384)   coste      37       37
(  21, 547)   coste      38       38
(  22, 193)   coste      69       69
(  22, 194)   coste     106      106
(  22, 502)   coste      57       57
(  22, 503)   coste      54       54
(  22, 648)   coste     147      147
(  22, 737)   coste      64       64
(  23, 191)   coste      18       18
(  23, 192)   coste      16       16
(  23, 738)   coste      55       55
(  23, 761)   coste      15       15
(  24, 192)   coste      33       33
(  25,  35)   coste      38       38
(  25, 216)   coste      74       74
(  25, 224)   coste      66       66
(  25, 468)   coste      74       74
(  25, 530)   coste      66       66
(  25, 600)   coste      37       37
(  25, 601)   coste      40       40
(  26, 214)   coste     280      280
(  26, 292)   coste     117      117
(  26, 293)   coste     112      112
(  26, 434)   coste      69       69
(  27, 214)   coste     274      274
(  27, 292)   coste     111      111
(  27, 293)   coste     106      106
(  27, 434)   coste      63       63
(  28,  54)   coste      37       37
(  28,  56)   coste      34       34
(  28,  84)   coste      30       30
(  28,  85)   coste      33       33
(  28, 469)   coste      65       65
(  28, 505)   coste      31       31
(  29,  54)   coste      23       23
(  29, 707)   coste      82       82
(  29, 708)   coste      87       87
(  29, 743)   coste      97       97
(  29, 749)   coste      95       95
(  30,  84)   coste      25       25
(  30,  85)   coste      28       28
(  30, 505)   coste      22       22
(  30, 639)   coste      37       37
(  31, 157)   coste      21       21
(  31, 623)   coste      30       30
(  31, 624)   coste      20       20
(  31, 734)   coste      70       70
(  32,  58)   coste      35       35
(  32, 157)   coste      39       39
(  32, 409)   coste      49       49
(  32, 624)   coste      32       32
(  32, 734)   coste      63       63
(  32, 750)   coste      11       11
(  33, 272)   coste      17       17
(  33, 358)   coste      70       70
(  33, 574)   coste      98       98
(  34, 305)   coste      49       49
(  34, 358)   coste      82       82
(  34, 382)   coste      48       48
(  34, 538)   coste      86       86
(  34, 592)   coste      69       69
(  34, 625)   coste      46       46
(  35,  40)   coste      43       43
(  35, 224)   coste      43       43
(  35, 252)   coste      32       32
(  36, 171)   coste      38       38
(  36, 173)   coste      32       32
(  36, 223)   coste      71       71
(  36, 287)   coste      66       66
(  36, 300)   coste      95       95
(  36, 301)   coste      89       89
(  36, 611)   coste      96       96
(  36, 722)   coste      68       68
(  37,  38)   coste      14       14
(  37, 223)   coste      77       77
(  37, 455)   coste      65       65
(  37, 508)   coste      57       57
(  37, 722)   coste      74       74
(  38,  90)   coste      41       41
(  38, 173)   coste      34       34
(  38, 223)   coste      85       85
(  38, 722)   coste      82       82
(  39, 251)   coste      16       16
(  39, 252)   coste      17       17
(  40, 251)   coste      25       25
(  40, 252)   coste      38       38
(  40, 530)   coste      22       22
(  41, 244)   coste      46       46
(  41, 251)   coste      28       28
(  41, 302)   coste      46       46
(  41, 412)   coste      57       57
(  41, 413)   coste      57       57
(  42, 252)   coste      42       42
(  42, 321)   coste      23       23
(  42, 412)   coste      18       18
(  42, 413)   coste      23       23
(  43, 294)   coste      30       30
(  43, 348)   coste      21       21
(  43, 384)   coste      94       94
(  43, 437)   coste      39       39
(  43, 679)   coste      85       85
(  44,  45)   coste      28       28
(  44, 348)   coste      18       18
(  44, 714)   coste      50       50
(  45, 348)   coste      16       16
(  45, 605)   coste      30       30
(  46, 366)   coste      24       24
(  46, 490)   coste      30       30
(  46, 491)   coste      41       41
(  46, 492)   coste      41       41
(  46, 527)   coste      23       23
(  46, 553)   coste      31       31
(  46, 759)   coste      16       16
(  47, 487)   coste      41       41
(  47, 707)   coste      94       94
(  47, 743)   coste      84       84
(  47, 759)   coste      31       31
(  48, 244)   coste      91       91
(  48, 302)   coste      84       84
(  48, 359)   coste     158      158
(  48, 361)   coste     148      148
(  48, 466)   coste     163      163
(  48, 607)   coste     128      128
(  48, 753)   coste     146      146
(  48, 758)   coste      84       84
(  49, 244)   coste      45       45
(  49, 302)   coste      38       38
(  49, 359)   coste     115      115
(  49, 361)   coste     120      120
(  49, 466)   coste     120      120
(  49, 607)   coste     100      100
(  49, 753)   coste     118      118
(  50,  86)   coste      17       17
(  50,  87)   coste      23       23
(  50, 438)   coste      28       28
(  50, 653)   coste      41       41
(  50, 655)   coste      48       48
(  51,  87)   coste      27       27
(  51, 115)   coste     102      102
(  51, 143)   coste     101      101
(  51, 233)   coste      72       72
(  51, 234)   coste      63       63
(  51, 304)   coste      57       57
(  51, 649)   coste      50       50
(  51, 715)   coste      70       70
(  52,  72)   coste     105      105
(  52, 351)   coste      92       92
(  52, 352)   coste      82       82
(  52, 533)   coste      48       48
(  52, 557)   coste      97       97
(  52, 656)   coste      29       29
(  52, 719)   coste      19       19
(  52, 741)   coste      51       51
(  53, 351)   coste      99       99
(  53, 352)   coste      89       89
(  53, 533)   coste      38       38
(  53, 557)   coste     104      104
(  53, 656)   coste      36       36
(  53, 719)   coste      29       29
(  53, 741)   coste      58       58
(  54, 658)   coste      39       39
(  56,  83)   coste      46       46
(  56, 469)   coste      34       34
(  56, 505)   coste      47       47
(  56, 707)   coste      76       76
(  56, 743)   coste      91       91
(  56, 749)   coste      89       89
(  57, 205)   coste      33       33
(  57, 315)   coste      21       21
(  58, 155)   coste      40       40
(  58, 156)   coste      40       40
(  58, 492)   coste      43       43
(  59, 409)   coste      51       51
(  59, 734)   coste      65       65
(  59, 750)   coste       7        7
(  60, 142)   coste      36       36
(  60, 335)   coste      37       37
(  60, 705)   coste      26       26
(  61, 335)   coste      41       41
(  61, 705)   coste      35       35
(  62, 699)   coste      28       28
(  62, 706)   coste      41       41
(  63, 363)   coste      24       24
(  63, 364)   coste      39       39
(  63, 387)   coste      56       56
(  63, 448)   coste      52       52
(  63, 450)   coste      58       58
(  63, 617)   coste      36       36
(  64,  82)   coste      37       37
(  64, 363)   coste      16       16
(  64, 364)   coste      16       16
(  65, 363)   coste      37       37
(  65, 448)   coste      48       48
(  65, 450)   coste      54       54
(  65, 456)   coste      23       23
(  66, 310)   coste     110      110
(  66, 312)   coste     112      112
(  66, 343)   coste      85       85
(  66, 419)   coste     137      137
(  66, 440)   coste     134      134
(  66, 659)   coste      85       85
(  66, 660)   coste      77       77
(  67, 310)   coste     117      117
(  67, 312)   coste     119      119
(  67, 343)   coste      92       92
(  67, 419)   coste     144      144
(  67, 440)   coste     141      141
(  67, 659)   coste      49       49
(  67, 660)   coste      81       81
(  68,  95)   coste      63       63
(  68, 516)   coste      45       45
(  69, 317)   coste      45       45
(  69, 533)   coste      37       37
(  69, 557)   coste      39       39
(  69, 710)   coste     133      133
(  70,  71)   coste      39       39
(  70, 532)   coste      52       52
(  70, 533)   coste      14       14
(  71, 416)   coste      74       74
(  71, 417)   coste      83       83
(  71, 682)   coste     118      118
(  71, 710)   coste     104      104
(  71, 757)   coste     100      100
(  72, 352)   coste      38       38
(  72, 719)   coste     111      111
(  72, 741)   coste      70       70
(  73, 100)   coste      73       73
(  73, 184)   coste     117      117
(  73, 185)   coste      99       99
(  73, 415)   coste      41       41
(  73, 590)   coste      48       48
(  73, 692)   coste      35       35
(  73, 698)   coste      35       35
(  74, 184)   coste     138      138
(  74, 185)   coste     120      120
(  74, 415)   coste      30       30
(  74, 548)   coste      59       59
(  74, 579)   coste      44       44
(  75, 344)   coste      28       28
(  75, 659)   coste      36       36
(  75, 688)   coste      40       40
(  76, 303)   coste      22       22
(  76, 659)   coste      23       23
(  77, 174)   coste      39       39
(  77, 332)   coste      35       35
(  77, 616)   coste      70       70
(  77, 744)   coste      42       42
(  78,  79)   coste      13       13
(  78, 711)   coste      42       42
(  79, 587)   coste      38       38
(  79, 711)   coste      39       39
(  80, 136)   coste      22       22
(  80, 137)   coste      22       22
(  81, 136)   coste      35       35
(  81, 137)   coste      28       28
(  81, 362)   coste      30       30
(  81, 449)   coste      24       24
(  82, 131)   coste     128      128
(  82, 132)   coste      97       97
(  82, 136)   coste      37       37
(  82, 269)   coste     157      157
(  82, 414)   coste      90       90
(  82, 556)   coste      98       98
(  82, 617)   coste      44       44
(  83, 469)   coste      26       26
(  83, 505)   coste      81       81
(  83, 540)   coste      49       49
(  84, 505)   coste      40       40
(  85, 121)   coste     105      105
(  85, 269)   coste     125      125
(  85, 364)   coste     222      222
(  85, 556)   coste     155      155
(  85, 658)   coste      98       98
(  86, 438)   coste      33       33
(  86, 649)   coste      41       41
(  88, 140)   coste      82       82
(  88, 383)   coste      33       33
(  88, 677)   coste      33       33
(  89, 138)   coste      79       79
(  89, 140)   coste      77       77
(  89, 200)   coste      25       25
(  89, 677)   coste      35       35
(  91, 129)   coste      26       26
(  91, 407)   coste     136      136
(  91, 427)   coste      40       40
(  91, 525)   coste     132      132
(  91, 565)   coste      45       45
(  91, 662)   coste      42       42
(  92,  93)   coste       7        7
(  92, 407)   coste     109      109
(  92, 525)   coste     105      105
(  92, 662)   coste      38       38
(  93, 427)   coste      35       35
(  93, 428)   coste      41       41
(  93, 662)   coste      32       32
(  94,  96)   coste      43       43
(  94, 192)   coste      52       52
(  94, 378)   coste      81       81
(  94, 379)   coste      76       76
(  94, 418)   coste      88       88
(  94, 534)   coste      39       39
(  95, 442)   coste      45       45
(  95, 761)   coste      39       39
(  96, 192)   coste      64       64
(  96, 378)   coste      56       56
(  96, 379)   coste      51       51
(  96, 418)   coste      63       63
(  96, 534)   coste      64       64
(  97, 568)   coste      17       17
(  97, 606)   coste      27       27
(  97, 702)   coste      22       22
(  97, 728)   coste      13       13
(  97, 733)   coste      39       39
(  98,  99)   coste      19       19
(  98, 254)   coste      26       26
(  98, 550)   coste      23       23
(  99, 606)   coste      30       30
(  99, 702)   coste      19       19
(  99, 728)   coste      21       21
( 100, 184)   coste     144      144
( 100, 185)   coste     126      126
( 100, 415)   coste      52       52
( 100, 590)   coste      29       29
( 100, 596)   coste      24       24
( 101, 148)   coste     190      190
( 101, 347)   coste     214      214
( 101, 415)   coste      44       44
( 102, 106)   coste      41       41
( 102, 180)   coste      78       78
( 102, 182)   coste     114      114
( 102, 210)   coste      72       72
( 102, 211)   coste      65       65
( 102, 264)   coste      17       17
( 103, 105)   coste      39       39
( 103, 181)   coste      33       33
( 104, 179)   coste      36       36
( 104, 181)   coste      19       19
( 104, 212)   coste      20       20
( 105, 181)   coste      27       27
( 105, 362)   coste      35       35
( 106, 180)   coste      69       69
( 106, 181)   coste      18       18
( 106, 210)   coste      63       63
( 106, 211)   coste      56       56
( 108, 109)   coste      26       26
( 108, 493)   coste      50       50
( 108, 495)   coste      53       53
( 108, 555)   coste      21       21
( 109, 110)   coste      18       18
( 109, 391)   coste      30       30
( 109, 555)   coste      15       15
( 110, 391)   coste      13       13
( 111, 144)   coste      89       89
( 111, 218)   coste      22       22
( 111, 219)   coste      34       34
( 111, 299)   coste      76       76
( 111, 509)   coste      28       28
( 111, 762)   coste      96       96
( 112, 113)   coste      42       42
( 112, 114)   coste      28       28
( 112, 219)   coste      30       30
( 113, 144)   coste      83       83
( 113, 219)   coste      31       31
( 113, 299)   coste      70       70
( 113, 324)   coste      44       44
( 113, 762)   coste      90       90
( 114, 218)   coste       8        8
( 114, 509)   coste      19       19
( 114, 510)   coste      42       42
( 114, 540)   coste      56       56
( 114, 541)   coste      33       33
( 115, 143)   coste      85       85
( 115, 226)   coste      75       75
( 115, 233)   coste     158      158
( 115, 234)   coste     149      149
( 115, 431)   coste       4        4
( 115, 649)   coste      54       54
( 115, 715)   coste     157      157
( 116, 151)   coste      63       63
( 117, 460)   coste      34       34
( 117, 480)   coste      16       16
( 118, 120)   coste      28       28
( 118, 297)   coste      26       26
( 119, 120)   coste      19       19
( 119, 325)   coste      74       74
( 119, 372)   coste     130      130
( 119, 459)   coste      39       39
( 119, 460)   coste      24       24
( 119, 674)   coste     181      181
( 119, 763)   coste      95       95
( 120, 325)   coste      71       71
( 120, 372)   coste     127      127
( 120, 674)   coste     178      178
( 120, 763)   coste      92       92
( 121, 131)   coste     107      107
( 121, 133)   coste     108      108
( 121, 269)   coste     174      174
( 121, 631)   coste      42       42
( 121, 658)   coste     150      150
( 122, 204)   coste     111      111
( 122, 494)   coste      60       60
( 122, 496)   coste      75       75
( 122, 524)   coste      41       41
( 123, 235)   coste      38       38
( 123, 543)   coste      43       43
( 123, 642)   coste      19       19
( 124, 149)   coste      48       48
( 124, 233)   coste      51       51
( 124, 235)   coste      31       31
( 125, 543)   coste      23       23
( 125, 641)   coste      28       28
( 125, 642)   coste      17       17
( 126, 182)   coste      62       62
( 126, 212)   coste     123      123
( 126, 255)   coste      80       80
( 126, 256)   coste      83       83
( 126, 570)   coste      66       66
( 126, 618)   coste      66       66
( 127, 128)   coste      47       47
( 127, 288)   coste     115      115
( 127, 289)   coste     116      116
( 127, 290)   coste     109      109
( 127, 291)   coste     131      131
( 127, 507)   coste      26       26
( 127, 570)   coste      21       21
( 127, 618)   coste      52       52
( 128, 288)   coste     115      115
( 128, 289)   coste     116      116
( 128, 290)   coste     109      109
( 128, 291)   coste     131      131
( 128, 570)   coste      67       67
( 128, 618)   coste      80       80
( 129, 427)   coste      63       63
( 129, 565)   coste      41       41
( 129, 661)   coste      70       70
( 130, 227)   coste      73       73
( 130, 340)   coste      74       74
( 130, 342)   coste      35       35
( 130, 427)   coste      77       77
( 130, 443)   coste      72       72
( 130, 564)   coste      56       56
( 130, 661)   coste      84       84
( 131, 364)   coste      97       97
( 131, 556)   coste      37       37
( 131, 583)   coste      86       86
( 131, 631)   coste      85       85
( 132, 133)   coste      19       19
( 132, 414)   coste      39       39
( 132, 746)   coste      47       47
( 133, 583)   coste      87       87
( 133, 631)   coste      86       86
( 134, 231)   coste      19       19
( 134, 522)   coste      28       28
( 135, 231)   coste      42       42
( 135, 232)   coste      25       25
( 135, 522)   coste       5        5
( 135, 745)   coste      42       42
( 136, 573)   coste      14       14
( 137, 573)   coste      35       35
( 137, 693)   coste      49       49
( 138, 677)   coste      51       51
( 138, 678)   coste      82       82
( 138, 706)   coste      78       78
( 139, 140)   coste      37       37
( 139, 678)   coste      79       79
( 139, 706)   coste      75       75
( 140, 677)   coste      52       52
( 141, 333)   coste      35       35
( 141, 334)   coste      27       27
( 141, 335)   coste      12       12
( 141, 486)   coste      41       41
( 141, 757)   coste      46       46
( 142, 335)   coste       6        6
( 143, 226)   coste      11       11
( 143, 233)   coste     157      157
( 143, 234)   coste     148      148
( 143, 299)   coste      31       31
( 143, 421)   coste      34       34
( 143, 715)   coste     156      156
( 144, 299)   coste      28       28
( 144, 762)   coste      28       28
( 145, 536)   coste      45       45
( 145, 539)   coste      32       32
( 145, 540)   coste      53       53
( 145, 541)   coste      35       35
( 146, 189)   coste      76       76
( 146, 190)   coste     121      121
( 146, 463)   coste     146      146
( 146, 536)   coste      16       16
( 146, 539)   coste      57       57
( 146, 540)   coste      82       82
( 146, 672)   coste     140      140
( 147, 283)   coste      52       52
( 147, 347)   coste      89       89
( 147, 528)   coste      71       71
( 147, 558)   coste      39       39
( 147, 559)   coste      34       34
( 148, 559)   coste      64       64
( 148, 596)   coste     194      194
( 149, 164)   coste      12       12
( 149, 425)   coste      77       77
( 149, 426)   coste     103      103
( 150, 164)   coste      45       45
( 150, 403)   coste       7        7
( 151, 164)   coste      30       30
( 151, 403)   coste      26       26
( 151, 431)   coste      67       67
( 152, 166)   coste      61       61
( 152, 578)   coste      37       37
( 152, 579)   coste      51       51
( 152, 692)   coste      27       27
( 153, 154)   coste      16       16
( 153, 440)   coste      41       41
( 153, 578)   coste      34       34
( 153, 691)   coste      48       48
( 154, 166)   coste      71       71
( 154, 579)   coste      61       61
( 154, 691)   coste      35       35
( 154, 692)   coste      47       47
( 155, 195)   coste      41       41
( 155, 485)   coste      21       21
( 156, 484)   coste      37       37
( 156, 485)   coste      35       35
( 158, 213)   coste     158      158
( 158, 214)   coste     148      148
( 158, 215)   coste     164      164
( 158, 240)   coste      28       28
( 158, 436)   coste      78       78
( 159, 240)   coste      32       32
( 159, 292)   coste      31       31
( 159, 293)   coste      27       27
( 159, 436)   coste      81       81
( 160, 260)   coste      39       39
( 160, 393)   coste      30       30
( 160, 445)   coste      51       51
( 160, 580)   coste      30       30
( 160, 581)   coste      25       25
( 160, 640)   coste      33       33
( 161, 328)   coste      31       31
( 161, 445)   coste      22       22
( 161, 684)   coste      20       20
( 162, 401)   coste      16       16
( 162, 402)   coste      19       19
( 162, 425)   coste      65       65
( 162, 426)   coste      91       91
( 163, 350)   coste      35       35
( 163, 401)   coste      14       14
( 163, 402)   coste      11       11
( 164, 401)   coste      23       23
( 164, 402)   coste      28       28
( 164, 425)   coste      72       72
( 164, 426)   coste      98       98
( 165, 578)   coste      40       40
( 165, 724)   coste      17       17
( 166, 167)   coste      34       34
( 166, 168)   coste      22       22
( 166, 548)   coste      30       30
( 166, 578)   coste      30       30
( 166, 579)   coste      34       34
( 167, 168)   coste      21       21
( 167, 378)   coste      57       57
( 167, 379)   coste      52       52
( 167, 380)   coste      64       64
( 167, 418)   coste      68       68
( 168, 429)   coste      31       31
( 168, 548)   coste      19       19
( 169, 474)   coste      33       33
( 169, 506)   coste      50       50
( 169, 507)   coste      17       17
( 169, 570)   coste      26       26
( 170, 250)   coste      45       45
( 170, 399)   coste      41       41
( 170, 506)   coste      50       50
( 170, 507)   coste      41       41
( 170, 608)   coste      44       44
( 171, 222)   coste     119      119
( 171, 287)   coste      80       80
( 171, 300)   coste      83       83
( 171, 301)   coste      77       77
( 171, 611)   coste     110      110
( 171, 622)   coste      23       23
( 172, 173)   coste      42       42
( 172, 716)   coste      29       29
( 172, 717)   coste      19       19
( 174, 587)   coste      39       39
( 174, 589)   coste      40       40
( 175, 437)   coste      29       29
( 175, 589)   coste      29       29
( 175, 604)   coste      21       21
( 175, 605)   coste      33       33
( 176, 652)   coste       9        9
( 176, 679)   coste      32       32
( 176, 727)   coste      21       21
( 177, 178)   coste      30       30
( 177, 615)   coste      38       38
( 177, 679)   coste      40       40
( 178, 615)   coste      12       12
( 178, 652)   coste      42       42
( 179, 211)   coste      62       62
( 179, 255)   coste      65       65
( 179, 256)   coste      84       84
( 179, 264)   coste     105      105
( 180, 181)   coste      71       71
( 180, 182)   coste      45       45
( 180, 210)   coste      12       12
( 180, 211)   coste      30       30
( 180, 213)   coste     135      135
( 180, 215)   coste     132      132
( 180, 400)   coste     113      113
( 180, 436)   coste      93       93
( 180, 618)   coste     146      146
( 180, 619)   coste     129      129
( 181, 210)   coste      65       65
( 181, 211)   coste      58       58
( 182, 213)   coste     155      155
( 182, 215)   coste     152      152
( 182, 255)   coste      80       80
( 182, 256)   coste      83       83
( 182, 264)   coste     121      121
( 182, 400)   coste     133      133
( 182, 436)   coste     125      125
( 182, 619)   coste     149      149
( 183, 325)   coste      43       43
( 183, 326)   coste      53       53
( 183, 459)   coste      44       44
( 184, 185)   coste      66       66
( 184, 325)   coste      41       41
( 184, 372)   coste      53       53
( 184, 373)   coste      41       41
( 184, 415)   coste     130      130
( 184, 590)   coste     119      119
( 185, 373)   coste      98       98
( 185, 415)   coste     112      112
( 185, 590)   coste     101      101
( 185, 698)   coste      95       95
( 186, 227)   coste      44       44
( 186, 500)   coste      39       39
( 186, 564)   coste      25       25
( 186, 643)   coste      14       14
( 187, 443)   coste      14       14
( 187, 564)   coste      44       44
( 188, 563)   coste       7        7
( 188, 643)   coste      25       25
( 189, 463)   coste      79       79
( 189, 472)   coste      72       72
( 189, 536)   coste      70       70
( 189, 537)   coste      50       50
( 190, 281)   coste      54       54
( 190, 355)   coste      82       82
( 190, 463)   coste      46       46
( 190, 472)   coste     117      117
( 190, 536)   coste     115      115
( 190, 672)   coste      26       26
( 191, 592)   coste      37       37
( 191, 738)   coste      51       51
( 191, 739)   coste      25       25
( 191, 761)   coste      23       23
( 192, 489)   coste      63       63
( 192, 538)   coste      47       47
( 192, 738)   coste      68       68
( 192, 739)   coste      33       33
( 193, 547)   coste      79       79
( 193, 648)   coste     100      100
( 194, 547)   coste     116      116
( 194, 648)   coste     100      100
( 195, 484)   coste      15       15
( 195, 485)   coste      28       28
( 195, 591)   coste      22       22
( 196, 197)   coste      25       25
( 196, 384)   coste      50       50
( 197, 591)   coste      25       25
( 197, 712)   coste      41       41
( 198, 298)   coste      28       28
( 198, 730)   coste      37       37
( 199, 202)   coste      32       32
( 199, 346)   coste      47       47
( 199, 718)   coste      14       14
( 200, 201)   coste      73       73
( 200, 298)   coste      39       39
( 200, 730)   coste      63       63
( 201, 202)   coste      11       11
( 201, 718)   coste      31       31
( 201, 730)   coste      20       20
( 202, 730)   coste      30       30
( 203, 493)   coste      34       34
( 203, 495)   coste       7        7
( 203, 647)   coste      38       38
( 204, 396)   coste     122      122
( 204, 397)   coste     111      111
( 204, 523)   coste     122      122
( 204, 524)   coste     103      103
( 204, 561)   coste     112      112
( 204, 577)   coste     108      108
( 205, 620)   coste      39       39
( 205, 632)   coste       6        6
( 206, 208)   coste      43       43
( 206, 456)   coste      32       32
( 206, 620)   coste      13       13
( 207, 315)   coste      37       37
( 207, 632)   coste      36       36
( 208, 219)   coste      77       77
( 208, 316)   coste      21       21
( 208, 322)   coste      75       75
( 208, 323)   coste      78       78
( 208, 324)   coste      56       56
( 208, 420)   coste      99       99
( 208, 540)   coste      80       80
( 209, 322)   coste      72       72
( 209, 323)   coste      75       75
( 209, 324)   coste      53       53
( 209, 420)   coste      96       96
( 210, 213)   coste     131      131
( 210, 215)   coste     128      128
( 210, 400)   coste     109      109
( 210, 436)   coste      82       82
( 210, 618)   coste     142      142
( 210, 619)   coste     125      125
( 211, 213)   coste     143      143
( 211, 215)   coste     140      140
( 211, 400)   coste     121      121
( 211, 436)   coste      82       82
( 211, 439)   coste      45       45
( 211, 618)   coste     154      154
( 211, 619)   coste     137      137
( 212, 255)   coste      71       71
( 212, 256)   coste      90       90
( 212, 362)   coste      28       28
( 212, 451)   coste      72       72
( 213, 230)   coste     175      175
( 213, 240)   coste     166      166
( 213, 400)   coste      31       31
( 213, 436)   coste     140      140
( 213, 618)   coste      87       87
( 214, 230)   coste     165      165
( 214, 240)   coste     156      156
( 214, 336)   coste      17       17
( 214, 433)   coste     223      223
( 214, 434)   coste     223      223
( 214, 436)   coste     178      178
( 215, 230)   coste     181      181
( 215, 240)   coste     172      172
( 215, 436)   coste     137      137
( 215, 618)   coste      84       84
( 215, 619)   coste      43       43
( 216, 224)   coste      94       94
( 216, 467)   coste      45       45
( 216, 468)   coste      49       49
( 216, 676)   coste      31       31
( 216, 751)   coste      42       42
( 217, 601)   coste      52       52
( 218, 509)   coste      14       14
( 218, 510)   coste      38       38
( 218, 540)   coste      63       63
( 219, 316)   coste      66       66
( 219, 540)   coste      69       69
( 220, 286)   coste      17       17
( 220, 721)   coste      40       40
( 220, 722)   coste      20       20
( 221, 286)   coste      24       24
( 221, 444)   coste      97       97
( 221, 447)   coste      92       92
( 221, 684)   coste      95       95
( 222, 223)   coste      35       35
( 222, 286)   coste      23       23
( 222, 300)   coste     132      132
( 222, 301)   coste     126      126
( 222, 721)   coste      40       40
( 222, 722)   coste      18       18
( 223, 308)   coste      30       30
( 223, 721)   coste      10       10
( 223, 722)   coste      18       18
( 224, 530)   coste       9        9
( 224, 531)   coste      33       33
( 225, 465)   coste      36       36
( 225, 466)   coste      20       20
( 225, 531)   coste      14       14
( 226, 649)   coste      41       41
( 227, 564)   coste      39       39
( 228, 371)   coste      27       27
( 229, 241)   coste       8        8
( 229, 320)   coste      78       78
( 229, 321)   coste      74       74
( 230, 240)   coste      19       19
( 230, 241)   coste      29       29
( 230, 321)   coste      42       42
( 232, 522)   coste      27       27
( 232, 745)   coste      22       22
( 233, 646)   coste      34       34
( 233, 649)   coste     106      106
( 234, 646)   coste      29       29
( 234, 649)   coste      97       97
( 234, 715)   coste      21       21
( 235, 645)   coste      32       32
( 236, 395)   coste      29       29
( 236, 396)   coste      25       25
( 236, 397)   coste      37       37
( 236, 585)   coste      16       16
( 237, 395)   coste      13       13
( 237, 397)   coste      20       20
( 238, 395)   coste      40       40
( 238, 397)   coste      49       49
( 239, 389)   coste      16       16
( 239, 585)   coste      31       31
( 239, 694)   coste      40       40
( 240, 321)   coste      55       55
( 241, 320)   coste      80       80
( 241, 321)   coste      69       69
( 242, 579)   coste      39       39
( 243, 302)   coste      24       24
( 243, 412)   coste      48       48
( 243, 413)   coste      48       48
( 243, 709)   coste      44       44
( 244, 359)   coste     146      146
( 244, 361)   coste     163      163
( 244, 607)   coste     143      143
( 244, 687)   coste      16       16
( 244, 709)   coste      50       50
( 244, 753)   coste     161      161
( 244, 758)   coste      14       14
( 245, 442)   coste      25       25
( 245, 738)   coste      26       26
( 246, 247)   coste      34       34
( 246, 305)   coste      36       36
( 247, 288)   coste      41       41
( 247, 442)   coste      33       33
( 247, 738)   coste      31       31
( 248, 288)   coste      16       16
( 248, 289)   coste      18       18
( 248, 441)   coste      40       40
( 248, 442)   coste      41       41
( 249, 306)   coste      34       34
( 249, 398)   coste      34       34
( 249, 626)   coste      32       32
( 251, 709)   coste      42       42
( 253, 255)   coste      85       85
( 253, 550)   coste      27       27
( 253, 653)   coste      38       38
( 254, 255)   coste      54       54
( 254, 256)   coste      42       42
( 254, 550)   coste      27       27
( 255, 606)   coste      46       46
( 257, 273)   coste      31       31
( 257, 276)   coste      45       45
( 257, 331)   coste      12       12
( 257, 597)   coste      71       71
( 257, 650)   coste      43       43
( 258, 542)   coste      32       32
( 258, 650)   coste      43       43
( 258, 651)   coste      17       17
( 258, 763)   coste      66       66
( 259, 595)   coste      64       64
( 259, 735)   coste      40       40
( 259, 755)   coste      10       10
( 260, 393)   coste      12       12
( 260, 595)   coste      76       76
( 260, 735)   coste      71       71
( 261, 593)   coste      16       16
( 261, 594)   coste      39       39
( 261, 614)   coste      54       54
( 261, 764)   coste      30       30
( 262, 263)   coste      13       13
( 262, 593)   coste      21       21
( 262, 614)   coste      49       49
( 262, 764)   coste      29       29
( 263, 461)   coste       5        5
( 263, 614)   coste      59       59
( 264, 435)   coste      19       19
( 264, 439)   coste      34       34
( 265, 482)   coste      36       36
( 265, 735)   coste      24       24
( 266, 482)   coste      29       29
( 266, 595)   coste      44       44
( 267, 390)   coste      34       34
( 267, 647)   coste      28       28
( 267, 648)   coste      15       15
( 269, 315)   coste      41       41
( 269, 364)   coste     126      126
( 269, 414)   coste     147      147
( 269, 556)   coste      61       61
( 269, 658)   coste      36       36
( 270, 471)   coste      51       51
( 270, 472)   coste      48       48
( 270, 536)   coste      46       46
( 270, 553)   coste      84       84
( 270, 554)   coste      57       57
( 271, 553)   coste      71       71
( 271, 554)   coste      42       42
( 272, 305)   coste      56       56
( 272, 382)   coste      55       55
( 272, 625)   coste      28       28
( 273, 331)   coste      33       33
( 273, 597)   coste      41       41
( 274, 598)   coste      41       41
( 274, 720)   coste      33       33
( 275, 331)   coste      63       63
( 275, 426)   coste      40       40
( 275, 597)   coste      23       23
( 275, 598)   coste      24       24
( 275, 720)   coste      31       31
( 275, 742)   coste      85       85
( 276, 426)   coste      44       44
( 277, 481)   coste      19       19
( 277, 482)   coste      24       24
( 277, 545)   coste      50       50
( 277, 595)   coste      49       49
( 277, 695)   coste      68       68
( 277, 696)   coste      77       77
( 278, 481)   coste      52       52
( 278, 482)   coste      53       53
( 278, 595)   coste      37       37
( 278, 637)   coste      45       45
( 279, 280)   coste      14       14
( 279, 500)   coste      43       43
( 279, 643)   coste      38       38
( 280, 697)   coste      38       38
( 281, 355)   coste      82       82
( 281, 672)   coste      71       71
( 281, 673)   coste      60       60
( 282, 666)   coste      30       30
( 282, 667)   coste      39       39
( 282, 672)   coste      82       82
( 282, 673)   coste      67       67
( 283, 514)   coste      32       32
( 283, 559)   coste      42       42
( 284, 385)   coste      53       53
( 284, 386)   coste      41       41
( 284, 544)   coste       5        5
( 284, 552)   coste      60       60
( 284, 681)   coste      28       28
( 285, 365)   coste      19       19
( 285, 368)   coste      70       70
( 285, 680)   coste      39       39
( 285, 681)   coste      25       25
( 285, 703)   coste      93       93
( 285, 704)   coste     110      110
( 286, 444)   coste     106      106
( 286, 447)   coste     101      101
( 286, 684)   coste     104      104
( 287, 300)   coste      93       93
( 287, 301)   coste      87       87
( 287, 611)   coste      36       36
( 288, 570)   coste     102      102
( 289, 290)   coste      18       18
( 289, 291)   coste      18       18
( 289, 570)   coste     103      103
( 290, 291)   coste      24       24
( 290, 570)   coste      96       96
( 291, 441)   coste      33       33
( 291, 570)   coste     118      118
( 291, 636)   coste      20       20
( 292, 433)   coste      60       60
( 292, 434)   coste      60       60
( 293, 433)   coste      55       55
( 293, 434)   coste      55       55
( 293, 436)   coste      92       92
( 294, 679)   coste      95       95
( 295, 404)   coste      35       35
( 295, 405)   coste      57       57
( 295, 406)   coste      42       42
( 296, 330)   coste      98       98
( 296, 478)   coste     108      108
( 296, 526)   coste      37       37
( 296, 569)   coste      38       38
( 296, 650)   coste     125      125
( 297, 479)   coste      44       44
( 298, 346)   coste      94       94
( 300, 699)   coste      42       42
( 300, 706)   coste      52       52
( 301, 613)   coste      41       41
( 301, 699)   coste      41       41
( 302, 359)   coste     139      139
( 302, 361)   coste     156      156
( 302, 607)   coste     136      136
( 302, 709)   coste      45       45
( 302, 753)   coste     154      154
( 302, 758)   coste      16       16
( 303, 659)   coste      17       17
( 303, 715)   coste      31       31
( 304, 660)   coste      55       55
( 305, 381)   coste      40       40
( 305, 382)   coste       2        2
( 305, 625)   coste      56       56
( 305, 626)   coste      61       61
( 306, 382)   coste      41       41
( 306, 399)   coste      41       41
( 306, 625)   coste      29       29
( 306, 626)   coste      23       23
( 307, 394)   coste      21       21
( 307, 454)   coste      42       42
( 307, 455)   coste      42       42
( 307, 640)   coste      38       38
( 308, 394)   coste      40       40
( 308, 640)   coste      40       40
( 308, 721)   coste      31       31
( 309, 343)   coste      52       52
( 309, 345)   coste      22       22
( 309, 440)   coste      44       44
( 310, 312)   coste      22       22
( 310, 660)   coste     184      184
( 311, 339)   coste      45       45
( 311, 367)   coste      44       44
( 312, 343)   coste      44       44
( 312, 419)   coste      39       39
( 312, 440)   coste      24       24
( 312, 660)   coste     186      186
( 312, 724)   coste      37       37
( 313, 551)   coste      19       19
( 313, 603)   coste      41       41
( 313, 629)   coste      19       19
( 313, 635)   coste      75       75
( 314, 374)   coste      40       40
( 314, 375)   coste      25       25
( 314, 376)   coste      55       55
( 314, 629)   coste      32       32
( 314, 630)   coste      45       45
( 314, 690)   coste      34       34
( 315, 632)   coste      11       11
( 316, 540)   coste      69       69
( 317, 416)   coste      89       89
( 317, 417)   coste      98       98
( 317, 533)   coste      48       48
( 317, 710)   coste     118      118
( 317, 757)   coste     115      115
( 318, 370)   coste      43       43
( 318, 383)   coste      17       17
( 318, 731)   coste      43       43
( 319, 383)   coste      40       40
( 320, 413)   coste      22       22
( 321, 412)   coste      14       14
( 321, 413)   coste      12       12
( 322, 420)   coste      26       26
( 322, 421)   coste      46       46
( 323, 387)   coste      44       44
( 323, 420)   coste      27       27
( 323, 567)   coste      28       28
( 324, 420)   coste      53       53
( 325, 459)   coste      52       52
( 325, 480)   coste      92       92
( 327, 329)   coste      52       52
( 327, 369)   coste      58       58
( 327, 473)   coste       8        8
( 327, 637)   coste      17       17
( 328, 446)   coste       4        4
( 328, 637)   coste      28       28
( 329, 368)   coste      25       25
( 329, 473)   coste      56       56
( 329, 609)   coste      65       65
( 329, 638)   coste      71       71
( 330, 478)   coste      40       40
( 330, 479)   coste      48       48
( 330, 650)   coste      51       51
( 331, 597)   coste      72       72
( 331, 650)   coste      40       40
( 332, 744)   coste      23       23
( 332, 745)   coste      34       34
( 333, 486)   coste      18       18
( 333, 699)   coste      38       38
( 333, 700)   coste      26       26
( 334, 335)   coste      34       34
( 334, 417)   coste      34       34
( 334, 757)   coste      48       48
( 336, 766)   coste      23       23
( 337, 506)   coste      63       63
( 337, 608)   coste     107      107
( 337, 765)   coste      18       18
( 337, 766)   coste      15       15
( 338, 644)   coste      26       26
( 338, 645)   coste      31       31
( 338, 689)   coste      22       22
( 339, 367)   coste      52       52
( 340, 427)   coste     118      118
( 340, 443)   coste      53       53
( 340, 501)   coste      21       21
( 340, 661)   coste     125      125
( 341, 371)   coste      43       43
( 342, 427)   coste      83       83
( 342, 443)   coste      40       40
( 342, 564)   coste      59       59
( 342, 661)   coste      90       90
( 343, 419)   coste      70       70
( 343, 660)   coste     159      159
( 344, 688)   coste      19       19
( 344, 689)   coste      46       46
( 345, 674)   coste      52       52
( 345, 688)   coste      42       42
( 346, 718)   coste      41       41
( 347, 528)   coste     153      153
( 347, 559)   coste      88       88
( 347, 596)   coste     218      218
( 349, 425)   coste      30       30
( 349, 453)   coste      33       33
( 350, 453)   coste      37       37
( 351, 557)   coste      30       30
( 351, 663)   coste      70       70
( 351, 719)   coste      98       98
( 351, 732)   coste      79       79
( 352, 557)   coste      31       31
( 352, 663)   coste      77       77
( 352, 719)   coste      88       88
( 352, 732)   coste      86       86
( 352, 741)   coste      44       44
( 353, 663)   coste      71       71
( 353, 669)   coste      31       31
( 353, 732)   coste      78       78
( 354, 510)   coste      27       27
( 354, 726)   coste      26       26
( 354, 754)   coste      25       25
( 355, 472)   coste     198      198
( 355, 510)   coste      27       27
( 355, 537)   coste     178      178
( 355, 673)   coste     128      128
( 355, 754)   coste      32       32
( 356, 512)   coste      29       29
( 356, 513)   coste      40       40
( 356, 574)   coste      22       22
( 357, 514)   coste      33       33
( 357, 515)   coste      39       39
( 357, 574)   coste      56       56
( 358, 512)   coste      45       45
( 358, 592)   coste      57       57
( 359, 388)   coste      95       95
( 359, 465)   coste      27       27
( 359, 694)   coste     106      106
( 359, 752)   coste      50       50
( 359, 758)   coste     139      139
( 360, 388)   coste     101      101
( 360, 465)   coste       7        7
( 360, 467)   coste      39       39
( 360, 694)   coste     112      112
( 361, 388)   coste     114      114
( 361, 694)   coste     125      125
( 361, 752)   coste      23       23
( 361, 753)   coste       9        9
( 362, 449)   coste      16       16
( 362, 451)   coste      46       46
( 363, 456)   coste      31       31
( 363, 617)   coste      17       17
( 364, 414)   coste     125      125
( 364, 456)   coste      40       40
( 364, 556)   coste      69       69
( 364, 617)   coste       6        6
( 364, 658)   coste     151      151
( 365, 680)   coste      34       34
( 365, 681)   coste      34       34
( 365, 686)   coste      40       40
( 366, 490)   coste      33       33
( 366, 491)   coste      32       32
( 366, 759)   coste      32       32
( 367, 542)   coste      28       28
( 367, 651)   coste      41       41
( 367, 674)   coste      35       35
( 368, 703)   coste      65       65
( 368, 704)   coste      82       82
( 369, 473)   coste      62       62
( 369, 609)   coste      71       71
( 369, 638)   coste      77       77
( 370, 546)   coste      32       32
( 371, 670)   coste      47       47
( 372, 373)   coste      86       86
( 372, 460)   coste     152      152
( 372, 479)   coste     104      104
( 372, 480)   coste     148      148
( 372, 651)   coste      83       83
( 372, 674)   coste      87       87
( 372, 691)   coste      78       78
( 372, 763)   coste      37       37
( 373, 479)   coste     185      185
( 373, 651)   coste     129      129
( 373, 674)   coste      87       87
( 373, 691)   coste      42       42
( 373, 698)   coste      44       44
( 373, 763)   coste     117      117
( 375, 690)   coste      22       22
( 376, 377)   coste      35       35
( 376, 634)   coste      58       58
( 377, 634)   coste      33       33
( 377, 711)   coste      37       37
( 378, 418)   coste      13       13
( 378, 534)   coste      90       90
( 378, 724)   coste      50       50
( 379, 380)   coste      36       36
( 379, 534)   coste      85       85
( 380, 419)   coste      84       84
( 380, 429)   coste      44       44
( 380, 430)   coste      43       43
( 380, 724)   coste      92       92
( 381, 399)   coste      30       30
( 381, 474)   coste      41       41
( 382, 625)   coste      55       55
( 382, 626)   coste      60       60
( 384, 484)   coste      45       45
( 384, 679)   coste      99       99
( 385, 544)   coste      53       53
( 385, 545)   coste      54       54
( 385, 552)   coste      11       11
( 385, 695)   coste      35       35
( 385, 696)   coste      57       57
( 386, 545)   coste      61       61
( 386, 552)   coste      23       23
( 386, 685)   coste      30       30
( 386, 713)   coste      40       40
( 387, 420)   coste      61       61
( 387, 448)   coste      31       31
( 387, 450)   coste      21       21
( 387, 567)   coste      25       25
( 388, 465)   coste     106      106
( 388, 694)   coste      23       23
( 388, 752)   coste     124      124
( 389, 585)   coste      35       35
( 389, 586)   coste      39       39
( 390, 495)   coste      25       25
( 390, 647)   coste      29       29
( 390, 648)   coste      40       40
( 391, 493)   coste      36       36
( 391, 495)   coste      39       39
( 392, 580)   coste      30       30
( 392, 581)   coste      34       34
( 393, 580)   coste      16       16
( 393, 581)   coste      10       10
( 394, 580)   coste      28       28
( 396, 397)   coste      44       44
( 396, 511)   coste     141      141
( 396, 524)   coste      88       88
( 396, 577)   coste     102      102
( 396, 585)   coste      19       19
( 397, 511)   coste     152      152
( 397, 524)   coste     121      121
( 397, 577)   coste     135      135
( 398, 474)   coste      34       34
( 398, 608)   coste      57       57
( 399, 474)   coste      18       18
( 400, 436)   coste     118      118
( 400, 618)   coste      65       65
( 401, 452)   coste      53       53
( 402, 453)   coste      37       37
( 403, 452)   coste      51       51
( 404, 428)   coste      89       89
( 404, 497)   coste      19       19
( 405, 407)   coste      79       79
( 405, 498)   coste      22       22
( 405, 504)   coste      46       46
( 405, 742)   coste      46       46
( 406, 428)   coste      89       89
( 406, 497)   coste       7        7
( 406, 498)   coste      36       36
( 407, 428)   coste      92       92
( 407, 458)   coste      11       11
( 408, 623)   coste      43       43
( 409, 623)   coste      27       27
( 409, 624)   coste      18       18
( 409, 639)   coste      39       39
( 409, 734)   coste      38       38
( 409, 750)   coste      45       45
( 414, 556)   coste      88       88
( 414, 572)   coste      48       48
( 414, 746)   coste      13       13
( 414, 751)   coste      72       72
( 415, 590)   coste      26       26
( 415, 596)   coste      32       32
( 416, 682)   coste      62       62
( 416, 710)   coste      40       40
( 416, 757)   coste      55       55
( 417, 486)   coste      41       41
( 417, 682)   coste      93       93
( 417, 757)   coste      25       25
( 418, 534)   coste      97       97
( 418, 724)   coste      41       41
( 419, 660)   coste     211      211
( 419, 724)   coste      26       26
( 420, 567)   coste      47       47
( 420, 701)   coste      50       50
( 422, 562)   coste      53       53
( 422, 725)   coste      17       17
( 423, 424)   coste      33       33
( 423, 462)   coste      23       23
( 423, 562)   coste      50       50
( 423, 729)   coste      20       20
( 424, 462)   coste      43       43
( 424, 599)   coste      29       29
( 424, 725)   coste      33       33
( 425, 720)   coste      43       43
( 426, 720)   coste      42       42
( 427, 661)   coste      39       39
( 427, 662)   coste       6        6
( 428, 497)   coste      83       83
( 428, 661)   coste      39       39
( 428, 662)   coste      12       12
( 429, 548)   coste      38       38
( 430, 548)   coste      40       40
( 430, 664)   coste      40       40
( 432, 532)   coste      59       59
( 432, 667)   coste      28       28
( 433, 439)   coste      34       34
( 434, 435)   coste      47       47
( 435, 439)   coste      16       16
( 436, 618)   coste     151      151
( 436, 619)   coste     134      134
( 437, 604)   coste      34       34
( 437, 605)   coste      35       35
( 438, 653)   coste      14       14
( 438, 654)   coste      39       39
( 438, 655)   coste      52       52
( 440, 660)   coste     208      208
( 441, 636)   coste      28       28
( 442, 738)   coste      40       40
( 443, 564)   coste      43       43
( 444, 684)   coste      18       18
( 445, 580)   coste      48       48
( 445, 581)   coste      49       49
( 445, 640)   coste      32       32
( 446, 637)   coste      30       30
( 446, 638)   coste      14       14
( 447, 609)   coste      38       38
( 449, 451)   coste      32       32
( 449, 517)   coste      39       39
( 449, 657)   coste      30       30
( 450, 451)   coste      14       14
( 450, 567)   coste      43       43
( 451, 517)   coste      34       34
( 452, 532)   coste      84       84
( 452, 666)   coste      99       99
( 453, 532)   coste      82       82
( 453, 666)   coste      97       97
( 456, 617)   coste      44       44
( 456, 620)   coste      22       22
( 457, 525)   coste      37       37
( 457, 526)   coste      13       13
( 457, 569)   coste      16       16
( 458, 526)   coste      44       44
( 459, 480)   coste      46       46
( 459, 674)   coste     209      209
( 459, 763)   coste     123      123
( 460, 480)   coste      19       19
( 460, 674)   coste     203      203
( 460, 763)   coste     117      117
( 461, 614)   coste      62       62
( 461, 682)   coste      44       44
( 462, 599)   coste      26       26
( 462, 725)   coste      11       11
( 462, 729)   coste      12       12
( 463, 464)   coste      15       15
( 463, 520)   coste      34       34
( 463, 521)   coste      37       37
( 463, 536)   coste     140      140
( 463, 672)   coste      32       32
( 464, 599)   coste      26       26
( 464, 729)   coste      29       29
( 465, 468)   coste      41       41
( 465, 694)   coste     117      117
( 466, 531)   coste      28       28
( 466, 607)   coste     104      104
( 467, 468)   coste      17       17
( 467, 676)   coste      45       45
( 468, 530)   coste      43       43
( 468, 676)   coste      58       58
( 469, 505)   coste      60       60
( 469, 748)   coste      45       45
( 470, 505)   coste      54       54
( 470, 707)   coste      29       29
( 470, 708)   coste       7        7
( 470, 748)   coste      26       26
( 471, 488)   coste      14       14
( 471, 571)   coste      31       31
( 471, 621)   coste      34       34
( 472, 672)   coste     136      136
( 475, 582)   coste      39       39
( 475, 675)   coste      44       44
( 476, 477)   coste      12       12
( 476, 582)   coste      48       48
( 476, 675)   coste      38       38
( 477, 523)   coste      35       35
( 478, 650)   coste      20       20
( 479, 650)   coste      38       38
( 479, 674)   coste     155      155
( 479, 691)   coste     177      177
( 479, 763)   coste      69       69
( 480, 674)   coste     199      199
( 480, 763)   coste     113      113
( 481, 545)   coste      63       63
( 481, 695)   coste      81       81
( 481, 696)   coste      91       91
( 483, 630)   coste      60       60
( 484, 591)   coste      36       36
( 486, 700)   coste      12       12
( 487, 553)   coste      48       48
( 487, 707)   coste      69       69
( 487, 743)   coste      59       59
( 488, 554)   coste       8        8
( 488, 703)   coste      52       52
( 488, 704)   coste      40       40
( 489, 513)   coste      36       36
( 489, 534)   coste      18       18
( 489, 538)   coste      30       30
( 489, 592)   coste      51       51
( 490, 759)   coste      18       18
( 491, 492)   coste      25       25
( 491, 759)   coste      34       34
( 493, 511)   coste      35       35
( 494, 496)   coste      18       18
( 495, 647)   coste      34       34
( 498, 732)   coste      19       19
( 498, 742)   coste      47       47
( 499, 697)   coste      26       26
( 501, 669)   coste      50       50
( 501, 670)   coste      50       50
( 501, 671)   coste      54       54
( 502, 547)   coste      46       46
( 502, 623)   coste      44       44
( 502, 737)   coste      22       22
( 503, 547)   coste      44       44
( 503, 555)   coste      40       40
( 503, 737)   coste      11       11
( 504, 741)   coste      39       39
( 504, 742)   coste       6        6
( 505, 707)   coste      52       52
( 505, 708)   coste      57       57
( 505, 743)   coste      67       67
( 505, 749)   coste      65       65
( 506, 608)   coste      52       52
( 506, 619)   coste      48       48
( 506, 765)   coste      61       61
( 508, 622)   coste     114      114
( 509, 627)   coste      86       86
( 509, 628)   coste      69       69
( 509, 754)   coste      30       30
( 510, 754)   coste      14       14
( 511, 577)   coste      58       58
( 512, 538)   coste      33       33
( 512, 574)   coste      34       34
( 513, 515)   coste      64       64
( 513, 529)   coste     146      146
( 513, 560)   coste     106      106
( 513, 665)   coste     161      161
( 515, 529)   coste     103      103
( 515, 560)   coste      63       63
( 515, 665)   coste     118      118
( 516, 636)   coste      30       30
( 517, 657)   coste      10       10
( 517, 668)   coste       3        3
( 518, 519)   coste       5        5
( 518, 606)   coste      31       31
( 518, 657)   coste       9        9
( 519, 606)   coste      31       31
( 519, 668)   coste       2        2
( 520, 575)   coste      30       30
( 520, 576)   coste      32       32
( 521, 576)   coste      44       44
( 521, 672)   coste      27       27
( 521, 673)   coste      13       13
( 522, 745)   coste      39       39
( 523, 561)   coste      29       29
( 523, 586)   coste      28       28
( 524, 577)   coste      22       22
( 525, 569)   coste      43       43
( 527, 703)   coste      46       46
( 527, 704)   coste      39       39
( 527, 759)   coste      37       37
( 528, 558)   coste      35       35
( 528, 664)   coste      22       22
( 528, 665)   coste      14       14
( 528, 760)   coste      37       37
( 529, 560)   coste      48       48
( 529, 664)   coste       8        8
( 529, 665)   coste      16       16
( 531, 709)   coste      41       41
( 532, 666)   coste      39       39
( 532, 667)   coste      43       43
( 535, 600)   coste      23       23
( 535, 601)   coste      13       13
( 536, 540)   coste      96       96
( 536, 672)   coste     134      134
( 537, 621)   coste      29       29
( 537, 672)   coste     116      116
( 538, 592)   coste      29       29
( 540, 541)   coste      42       42
( 542, 651)   coste      26       26
( 542, 674)   coste      61       61
( 543, 645)   coste      42       42
( 544, 552)   coste      60       60
( 544, 681)   coste      32       32
( 544, 696)   coste      15       15
( 545, 552)   coste      61       61
( 546, 670)   coste      46       46
( 547, 648)   coste     157      157
( 547, 737)   coste      53       53
( 548, 579)   coste      33       33
( 549, 579)   coste      41       41
( 550, 702)   coste      20       20
( 550, 728)   coste      24       24
( 551, 603)   coste      36       36
( 551, 629)   coste      34       34
( 551, 683)   coste      38       38
( 552, 683)   coste      15       15
( 552, 695)   coste      45       45
( 552, 696)   coste      64       64
( 553, 704)   coste      35       35
( 553, 707)   coste     111      111
( 553, 743)   coste     101      101
( 554, 703)   coste      52       52
( 554, 704)   coste      38       38
( 555, 737)   coste      30       30
( 556, 658)   coste      84       84
( 557, 719)   coste     103      103
( 557, 741)   coste      62       62
( 560, 665)   coste      63       63
( 561, 577)   coste      26       26
( 562, 621)   coste      31       31
( 562, 725)   coste      55       55
( 562, 729)   coste      39       39
( 563, 643)   coste      23       23
( 566, 654)   coste      34       34
( 566, 701)   coste      24       24
( 566, 733)   coste      21       21
( 567, 733)   coste      30       30
( 568, 668)   coste      37       37
( 568, 728)   coste      19       19
( 571, 621)   coste      31       31
( 572, 693)   coste      29       29
( 572, 746)   coste      43       43
( 573, 693)   coste      17       17
( 575, 594)   coste      24       24
( 575, 599)   coste      37       37
( 576, 593)   coste      40       40
( 580, 640)   coste      19       19
( 580, 684)   coste      54       54
( 581, 640)   coste      25       25
( 581, 684)   coste      55       55
( 582, 631)   coste      18       18
( 584, 663)   coste      88       88
( 584, 669)   coste      12       12
( 584, 671)   coste      17       17
( 584, 732)   coste      97       97
( 584, 756)   coste      50       50
( 587, 602)   coste      15       15
( 587, 711)   coste      39       39
( 588, 602)   coste       8        8
( 588, 603)   coste      25       25
( 588, 711)   coste      41       41
( 589, 602)   coste      34       34
( 589, 603)   coste      37       37
( 589, 683)   coste      88       88
( 590, 596)   coste      21       21
( 591, 712)   coste      56       56
( 593, 764)   coste      31       31
( 595, 735)   coste      44       44
( 595, 755)   coste      69       69
( 597, 742)   coste      64       64
( 598, 720)   coste      25       25
( 598, 742)   coste      76       76
( 599, 725)   coste      23       23
( 600, 601)   coste      15       15
( 604, 683)   coste      88       88
( 605, 683)   coste      90       90
( 605, 714)   coste      47       47
( 607, 752)   coste      57       57
( 607, 753)   coste      41       41
( 608, 619)   coste      99       99
( 608, 765)   coste     105      105
( 609, 638)   coste       8        8
( 610, 710)   coste      51       51
( 610, 723)   coste       9        9
( 611, 614)   coste      18       18
( 611, 723)   coste      21       21
( 612, 613)   coste      32       32
( 612, 710)   coste      41       41
( 613, 614)   coste      33       33
( 613, 723)   coste      17       17
( 614, 710)   coste      47       47
( 614, 723)   coste      19       19
( 615, 679)   coste      36       36
( 616, 744)   coste      31       31
( 619, 765)   coste      94       94
( 620, 632)   coste      44       44
( 622, 716)   coste      38       38
( 627, 754)   coste      71       71
( 627, 762)   coste      39       39
( 628, 754)   coste      51       51
( 628, 762)   coste      51       51
( 629, 635)   coste      57       57
( 630, 695)   coste      30       30
( 639, 734)   coste      14       14
( 641, 645)   coste      31       31
( 644, 689)   coste      20       20
( 645, 646)   coste      29       29
( 645, 689)   coste      42       42
( 646, 715)   coste      28       28
( 647, 648)   coste      42       42
( 649, 715)   coste     105      105
( 651, 691)   coste     121      121
( 652, 679)   coste      25       25
( 652, 727)   coste      23       23
( 654, 701)   coste      22       22
( 655, 660)   coste      25       25
( 656, 719)   coste      18       18
( 656, 720)   coste      31       31
( 663, 669)   coste      87       87
( 665, 760)   coste      40       40
( 666, 672)   coste     106      106
( 666, 673)   coste      86       86
( 667, 672)   coste     106      106
( 667, 673)   coste      86       86
( 669, 732)   coste      94       94
( 669, 756)   coste      54       54
( 670, 671)   coste      22       22
( 670, 756)   coste      46       46
( 671, 756)   coste      44       44
( 674, 691)   coste      79       79
( 674, 763)   coste      87       87
( 675, 694)   coste      36       36
( 678, 706)   coste      14       14
( 678, 736)   coste      91       91
( 680, 685)   coste      23       23
( 680, 686)   coste      26       26
( 680, 713)   coste      24       24
( 681, 685)   coste      43       43
( 682, 757)   coste     114      114
( 683, 685)   coste      48       48
( 685, 713)   coste      11       11
( 686, 713)   coste      24       24
( 686, 714)   coste      46       46
( 687, 758)   coste       6        6
( 688, 689)   coste      35       35
( 691, 698)   coste      49       49
( 691, 763)   coste     109      109
( 694, 752)   coste     135      135
( 699, 705)   coste      39       39
( 699, 706)   coste      50       50
( 701, 733)   coste      43       43
( 706, 736)   coste      87       87
( 707, 743)   coste      18       18
( 707, 748)   coste      48       48
( 707, 749)   coste      25       25
( 710, 723)   coste      45       45
( 713, 714)   coste      47       47
( 716, 736)   coste      32       32
( 716, 740)   coste      17       17
( 717, 736)   coste      27       27
( 717, 740)   coste      33       33
( 719, 741)   coste      57       57
( 728, 733)   coste      35       35
( 734, 750)   coste      59       59
( 747, 751)   coste      23       23
