NOMBRE : UR537
COMENTARIO :  19  componentes 
VERTICES :  493
ARISTAS_REQ :  671
ARISTAS_NOREQ :  197
LISTA_ARISTAS_REQ :
(   1,   2)   coste      22       22
(   1,   3)   coste      14       14
(   4,   5)   coste      34       34
(   6,   7)   coste      23       23
(   6,   8)   coste      53       53
(   6,   9)   coste      18       18
(  10,  11)   coste      22       22
(  10,  12)   coste      22       22
(  10,  13)   coste      48       48
(  10,  14)   coste      17       17
(  15,  16)   coste      72       72
(  15,  17)   coste      12       12
(  18,  19)   coste      35       35
(  18,  20)   coste      42       42
(  21,  22)   coste      36       36
(  21,  23)   coste      37       37
(  21,  24)   coste      32       32
(  21,  25)   coste      41       41
(  21,  26)   coste      30       30
(  27,  28)   coste      43       43
(  27,  29)   coste      28       28
(  27,  30)   coste      48       48
(  31,  32)   coste      33       33
(  31,  33)   coste      22       22
(  31,  34)   coste      47       47
(  35,  36)   coste      28       28
(  35,  37)   coste      32       32
(  35,  38)   coste      18       18
(  39,  40)   coste      32       32
(  39,  41)   coste      28       28
(  39,  42)   coste      51       51
(  43,  44)   coste      16       16
(  43,  45)   coste      59       59
(  43,  46)   coste      44       44
(  47,  48)   coste      43       43
(  47,  49)   coste      57       57
(  47,  50)   coste      37       37
(  51,  52)   coste      45       45
(  51,  53)   coste      28       28
(  51,  54)   coste      31       31
(  55,  56)   coste      27       27
(  55,  57)   coste      26       26
(  55,  58)   coste      29       29
(  55,  59)   coste      42       42
(  44,  60)   coste      36       36
(  44,  61)   coste      28       28
(  44,  45)   coste      63       63
(  62,  63)   coste      60       60
(  62,  64)   coste      50       50
(  62,  65)   coste      20       20
(  62,  66)   coste      69       69
(  67,  68)   coste      61       61
(  67,  69)   coste      36       36
(  70,  71)   coste       9        9
(  70,  72)   coste      30       30
(  70,  73)   coste      38       38
(  74,  75)   coste      24       24
(  74,  76)   coste      19       19
(  74,  77)   coste      20       20
(   3,  78)   coste      23       23
(  78,  79)   coste      12       12
(  78,  80)   coste      56       56
(  78,  81)   coste      23       23
(  82,  83)   coste      11       11
(  82,  84)   coste      35       35
(  85,  86)   coste      21       21
(  85,  87)   coste      10       10
(  85,  88)   coste      37       37
(  85,  89)   coste      21       21
(  90,  91)   coste      20       20
(  90,  92)   coste      28       28
(  93,  94)   coste      12       12
(  93,  95)   coste      33       33
(  96,  97)   coste      46       46
(  16,  96)   coste      63       63
(  17,  96)   coste      32       32
(  98,  99)   coste      35       35
(  98, 100)   coste      41       41
( 101, 102)   coste      40       40
( 103, 104)   coste      25       25
( 103, 105)   coste      16       16
( 106, 107)   coste      32       32
( 106, 108)   coste      48       48
(  71, 106)   coste      45       45
( 109, 110)   coste      40       40
( 109, 111)   coste      22       22
( 109, 112)   coste      71       71
( 113, 114)   coste      55       55
( 113, 115)   coste      20       20
(  86,  87)   coste      27       27
(  86,  88)   coste      45       45
( 116, 117)   coste      53       53
( 116, 118)   coste      39       39
( 115, 119)   coste      16       16
( 119, 120)   coste       2        2
( 119, 121)   coste      34       34
( 122, 123)   coste      61       61
(  63, 122)   coste      32       32
(   5, 124)   coste      67       67
(   5, 125)   coste      38       38
(   5, 126)   coste      38       38
( 127, 128)   coste      40       40
( 127, 129)   coste      36       36
( 130, 131)   coste       9        9
( 130, 132)   coste      42       42
( 133, 134)   coste      22       22
( 135, 136)   coste      33       33
( 135, 137)   coste      57       57
( 138, 139)   coste      18       18
( 134, 138)   coste      33       33
(  71, 107)   coste      40       40
(  72, 107)   coste      43       43
( 140, 141)   coste      57       57
( 142, 143)   coste      17       17
( 142, 144)   coste      38       38
(  69, 142)   coste      44       44
(  17,  97)   coste      16       16
(  97, 145)   coste      89       89
( 146, 147)   coste      27       27
( 146, 148)   coste      53       53
( 146, 149)   coste      29       29
( 146, 150)   coste      37       37
( 151, 152)   coste      27       27
( 153, 154)   coste      57       57
(  57, 153)   coste      45       45
(  84, 153)   coste      29       29
( 155, 156)   coste      39       39
( 155, 157)   coste      23       23
( 155, 158)   coste      35       35
( 155, 159)   coste      20       20
( 160, 161)   coste      65       65
( 160, 162)   coste      39       39
( 160, 163)   coste      38       38
( 164, 165)   coste      21       21
( 164, 166)   coste      48       48
( 164, 167)   coste      30       30
( 128, 168)   coste      53       53
(  50, 128)   coste      66       66
( 128, 169)   coste      54       54
( 170, 171)   coste       5        5
( 170, 172)   coste       9        9
( 170, 173)   coste      15       15
( 170, 174)   coste      49       49
( 175, 176)   coste      30       30
( 175, 177)   coste      17       17
( 178, 179)   coste      26       26
( 178, 180)   coste      37       37
( 171, 181)   coste      21       21
( 176, 182)   coste      34       34
( 176, 177)   coste      31       31
( 183, 184)   coste      54       54
( 183, 185)   coste      36       36
( 183, 186)   coste      39       39
(  11,  14)   coste      26       26
( 187, 188)   coste      33       33
( 187, 189)   coste      18       18
( 187, 190)   coste       9        9
(  28, 191)   coste      43       43
(  28, 192)   coste      28       28
( 193, 194)   coste      41       41
( 193, 195)   coste      38       38
( 193, 196)   coste       6        6
( 193, 197)   coste      26       26
( 198, 199)   coste      38       38
( 100, 198)   coste      71       71
( 198, 200)   coste      23       23
( 201, 202)   coste      28       28
( 201, 203)   coste      37       37
( 201, 204)   coste      23       23
( 205, 206)   coste      31       31
( 205, 207)   coste      55       55
(  33, 208)   coste      40       40
( 208, 209)   coste      19       19
( 208, 210)   coste       6        6
( 195, 211)   coste      30       30
( 211, 212)   coste      16       16
( 123, 213)   coste      34       34
( 123, 214)   coste      65       65
( 123, 215)   coste      41       41
(  16, 216)   coste      37       37
( 172, 181)   coste      20       20
( 172, 173)   coste      23       23
( 172, 217)   coste      20       20
( 218, 219)   coste      64       64
( 218, 220)   coste      26       26
(  40,  41)   coste      30       30
(  40, 221)   coste      34       34
(  40, 222)   coste      61       61
(  68, 223)   coste      55       55
(  68, 224)   coste      45       45
(  68, 225)   coste      47       47
( 117, 226)   coste      16       16
( 226, 227)   coste      74       74
( 226, 228)   coste      34       34
( 226, 229)   coste      36       36
( 137, 199)   coste      26       26
( 199, 200)   coste      28       28
( 199, 230)   coste      35       35
( 231, 232)   coste      34       34
( 231, 233)   coste      32       32
(  61, 231)   coste      31       31
( 117, 229)   coste      35       35
(  99, 234)   coste      17       17
(  99, 235)   coste      45       45
( 236, 237)   coste      42       42
( 238, 239)   coste      36       36
( 238, 240)   coste      35       35
( 241, 242)   coste      42       42
( 241, 243)   coste      17       17
( 168, 244)   coste      27       27
( 168, 245)   coste      28       28
(  48, 246)   coste      19       19
( 246, 247)   coste      16       16
( 246, 248)   coste      21       21
( 246, 249)   coste      42       42
( 250, 251)   coste      23       23
(  87,  89)   coste      15       15
( 252, 253)   coste      49       49
(  84, 252)   coste      43       43
( 254, 255)   coste      22       22
( 114, 254)   coste      54       54
( 254, 256)   coste      49       49
( 257, 258)   coste      29       29
( 180, 257)   coste      26       26
( 259, 260)   coste      23       23
( 259, 261)   coste      26       26
( 259, 262)   coste       4        4
( 259, 263)   coste      34       34
( 264, 265)   coste      29       29
(  76, 264)   coste      17       17
( 264, 266)   coste       9        9
( 267, 268)   coste      42       42
(  60, 268)   coste      18       18
(  48, 247)   coste      34       34
(  48, 248)   coste      29       29
( 161, 162)   coste      42       42
( 161, 269)   coste      19       19
( 161, 270)   coste      33       33
( 154, 271)   coste      56       56
( 272, 273)   coste      11       11
( 274, 275)   coste      45       45
( 274, 276)   coste      16       16
( 277, 278)   coste      33       33
( 277, 279)   coste      30       30
( 277, 280)   coste      22       22
( 188, 281)   coste      47       47
( 188, 282)   coste       7        7
( 188, 190)   coste      25       25
( 188, 283)   coste      44       44
(  22, 284)   coste      39       39
(  22,  23)   coste      21       21
(  22, 285)   coste      36       36
(  22, 286)   coste      22       22
( 287, 288)   coste      43       43
( 287, 289)   coste      30       30
( 290, 291)   coste      52       52
( 290, 292)   coste      19       19
( 290, 293)   coste      36       36
( 290, 294)   coste      32       32
( 290, 295)   coste      37       37
( 156, 296)   coste      12       12
( 157, 296)   coste      23       23
(  52,  53)   coste      48       48
(  52, 297)   coste      43       43
(  38, 298)   coste       4        4
( 298, 299)   coste      29       29
( 300, 301)   coste      23       23
( 169, 300)   coste      34       34
( 181, 302)   coste      57       57
( 302, 303)   coste      32       32
( 304, 305)   coste      29       29
( 304, 306)   coste      39       39
(  91, 307)   coste      58       58
(  91, 308)   coste      19       19
(  91, 309)   coste      65       65
(  91,  92)   coste      35       35
( 284, 286)   coste      33       33
( 288, 310)   coste       9        9
( 143, 275)   coste      55       55
(  56,  57)   coste      47       47
(  56,  58)   coste      53       53
( 195, 196)   coste      36       36
( 195, 197)   coste      23       23
(  36, 311)   coste      47       47
( 311, 312)   coste      44       44
( 212, 265)   coste      36       36
( 212, 313)   coste      30       30
( 314, 315)   coste      54       54
( 314, 316)   coste      24       24
( 317, 318)   coste      21       21
( 317, 319)   coste      22       22
( 141, 317)   coste      10       10
( 189, 275)   coste      32       32
( 275, 320)   coste      30       30
(  29,  30)   coste      21       21
( 321, 322)   coste      15       15
( 321, 323)   coste      25       25
( 321, 324)   coste      21       21
( 325, 326)   coste      57       57
(  89, 325)   coste      27       27
(  75, 327)   coste      22       22
( 327, 328)   coste       9        9
(  77, 327)   coste      15       15
( 147, 148)   coste      31       31
( 147, 329)   coste      16       16
( 219, 220)   coste      54       54
(  13, 219)   coste      57       57
( 330, 331)   coste      39       39
(  53,  54)   coste      28       28
( 332, 333)   coste      11       11
( 332, 334)   coste      30       30
( 154, 335)   coste      56       56
( 182, 336)   coste      30       30
( 336, 337)   coste      17       17
(  37, 336)   coste      36       36
( 255, 338)   coste      11       11
( 339, 340)   coste      52       52
( 323, 339)   coste      42       42
( 313, 339)   coste      48       48
( 323, 340)   coste      57       57
( 163, 340)   coste      52       52
( 340, 341)   coste      73       73
( 110, 111)   coste      26       26
( 110, 281)   coste      40       40
( 253, 342)   coste      57       57
(  32, 343)   coste      32       32
( 343, 344)   coste      49       49
( 343, 345)   coste      29       29
( 343, 346)   coste      57       57
( 347, 348)   coste      20       20
( 347, 349)   coste      34       34
( 347, 350)   coste      54       54
( 347, 351)   coste      49       49
(  88, 352)   coste      51       51
( 352, 353)   coste      60       60
( 278, 279)   coste      41       41
( 278, 354)   coste      10       10
( 278, 280)   coste      52       52
(  12, 220)   coste      43       43
( 355, 356)   coste      50       50
( 355, 357)   coste      25       25
( 286, 355)   coste      40       40
( 358, 359)   coste      87       87
( 145, 358)   coste      45       45
( 269, 360)   coste      33       33
( 270, 360)   coste      45       45
( 360, 361)   coste      30       30
( 362, 363)   coste      23       23
( 362, 364)   coste      37       37
( 362, 365)   coste      26       26
( 362, 366)   coste      58       58
( 367, 368)   coste      54       54
(  13, 367)   coste      62       62
( 367, 369)   coste      56       56
(  23, 285)   coste      26       26
( 247, 248)   coste      18       18
( 247, 249)   coste      29       29
( 370, 371)   coste      19       19
( 370, 372)   coste      30       30
(  57,  58)   coste       9        9
( 315, 316)   coste      53       53
( 356, 373)   coste      31       31
( 374, 375)   coste       9        9
( 235, 374)   coste      48       48
( 216, 234)   coste      52       52
( 232, 376)   coste      23       23
( 232, 233)   coste      16       16
( 232, 377)   coste      35       35
( 232, 378)   coste      33       33
( 379, 380)   coste      49       49
( 379, 381)   coste      24       24
( 121, 379)   coste      28       28
( 382, 383)   coste      35       35
( 382, 384)   coste      33       33
( 196, 197)   coste      22       22
( 118, 385)   coste      41       41
( 385, 386)   coste      46       46
( 292, 294)   coste      20       20
( 292, 295)   coste      46       46
( 136, 387)   coste      46       46
( 387, 388)   coste      52       52
(  25, 387)   coste      43       43
( 389, 390)   coste      48       48
( 389, 391)   coste      16       16
( 389, 392)   coste       7        7
( 389, 393)   coste      38       38
( 394, 395)   coste      16       16
( 306, 394)   coste      36       36
(  49, 396)   coste      23       23
( 396, 397)   coste      35       35
( 398, 399)   coste      60       60
( 217, 398)   coste      40       40
( 395, 400)   coste      21       21
( 400, 401)   coste      14       14
( 207, 400)   coste      43       43
( 376, 402)   coste      23       23
( 233, 402)   coste      30       30
( 402, 403)   coste      44       44
( 402, 404)   coste      17       17
(  60,  61)   coste      42       42
( 405, 406)   coste      50       50
( 102, 405)   coste      33       33
( 405, 407)   coste      17       17
(  49, 397)   coste      48       48
( 223, 225)   coste      24       24
( 189, 408)   coste      47       47
( 383, 384)   coste      16       16
( 152, 383)   coste      39       39
( 233, 376)   coste      28       28
( 376, 409)   coste      43       43
( 376, 410)   coste      52       52
( 376, 378)   coste      13       13
( 256, 338)   coste      27       27
( 227, 229)   coste      42       42
( 227, 242)   coste      67       67
( 375, 411)   coste      42       42
( 235, 375)   coste      41       41
( 412, 413)   coste      37       37
(  42, 412)   coste      27       27
( 233, 403)   coste      47       47
(  46, 316)   coste      32       32
( 206, 414)   coste      65       65
( 414, 415)   coste      51       51
(   3, 416)   coste      24       24
(   3,  79)   coste      23       23
( 206, 415)   coste      33       33
(  36,  37)   coste      18       18
( 417, 418)   coste      33       33
( 417, 419)   coste      37       37
( 258, 417)   coste      43       43
( 406, 407)   coste      37       37
( 420, 421)   coste      19       19
( 165, 420)   coste      35       35
( 167, 420)   coste      45       45
(  63, 213)   coste      45       45
(  63,  64)   coste      48       48
( 179, 371)   coste      32       32
( 413, 422)   coste      29       29
( 184, 185)   coste      26       26
( 184, 423)   coste      55       55
( 345, 384)   coste      24       24
(  88, 353)   coste      13       13
( 390, 424)   coste      21       21
( 185, 237)   coste      57       57
( 425, 426)   coste      44       44
( 425, 427)   coste      25       25
(  24,  25)   coste      54       54
(  24,  26)   coste       8        8
(  12,  14)   coste      16       16
(  83, 335)   coste      35       35
( 368, 428)   coste      15       15
( 368, 369)   coste      45       45
( 356, 357)   coste      38       38
(  81, 356)   coste      23       23
(  33, 210)   coste      35       35
( 239, 240)   coste      36       36
( 239, 366)   coste      58       58
( 213, 215)   coste      26       26
( 102, 429)   coste      30       30
( 344, 346)   coste      10       10
( 139, 430)   coste      29       29
( 134, 139)   coste      18       18
( 307, 431)   coste      41       41
( 309, 431)   coste      41       41
( 253, 432)   coste      17       17
( 253, 433)   coste      36       36
( 131, 191)   coste      56       56
(  30, 191)   coste      48       48
( 191, 192)   coste      49       49
( 395, 401)   coste      34       34
( 306, 395)   coste      50       50
( 207, 395)   coste      41       41
( 261, 262)   coste      26       26
( 333, 334)   coste      35       35
( 262, 333)   coste      36       36
( 297, 434)   coste      27       27
( 297, 435)   coste      48       48
( 297, 436)   coste      28       28
( 179, 180)   coste      22       22
( 244, 245)   coste      32       32
( 244, 429)   coste      13       13
( 310, 437)   coste      21       21
( 289, 437)   coste      26       26
( 242, 438)   coste      25       25
( 243, 438)   coste      11       11
(  64,  65)   coste      55       55
(  64, 214)   coste      75       75
( 182, 337)   coste      17       17
( 177, 182)   coste      30       30
(  34, 439)   coste      20       20
( 202, 439)   coste      18       18
( 204, 439)   coste      23       23
( 237, 440)   coste      53       53
( 207, 305)   coste      24       24
( 386, 441)   coste      17       17
( 399, 441)   coste      37       37
( 174, 441)   coste      45       45
( 157, 159)   coste      40       40
(  79, 416)   coste      26       26
( 416, 442)   coste      23       23
( 131, 132)   coste      34       34
( 131, 443)   coste      15       15
(  41,  42)   coste      52       52
(  41, 221)   coste       9        9
(  41, 222)   coste      73       73
( 308, 418)   coste      37       37
( 180, 419)   coste      43       43
( 372, 419)   coste      40       40
( 432, 433)   coste      26       26
( 181, 303)   coste      60       60
( 424, 444)   coste      44       44
( 262, 334)   coste      60       60
( 391, 392)   coste      13       13
( 391, 393)   coste      33       33
(  73, 391)   coste      18       18
( 265, 313)   coste      10       10
( 265, 266)   coste      22       22
( 307, 309)   coste      14       14
( 162, 163)   coste      64       64
( 162, 341)   coste      51       51
(  80, 388)   coste      12       12
( 114, 445)   coste      34       34
( 444, 446)   coste      48       48
( 105, 228)   coste      41       41
(  89, 353)   coste      50       50
( 447, 448)   coste      45       45
( 447, 449)   coste      33       33
( 428, 447)   coste      50       50
( 369, 447)   coste      23       23
( 381, 446)   coste      32       32
( 121, 446)   coste      45       45
(  34, 152)   coste      33       33
(  34, 204)   coste      41       41
(  94,  95)   coste      33       33
( 348, 351)   coste      58       58
(  81, 357)   coste      46       46
( 422, 450)   coste      14       14
( 349, 351)   coste      37       37
(  20, 349)   coste      29       29
( 269, 270)   coste      29       29
( 359, 451)   coste      75       75
( 189, 452)   coste      44       44
( 189, 453)   coste      42       42
( 189, 190)   coste      18       18
( 454, 455)   coste      78       78
( 240, 456)   coste      28       28
( 240, 457)   coste      25       25
( 129, 458)   coste       5        5
( 129, 459)   coste      25       25
( 129, 423)   coste      13       13
( 460, 461)   coste      37       37
( 460, 462)   coste      67       67
( 460, 463)   coste      22       22
(  65,  66)   coste      81       81
( 165, 421)   coste      51       51
( 421, 440)   coste      40       40
( 124, 464)   coste      38       38
( 124, 273)   coste      69       69
( 124, 126)   coste      59       59
( 202, 203)   coste      26       26
( 152, 202)   coste      33       33
( 312, 426)   coste       7        7
( 132, 465)   coste      27       27
( 158, 465)   coste      29       29
( 294, 466)   coste      25       25
( 295, 466)   coste      46       46
( 392, 393)   coste      41       41
(  73, 392)   coste      20       20
( 386, 467)   coste      37       37
( 403, 404)   coste      54       54
(  75, 328)   coste      30       30
(  75, 422)   coste      53       53
(  75,  77)   coste      17       17
( 177, 337)   coste      24       24
(   7, 404)   coste      30       30
(   7,   8)   coste      45       45
(   7,   9)   coste      32       32
( 270, 361)   coste      29       29
( 270, 468)   coste      33       33
( 137, 200)   coste      52       52
( 299, 427)   coste      18       18
( 326, 469)   coste      14       14
( 293, 470)   coste      33       33
( 293, 294)   coste      31       31
( 293, 471)   coste      35       35
( 428, 448)   coste      57       57
( 141, 448)   coste      33       33
( 209, 472)   coste      13       13
( 324, 473)   coste      29       29
( 434, 435)   coste      25       25
( 434, 436)   coste      34       34
( 279, 354)   coste      48       48
( 279, 280)   coste      48       48
( 200, 230)   coste      22       22
( 474, 475)   coste      29       29
(  92, 308)   coste      18       18
(  25,  26)   coste      57       57
( 301, 397)   coste      34       34
( 301, 476)   coste      63       63
(  79, 477)   coste      29       29
(  79, 442)   coste      39       39
( 361, 468)   coste      26       26
( 461, 463)   coste      28       28
( 461, 478)   coste      27       27
( 401, 461)   coste      36       36
( 312, 479)   coste      25       25
( 470, 475)   coste      31       31
( 470, 471)   coste      11       11
( 166, 480)   coste      21       21
(  76, 266)   coste      19       19
( 282, 481)   coste      25       25
( 283, 481)   coste      52       52
(  80,  81)   coste      38       38
( 126, 464)   coste      73       73
(  30, 132)   coste      49       49
( 458, 459)   coste      29       29
( 423, 458)   coste      11       11
( 169, 397)   coste      49       49
( 363, 364)   coste      49       49
( 363, 365)   coste       9        9
(  59, 354)   coste      54       54
( 276, 320)   coste       5        5
(  69, 224)   coste      49       49
( 351, 482)   coste      61       61
(  95, 482)   coste      51       51
( 108, 214)   coste      57       57
( 456, 457)   coste      37       37
( 456, 483)   coste      14       14
( 436, 484)   coste      34       34
( 452, 453)   coste      17       17
( 111, 112)   coste      69       69
( 350, 365)   coste      50       50
(  20, 350)   coste      47       47
( 409, 485)   coste      51       51
( 409, 410)   coste      16       16
( 378, 404)   coste      19       19
( 399, 468)   coste      47       47
( 242, 243)   coste      30       30
( 192, 462)   coste      23       23
( 364, 366)   coste      52       52
(  71,  72)   coste      32       32
( 463, 478)   coste      39       39
( 294, 295)   coste      39       39
( 125, 393)   coste      55       55
( 435, 476)   coste      56       56
( 428, 486)   coste      58       58
( 410, 485)   coste      55       55
( 167, 487)   coste      18       18
( 341, 473)   coste      74       74
( 173, 174)   coste      37       37
( 471, 475)   coste      21       21
( 190, 282)   coste      21       21
( 282, 283)   coste      45       45
( 150, 329)   coste      41       41
( 328, 488)   coste      32       32
(  77, 328)   coste      19       19
( 112, 451)   coste      59       59
(  66, 455)   coste       4        4
( 266, 313)   coste      29       29
( 489, 490)   coste      35       35
( 230, 491)   coste      32       32
( 158, 159)   coste      40       40
( 459, 492)   coste      14       14
(  72, 445)   coste      53       53
(  72, 493)   coste      29       29
( 141, 319)   coste      26       26
(  95, 483)   coste      38       38
( 180, 372)   coste      19       19
(  92, 491)   coste      35       35
( 378, 410)   coste      52       52
( 440, 486)   coste      44       44
LISTA_ARISTAS_NOREQ :
(   1, 416)   coste      21       21
(   2,   3)   coste      26       26
(   4, 123)   coste      66       66
(   4, 215)   coste      47       47
(   6, 404)   coste      51       51
(   8,   9)   coste      42       42
(  11,  54)   coste      29       29
(  12,  13)   coste      31       31
(  13,  14)   coste      32       32
(  15,  96)   coste      25       25
(  18, 349)   coste      48       48
(  19,  20)   coste      28       28
(  19, 349)   coste      53       53
(  22,  25)   coste      54       54
(  27, 191)   coste       7        7
(  28, 462)   coste      37       37
(  29, 191)   coste      29       29
(  32, 425)   coste      50       50
(  34, 202)   coste      17       17
(  36, 249)   coste      40       40
(  38, 427)   coste      20       20
(  43,  61)   coste      37       37
(  45, 260)   coste      85       85
(  45, 474)   coste      82       82
(  48,  50)   coste      72       72
(  58,  59)   coste      52       52
(  58, 153)   coste      39       39
(  61, 377)   coste      40       40
(  62, 455)   coste      68       68
(  65, 324)   coste      73       73
(  67, 224)   coste      22       22
(  75, 413)   coste      27       27
(  78, 356)   coste      31       31
(  82, 252)   coste      24       24
(  83,  84)   coste      38       38
(  85, 353)   coste      46       46
(  86, 120)   coste      37       37
(  87, 325)   coste      27       27
(  89, 431)   coste      56       56
(  90, 308)   coste      11       11
(  90, 418)   coste      28       28
(  93, 380)   coste      31       31
(  96, 216)   coste      56       56
(  98, 234)   coste      36       36
( 100, 234)   coste      65       65
( 101, 118)   coste      49       49
( 101, 385)   coste      35       35
( 102, 407)   coste      49       49
( 103, 228)   coste      39       39
( 104, 105)   coste      36       36
( 104, 302)   coste      49       49
( 107, 108)   coste      45       45
( 109, 453)   coste      45       45
( 110, 359)   coste      41       41
( 111, 359)   coste      40       40
( 113, 119)   coste      32       32
( 113, 120)   coste      33       33
( 116, 385)   coste      61       61
( 121, 381)   coste      32       32
( 122, 213)   coste      29       29
( 122, 215)   coste      29       29
( 125, 126)   coste      14       14
( 127, 245)   coste      25       25
( 127, 423)   coste      30       30
( 129, 492)   coste      30       30
( 130, 443)   coste       9        9
( 131, 465)   coste      55       55
( 133, 139)   coste      33       33
( 133, 279)   coste     105      105
( 135, 387)   coste      76       76
( 137, 258)   coste      36       36
( 138, 430)   coste      22       22
( 140, 448)   coste      52       52
( 140, 487)   coste      55       55
( 141, 318)   coste      30       30
( 143, 144)   coste      40       40
( 144, 330)   coste      59       59
( 144, 481)   coste      40       40
( 147, 149)   coste      49       49
( 147, 150)   coste      37       37
( 148, 329)   coste      29       29
( 149, 315)   coste      58       58
( 151, 373)   coste      23       23
( 151, 477)   coste      24       24
( 155, 296)   coste      40       40
( 156, 157)   coste      17       17
( 164, 420)   coste      42       42
( 164, 480)   coste      49       49
( 164, 487)   coste      40       40
( 165, 166)   coste      44       44
( 165, 480)   coste      36       36
( 169, 301)   coste      53       53
( 170, 217)   coste      26       26
( 171, 172)   coste       5        5
( 171, 303)   coste      79       79
( 175, 298)   coste      41       41
( 178, 257)   coste      29       29
( 179, 370)   coste      17       17
( 179, 372)   coste      32       32
( 183, 236)   coste      40       40
( 186, 236)   coste      17       17
( 187, 275)   coste      29       29
( 187, 481)   coste      31       31
( 190, 481)   coste      30       30
( 192, 443)   coste      55       55
( 194, 195)   coste      57       57
( 197, 211)   coste      27       27
( 201, 439)   coste      18       18
( 203, 373)   coste      31       31
( 205, 415)   coste      19       19
( 206, 401)   coste      56       56
( 208, 472)   coste      28       28
( 218, 371)   coste      47       47
( 219, 255)   coste      56       56
( 221, 222)   coste      68       68
( 223, 382)   coste      25       25
( 230, 430)   coste      25       25
( 231, 267)   coste      78       78
( 231, 268)   coste      69       69
( 238, 457)   coste      16       16
( 239, 250)   coste      13       13
( 240, 250)   coste      43       43
( 240, 483)   coste      39       39
( 251, 271)   coste      53       53
( 251, 335)   coste      41       41
( 254, 338)   coste      23       23
( 255, 256)   coste      35       35
( 256, 352)   coste      46       46
( 260, 474)   coste      55       55
( 261, 263)   coste      23       23
( 262, 263)   coste      31       31
( 262, 332)   coste      33       33
( 264, 412)   coste      49       49
( 271, 326)   coste      53       53
( 271, 335)   coste      41       41
( 271, 469)   coste      47       47
( 272, 490)   coste      34       34
( 273, 490)   coste      36       36
( 274, 320)   coste      19       19
( 281, 359)   coste      29       29
( 284, 285)   coste      31       31
( 287, 291)   coste      47       47
( 287, 310)   coste      36       36
( 288, 437)   coste      21       21
( 289, 310)   coste      13       13
( 291, 295)   coste      50       50
( 291, 406)   coste      52       52
( 292, 293)   coste      18       18
( 298, 427)   coste      17       17
( 299, 425)   coste      14       14
( 300, 397)   coste      42       42
( 304, 394)   coste      16       16
( 304, 395)   coste      17       17
( 305, 395)   coste      19       19
( 305, 400)   coste      21       21
( 306, 346)   coste      57       57
( 311, 479)   coste      45       45
( 312, 425)   coste      38       38
( 314, 475)   coste      44       44
( 315, 485)   coste      40       40
( 318, 319)   coste      16       16
( 318, 493)   coste      33       33
( 319, 449)   coste      51       51
( 322, 323)   coste      34       34
( 322, 324)   coste      22       22
( 322, 473)   coste      19       19
( 325, 469)   coste      57       57
( 327, 488)   coste      37       37
( 331, 411)   coste      14       14
( 342, 433)   coste      23       23
( 358, 451)   coste      81       81
( 368, 447)   coste      41       41
( 369, 449)   coste      21       21
( 373, 477)   coste      11       11
( 374, 411)   coste      42       42
( 376, 377)   coste      44       44
( 378, 402)   coste      14       14
( 378, 409)   coste      48       48
( 385, 467)   coste      39       39
( 390, 444)   coste      48       48
( 394, 400)   coste      33       33
( 396, 484)   coste      29       29
( 397, 484)   coste      45       45
( 401, 478)   coste      25       25
( 408, 452)   coste      11       11
( 408, 453)   coste       9        9
( 424, 446)   coste      58       58
( 426, 479)   coste      21       21
( 430, 491)   coste      35       35
( 445, 493)   coste      29       29
( 454, 489)   coste       1        1
( 459, 467)   coste      50       50
( 460, 478)   coste      31       31
( 471, 474)   coste      48       48
( 472, 479)   coste      85       85
( 476, 486)   coste      65       65
( 482, 483)   coste      56       56
