NOMBRE : UR535
COMENTARIO :  58  componentes 
VERTICES :  458
ARISTAS_REQ :  464
ARISTAS_NOREQ :  348
LISTA_ARISTAS_REQ :
(   1,   2)   coste      29       29
(   1,   3)   coste      55       55
(   1,   4)   coste      27       27
(   1,   5)   coste      63       63
(   6,   7)   coste      36       36
(   6,   8)   coste      15       15
(   9,  10)   coste      13       13
(   9,  11)   coste      24       24
(  12,  13)   coste      34       34
(  12,  14)   coste      37       37
(  12,  15)   coste      17       17
(  16,  17)   coste      57       57
(  16,  18)   coste      38       38
(  19,  20)   coste      46       46
(  21,  22)   coste      23       23
(  23,  24)   coste      14       14
(  25,  26)   coste      24       24
(  25,  27)   coste      25       25
(  28,  29)   coste      91       91
(  28,  30)   coste      46       46
(  31,  32)   coste      12       12
(  33,  34)   coste      20       20
(  33,  35)   coste      24       24
(  33,  36)   coste      14       14
(  37,  38)   coste      17       17
(  39,  40)   coste      39       39
(  39,  41)   coste      36       36
(  39,  42)   coste      23       23
(  39,  43)   coste      35       35
(  44,  45)   coste      39       39
(  46,  47)   coste      72       72
(  46,  48)   coste      56       56
(  46,  49)   coste      35       35
(  50,  51)   coste      22       22
(  52,  53)   coste      68       68
(  52,  54)   coste      24       24
(  52,  55)   coste      26       26
(  52,  56)   coste      17       17
(  42,  57)   coste      27       27
(  58,  59)   coste       3        3
(  58,  60)   coste      36       36
(  51,  61)   coste       9        9
(  62,  63)   coste       8        8
(  62,  64)   coste      33       33
(  65,  66)   coste      31       31
(  65,  67)   coste      28       28
(  68,  69)   coste      44       44
(  70,  71)   coste      16       16
(  70,  72)   coste      14       14
(  70,  73)   coste      24       24
(  74,  75)   coste      47       47
(  74,  76)   coste      47       47
(  74,  77)   coste      42       42
(  78,  79)   coste      29       29
(  45,  78)   coste      44       44
(  80,  81)   coste      33       33
(  80,  82)   coste      28       28
(  29,  83)   coste      87       87
(  83,  84)   coste      23       23
(  83,  85)   coste      19       19
(  86,  87)   coste      47       47
(  88,  89)   coste      15       15
(  88,  90)   coste      14       14
(  88,  91)   coste      24       24
(  88,  92)   coste      30       30
(  93,  94)   coste      54       54
(  95,  96)   coste      17       17
(  97,  98)   coste      31       31
(  99, 100)   coste      14       14
(  99, 101)   coste      24       24
(  10, 102)   coste      42       42
(  24, 102)   coste      26       26
( 103, 104)   coste      11       11
( 103, 105)   coste      10       10
( 106, 107)   coste      64       64
( 106, 108)   coste      45       45
( 106, 109)   coste      89       89
( 110, 111)   coste      14       14
( 110, 112)   coste      29       29
(  63, 113)   coste      29       29
(  98, 114)   coste      24       24
( 114, 115)   coste      43       43
( 116, 117)   coste       6        6
( 116, 118)   coste      65       65
( 116, 119)   coste      64       64
( 120, 121)   coste      38       38
( 120, 122)   coste      20       20
( 123, 124)   coste      27       27
( 123, 125)   coste      29       29
( 126, 127)   coste      53       53
( 126, 128)   coste      21       21
( 129, 130)   coste      35       35
( 129, 131)   coste      48       48
( 129, 132)   coste      27       27
( 129, 133)   coste       5        5
( 134, 135)   coste      39       39
( 134, 136)   coste      52       52
( 134, 137)   coste      50       50
( 138, 139)   coste      41       41
( 138, 140)   coste      51       51
( 138, 141)   coste      49       49
( 142, 143)   coste      19       19
(  53, 124)   coste      64       64
( 124, 144)   coste      42       42
( 144, 145)   coste      38       38
( 146, 147)   coste      15       15
( 146, 148)   coste      70       70
(   2, 149)   coste      25       25
( 150, 151)   coste      68       68
( 152, 153)   coste       6        6
( 152, 154)   coste      13       13
( 155, 156)   coste      25       25
( 155, 157)   coste      36       36
( 155, 158)   coste      54       54
( 125, 159)   coste      46       46
(  89, 160)   coste      48       48
( 160, 161)   coste      49       49
(  92, 160)   coste      47       47
(  40,  42)   coste      31       31
( 162, 163)   coste      52       52
( 162, 164)   coste      22       22
( 158, 162)   coste      41       41
( 165, 166)   coste      32       32
(  92, 165)   coste      22       22
( 167, 168)   coste      47       47
( 167, 169)   coste      46       46
( 167, 170)   coste      24       24
( 171, 172)   coste       7        7
(  75, 173)   coste       6        6
( 174, 175)   coste      23       23
( 174, 176)   coste      22       22
(  34, 177)   coste      53       53
(  34,  36)   coste      25       25
(  34, 178)   coste      68       68
( 179, 180)   coste      17       17
( 179, 181)   coste      40       40
( 179, 182)   coste      30       30
( 147, 148)   coste      59       59
( 147, 183)   coste      52       52
( 184, 185)   coste      36       36
( 186, 187)   coste      81       81
( 186, 188)   coste      53       53
( 104, 189)   coste      28       28
(  91, 189)   coste      18       18
( 189, 190)   coste      22       22
( 191, 192)   coste      45       45
( 191, 193)   coste      31       31
( 191, 194)   coste      15       15
( 195, 196)   coste      26       26
( 197, 198)   coste       8        8
( 199, 200)   coste      25       25
( 201, 202)   coste      61       61
( 180, 181)   coste      36       36
(  76, 203)   coste      42       42
(   3,   5)   coste      22       22
( 204, 205)   coste      38       38
( 206, 207)   coste      23       23
( 206, 208)   coste      34       34
( 206, 209)   coste      16       16
( 210, 211)   coste      16       16
(  53, 212)   coste      68       68
( 212, 213)   coste      38       38
( 212, 214)   coste      39       39
(  66, 215)   coste      18       18
(  66,  67)   coste      11       11
( 216, 217)   coste      22       22
( 218, 219)   coste      30       30
( 218, 220)   coste      14       14
(  85, 221)   coste      27       27
( 222, 223)   coste      17       17
( 222, 224)   coste      28       28
( 225, 226)   coste      55       55
( 225, 227)   coste      33       33
( 228, 229)   coste      23       23
( 121, 230)   coste      21       21
( 121, 231)   coste      36       36
( 232, 233)   coste      79       79
(  49, 232)   coste      43       43
( 234, 235)   coste      43       43
( 234, 236)   coste      54       54
( 234, 237)   coste      44       44
( 238, 239)   coste      50       50
( 238, 240)   coste      58       58
(  94, 241)   coste      52       52
(  94, 182)   coste      53       53
( 242, 243)   coste      49       49
( 242, 244)   coste      45       45
( 128, 245)   coste      34       34
( 245, 246)   coste      61       61
( 245, 247)   coste      51       51
( 248, 249)   coste      92       92
( 250, 251)   coste      31       31
( 250, 252)   coste       5        5
( 117, 253)   coste      16       16
( 117, 118)   coste      65       65
( 117, 119)   coste      66       66
( 117, 254)   coste      42       42
( 163, 255)   coste      39       39
( 256, 257)   coste       9        9
( 258, 259)   coste      36       36
( 190, 258)   coste      40       40
(  29, 187)   coste      19       19
(  35,  96)   coste      43       43
(  96, 260)   coste      30       30
(  11, 259)   coste      39       39
( 168, 261)   coste      38       38
( 168, 262)   coste      25       25
( 168, 169)   coste      16       16
( 164, 263)   coste      54       54
( 263, 264)   coste      32       32
( 265, 266)   coste      43       43
( 163, 164)   coste      52       52
( 159, 267)   coste      16       16
( 267, 268)   coste      42       42
( 267, 269)   coste      48       48
( 270, 271)   coste       3        3
( 217, 272)   coste      43       43
( 217, 273)   coste      27       27
( 274, 275)   coste      35       35
( 274, 276)   coste      60       60
( 274, 277)   coste      44       44
( 278, 279)   coste      27       27
( 280, 281)   coste      40       40
( 107, 219)   coste      34       34
( 219, 282)   coste      36       36
( 127, 264)   coste      52       52
(  15, 127)   coste      50       50
( 239, 281)   coste      27       27
( 283, 284)   coste      44       44
( 283, 285)   coste      17       17
( 286, 287)   coste      38       38
(  10,  11)   coste      19       19
( 141, 288)   coste      17       17
( 289, 290)   coste      55       55
( 291, 292)   coste      54       54
( 291, 293)   coste      29       29
( 181, 294)   coste      68       68
(   4, 149)   coste      20       20
(  84, 295)   coste      24       24
( 261, 262)   coste      40       40
(  11,  79)   coste      30       30
( 296, 297)   coste      25       25
(  15, 296)   coste      24       24
( 298, 299)   coste      48       48
( 298, 300)   coste      13       13
( 299, 301)   coste      58       58
( 299, 302)   coste      45       45
( 303, 304)   coste      14       14
(  17, 303)   coste      38       38
( 303, 305)   coste      25       25
(  38, 306)   coste      37       37
(  26, 307)   coste      56       56
(  26,  27)   coste      39       39
( 151, 279)   coste      27       27
( 279, 308)   coste      38       38
(  41,  42)   coste      44       44
(  17, 309)   coste      43       43
( 310, 311)   coste      32       32
( 312, 313)   coste      63       63
(  98, 314)   coste      14       14
(  27, 315)   coste      27       27
( 315, 316)   coste      28       28
( 315, 317)   coste      37       37
(  14, 300)   coste      44       44
(  64, 318)   coste      17       17
( 319, 320)   coste      48       48
( 319, 321)   coste      55       55
( 322, 323)   coste      34       34
( 237, 322)   coste      35       35
( 324, 325)   coste      44       44
( 324, 326)   coste      13       13
(  55, 327)   coste      27       27
( 251, 328)   coste      33       33
( 251, 329)   coste      37       37
( 251, 252)   coste      31       31
( 330, 331)   coste      44       44
( 330, 332)   coste      21       21
(  69, 294)   coste      36       36
( 177, 333)   coste      34       34
( 177, 178)   coste      46       46
( 334, 335)   coste      35       35
( 334, 336)   coste      27       27
( 208, 252)   coste      42       42
( 159, 269)   coste      38       38
( 337, 338)   coste      14       14
( 100, 101)   coste      25       25
( 268, 339)   coste      42       42
( 268, 269)   coste      33       33
(  89,  90)   coste      18       18
(  89,  91)   coste      20       20
( 325, 340)   coste      47       47
( 111, 193)   coste      31       31
( 111, 341)   coste      42       42
( 342, 343)   coste      34       34
( 313, 344)   coste      15       15
( 229, 333)   coste      74       74
( 178, 333)   coste      36       36
( 345, 346)   coste      30       30
(  71,  72)   coste      27       27
(  71, 347)   coste       5        5
( 335, 336)   coste      26       26
( 295, 335)   coste      38       38
( 153, 348)   coste      18       18
( 188, 349)   coste      61       61
( 350, 351)   coste       5        5
( 352, 353)   coste      28       28
(  47, 354)   coste      67       67
(  48, 355)   coste      41       41
( 215, 332)   coste      59       59
( 192, 356)   coste      36       36
(  72,  73)   coste      15       15
( 357, 358)   coste       7        7
( 357, 359)   coste      11       11
( 360, 361)   coste      25       25
( 362, 363)   coste      46       46
( 339, 364)   coste      42       42
( 269, 339)   coste      38       38
( 365, 366)   coste      54       54
( 200, 367)   coste      10       10
( 209, 368)   coste      42       42
( 340, 358)   coste      51       51
( 252, 328)   coste      28       28
(  54,  55)   coste      19       19
(  54,  56)   coste      24       24
(  54, 369)   coste      28       28
(  43, 370)   coste      44       44
( 118, 371)   coste      65       65
(  30, 371)   coste      89       89
( 156, 157)   coste      29       29
( 112, 193)   coste      13       13
( 112, 341)   coste      50       50
( 112, 194)   coste      25       25
(  55, 369)   coste      31       31
( 244, 372)   coste      40       40
( 205, 244)   coste      66       66
( 200, 229)   coste      11       11
( 373, 374)   coste      23       23
( 323, 375)   coste      40       40
( 213, 376)   coste      24       24
( 377, 378)   coste      30       30
( 151, 379)   coste      66       66
( 151, 380)   coste      14       14
(  20, 381)   coste      21       21
( 175, 382)   coste      15       15
( 282, 383)   coste      42       42
( 220, 282)   coste      10       10
( 105, 384)   coste      30       30
( 105, 385)   coste      55       55
( 366, 386)   coste      39       39
( 193, 387)   coste      23       23
( 193, 194)   coste      22       22
( 354, 388)   coste      24       24
( 262, 307)   coste      41       41
( 143, 389)   coste      20       20
( 143, 304)   coste      32       32
( 196, 301)   coste      55       55
( 390, 391)   coste      48       48
( 390, 392)   coste       9        9
( 109, 183)   coste      82       82
( 344, 393)   coste      19       19
( 344, 375)   coste      51       51
( 394, 395)   coste      30       30
( 394, 396)   coste      32       32
( 230, 231)   coste      17       17
( 223, 397)   coste      36       36
( 378, 393)   coste      68       68
( 302, 398)   coste      40       40
( 187, 188)   coste      70       70
( 246, 247)   coste      19       19
( 351, 399)   coste      58       58
( 400, 401)   coste      36       36
( 402, 403)   coste      48       48
( 402, 404)   coste      47       47
( 351, 402)   coste      51       51
(  73, 347)   coste      25       25
(  81, 405)   coste      52       52
( 384, 406)   coste      22       22
( 384, 385)   coste      51       51
( 144, 407)   coste      62       62
( 408, 409)   coste      48       48
( 408, 410)   coste      16       16
( 411, 412)   coste      47       47
( 169, 262)   coste      31       31
( 401, 413)   coste      38       38
( 223, 224)   coste      21       21
(  13, 297)   coste      16       16
(  15, 297)   coste      39       39
( 374, 414)   coste      10       10
(  82, 415)   coste      72       72
(  69, 416)   coste      52       52
( 395, 417)   coste      32       32
( 269, 364)   coste      30       30
( 356, 418)   coste      38       38
( 418, 419)   coste       8        8
(  61, 370)   coste      41       41
( 420, 421)   coste      38       38
( 420, 422)   coste      16       16
( 173, 423)   coste      39       39
( 423, 424)   coste      43       43
( 157, 412)   coste      34       34
( 425, 426)   coste      45       45
( 343, 425)   coste      14       14
( 214, 425)   coste      42       42
( 182, 241)   coste      44       44
( 389, 427)   coste      59       59
(  22, 428)   coste      10       10
( 429, 430)   coste      14       14
( 369, 426)   coste      37       37
( 211, 386)   coste      43       43
( 379, 404)   coste      29       29
( 214, 343)   coste      44       44
( 409, 410)   coste      44       44
( 356, 431)   coste      28       28
( 431, 432)   coste      34       34
(  98, 433)   coste      33       33
( 434, 435)   coste      40       40
( 392, 436)   coste      47       47
( 214, 376)   coste      37       37
( 169, 170)   coste      32       32
( 424, 437)   coste      16       16
( 424, 435)   coste      42       42
( 356, 419)   coste      42       42
( 240, 438)   coste      42       42
( 306, 439)   coste      52       52
(  20, 440)   coste      17       17
(  20, 387)   coste      43       43
( 441, 442)   coste      29       29
( 441, 443)   coste      37       37
( 375, 441)   coste      30       30
( 108, 444)   coste      27       27
( 439, 444)   coste      40       40
( 172, 421)   coste      30       30
( 172, 445)   coste      30       30
(  60, 446)   coste      18       18
(  60, 447)   coste      29       29
( 257, 272)   coste      28       28
( 442, 448)   coste      62       62
( 308, 437)   coste      45       45
( 435, 437)   coste      49       49
( 132, 449)   coste      24       24
( 292, 450)   coste      52       52
( 136, 392)   coste      49       49
( 277, 413)   coste      46       46
( 326, 451)   coste      46       46
( 326, 452)   coste      35       35
(  81, 361)   coste      72       72
(  90,  91)   coste      11       11
(  90,  92)   coste      33       33
( 226, 227)   coste      27       27
( 292, 453)   coste      28       28
( 396, 454)   coste      49       49
(  82, 318)   coste      11       11
(  17, 304)   coste      27       27
( 292, 293)   coste      28       28
( 338, 428)   coste      29       29
( 194, 387)   coste      32       32
( 346, 455)   coste      24       24
(  87, 455)   coste      29       29
( 430, 451)   coste      54       54
( 451, 452)   coste      18       18
( 386, 456)   coste      35       35
( 346, 457)   coste      25       25
( 427, 458)   coste      61       61
( 308, 380)   coste      15       15
LISTA_ARISTAS_NOREQ :
(   1, 149)   coste      22       22
(   2, 195)   coste      25       25
(   4, 331)   coste      36       36
(   6, 166)   coste     116      116
(   7, 166)   coste      87       87
(   7, 221)   coste      63       63
(   8,  85)   coste      67       67
(   8, 221)   coste      60       60
(   8, 239)   coste      50       50
(   8, 281)   coste      34       34
(   9,  78)   coste      38       38
(   9,  79)   coste      10       10
(  10,  78)   coste      40       40
(  10,  79)   coste      13       13
(  12, 296)   coste      28       28
(  13,  15)   coste      25       25
(  13, 296)   coste      10       10
(  14, 225)   coste      44       44
(  14, 398)   coste      37       37
(  16, 299)   coste      46       46
(  17,  18)   coste      31       31
(  17, 305)   coste      17       17
(  18, 309)   coste      25       25
(  19, 110)   coste     112      112
(  21, 266)   coste      32       32
(  21, 428)   coste      16       16
(  23,  51)   coste      90       90
(  23, 102)   coste      16       16
(  24,  51)   coste      96       96
(  25,  57)   coste      31       31
(  25, 316)   coste      35       35
(  26, 265)   coste      47       47
(  26, 315)   coste      37       37
(  26, 316)   coste      16       16
(  28, 186)   coste      89       89
(  28, 248)   coste     101      101
(  29, 295)   coste      74       74
(  30, 186)   coste      78       78
(  30, 248)   coste     100      100
(  31, 174)   coste      38       38
(  31, 176)   coste      42       42
(  31, 458)   coste      19       19
(  32, 458)   coste      25       25
(  33,  95)   coste      51       51
(  33,  96)   coste      36       36
(  33, 260)   coste      31       31
(  34, 260)   coste      23       23
(  35,  36)   coste      25       25
(  37, 107)   coste      21       21
(  38, 107)   coste      31       31
(  38, 219)   coste       4        4
(  38, 353)   coste      43       43
(  40,  57)   coste      45       45
(  41, 370)   coste      43       43
(  43,  50)   coste      35       35
(  44, 270)   coste      37       37
(  45, 368)   coste      14       14
(  46, 232)   coste      40       40
(  47, 284)   coste      44       44
(  48, 157)   coste      45       45
(  48, 412)   coste      25       25
(  49, 233)   coste      69       69
(  50,  61)   coste      22       22
(  54, 327)   coste      38       38
(  55,  56)   coste      12       12
(  59, 327)   coste      50       50
(  62, 113)   coste      28       28
(  63,  64)   coste      27       27
(  64, 113)   coste      26       26
(  64, 415)   coste      90       90
(  65, 215)   coste      40       40
(  68, 294)   coste      52       52
(  68, 416)   coste      17       17
(  70, 347)   coste      14       14
(  72, 347)   coste      23       23
(  73, 259)   coste      51       51
(  74, 203)   coste      31       31
(  74, 423)   coste      30       30
(  75, 423)   coste      35       35
(  76,  77)   coste      18       18
(  77, 203)   coste      49       49
(  78, 368)   coste      44       44
(  80, 318)   coste      29       29
(  81, 283)   coste      62       62
(  81, 285)   coste      57       57
(  81, 388)   coste      35       35
(  83, 295)   coste      20       20
(  83, 335)   coste      31       31
(  84, 335)   coste      15       15
(  85, 280)   coste      60       60
(  86, 346)   coste      40       40
(  86, 455)   coste      26       26
(  87, 196)   coste      35       35
(  87, 457)   coste      36       36
(  88, 160)   coste      40       40
(  92, 166)   coste      49       49
(  93, 377)   coste      48       48
(  94, 378)   coste      67       67
(  95, 260)   coste      46       46
(  97, 314)   coste      24       24
(  97, 352)   coste      47       47
(  97, 400)   coste      34       34
(  97, 401)   coste      43       43
(  99, 239)   coste      57       57
( 100, 239)   coste      52       52
( 101, 153)   coste      60       60
( 102, 131)   coste     102      102
( 103, 165)   coste      34       34
( 104, 105)   coste      10       10
( 104, 384)   coste      33       33
( 106, 246)   coste      74       74
( 108, 109)   coste     132      132
( 108, 439)   coste      40       40
( 109, 197)   coste     140      140
( 109, 198)   coste     137      137
( 109, 444)   coste     122      122
( 110, 193)   coste      26       26
( 111, 112)   coste      28       28
( 114, 314)   coste      36       36
( 114, 400)   coste      69       69
( 114, 401)   coste      66       66
( 115, 235)   coste      51       51
( 116, 253)   coste      21       21
( 117, 349)   coste      65       65
( 118, 349)   coste      13       13
( 119, 253)   coste      66       66
( 120, 140)   coste      55       55
( 120, 345)   coste      23       23
( 122, 345)   coste      12       12
( 122, 346)   coste      25       25
( 123, 145)   coste      31       31
( 124, 145)   coste      28       28
( 125, 145)   coste      45       45
( 127, 128)   coste      62       62
( 127, 263)   coste      43       43
( 128, 247)   coste      63       63
( 129, 449)   coste       5        5
( 130, 131)   coste      36       36
( 130, 133)   coste      33       33
( 133, 422)   coste      32       32
( 133, 449)   coste       8        8
( 135, 137)   coste      16       16
( 135, 337)   coste      29       29
( 135, 338)   coste      24       24
( 137, 337)   coste      16       16
( 137, 338)   coste      21       21
( 138, 288)   coste      64       64
( 139, 207)   coste      60       60
( 140, 309)   coste      43       43
( 142, 389)   coste      27       27
( 144, 363)   coste      66       66
( 144, 445)   coste      35       35
( 146, 183)   coste      57       57
( 146, 233)   coste      73       73
( 147, 233)   coste      82       82
( 148, 255)   coste      41       41
( 149, 195)   coste      41       41
( 150, 434)   coste      30       30
( 151, 308)   coste      27       27
( 151, 434)   coste      75       75
( 152, 185)   coste     113      113
( 153, 185)   coste     113      113
( 156, 412)   coste      36       36
( 158, 163)   coste      72       72
( 158, 255)   coste      88       88
( 159, 268)   coste      45       45
( 161, 254)   coste      36       36
( 161, 287)   coste      33       33
( 164, 264)   coste      37       37
( 166, 221)   coste     103      103
( 167, 340)   coste      51       51
( 168, 170)   coste      26       26
( 169, 261)   coste      23       23
( 169, 364)   coste      78       78
( 171, 421)   coste      36       36
( 171, 445)   coste      25       25
( 173, 308)   coste      41       41
( 174, 289)   coste      41       41
( 175, 288)   coste      65       65
( 175, 289)   coste      44       44
( 176, 289)   coste      45       45
( 179, 236)   coste      47       47
( 179, 241)   coste      37       37
( 180, 182)   coste      18       18
( 184, 373)   coste      34       34
( 184, 374)   coste      13       13
( 184, 414)   coste       8        8
( 185, 348)   coste     123      123
( 185, 414)   coste      43       43
( 186, 349)   coste      78       78
( 186, 371)   coste      35       35
( 190, 384)   coste      35       35
( 190, 406)   coste      34       34
( 191, 276)   coste      48       48
( 191, 387)   coste      29       29
( 192, 418)   coste      46       46
( 198, 444)   coste      33       33
( 199, 310)   coste      31       31
( 199, 367)   coste      21       21
( 199, 417)   coste      21       21
( 200, 228)   coste      24       24
( 201, 330)   coste     100      100
( 201, 443)   coste      52       52
( 202, 330)   coste     101      101
( 202, 441)   coste      60       60
( 202, 443)   coste      26       26
( 204, 377)   coste      39       39
( 204, 378)   coste      34       34
( 205, 377)   coste      69       69
( 207, 209)   coste      32       32
( 208, 329)   coste      94       94
( 210, 249)   coste      44       44
( 210, 386)   coste      30       30
( 210, 456)   coste      36       36
( 211, 249)   coste      57       57
( 211, 456)   coste      35       35
( 212, 376)   coste      59       59
( 213, 214)   coste      34       34
( 214, 342)   coste      26       26
( 216, 222)   coste      37       37
( 216, 224)   coste      34       34
( 218, 282)   coste       9        9
( 218, 352)   coste      40       40
( 219, 306)   coste      37       37
( 219, 353)   coste      42       42
( 220, 306)   coste      29       29
( 221, 280)   coste      53       53
( 222, 397)   coste      30       30
( 226, 300)   coste      73       73
( 227, 300)   coste      49       49
( 228, 311)   coste      18       18
( 228, 367)   coste      19       19
( 229, 367)   coste      18       18
( 236, 241)   coste      12       12
( 237, 323)   coste      28       28
( 237, 450)   coste      78       78
( 238, 242)   coste      49       49
( 238, 243)   coste       8        8
( 239, 243)   coste      52       52
( 244, 312)   coste      61       61
( 249, 386)   coste      50       50
( 250, 328)   coste      24       24
( 253, 254)   coste      30       30
( 254, 286)   coste      39       39
( 254, 287)   coste       4        4
( 254, 391)   coste     108      108
( 254, 436)   coste      96       96
( 256, 421)   coste      28       28
( 257, 421)   coste      34       34
( 258, 406)   coste      24       24
( 261, 273)   coste      45       45
( 261, 364)   coste      64       64
( 265, 429)   coste      90       90
( 265, 430)   coste      80       80
( 268, 446)   coste      40       40
( 268, 447)   coste      55       55
( 269, 397)   coste      37       37
( 271, 373)   coste      49       49
( 272, 317)   coste      39       39
( 273, 317)   coste      26       26
( 275, 277)   coste      11       11
( 275, 413)   coste      50       50
( 276, 381)   coste      46       46
( 276, 440)   coste      54       54
( 277, 416)   coste      49       49
( 278, 380)   coste      50       50
( 279, 380)   coste      26       26
( 280, 334)   coste       8        8
( 283, 354)   coste      74       74
( 283, 388)   coste      52       52
( 283, 411)   coste      48       48
( 284, 285)   coste      28       28
( 284, 354)   coste      44       44
( 285, 354)   coste      69       69
( 285, 388)   coste      47       47
( 286, 391)   coste      90       90
( 286, 436)   coste      78       78
( 287, 391)   coste     105      105
( 287, 436)   coste      93       93
( 288, 289)   coste      54       54
( 288, 382)   coste      66       66
( 289, 382)   coste      52       52
( 290, 329)   coste      32       32
( 290, 362)   coste      62       62
( 291, 453)   coste      33       33
( 292, 433)   coste      51       51
( 293, 453)   coste       5        5
( 296, 398)   coste      43       43
( 297, 408)   coste      87       87
( 298, 302)   coste       4        4
( 300, 302)   coste      16       16
( 301, 398)   coste      69       69
( 303, 389)   coste      43       43
( 304, 305)   coste      19       19
( 307, 316)   coste      42       42
( 310, 367)   coste      30       30
( 310, 394)   coste      28       28
( 311, 367)   coste      34       34
( 312, 372)   coste      25       25
( 312, 448)   coste      20       20
( 313, 393)   coste       8        8
( 314, 433)   coste      32       32
( 318, 415)   coste      77       77
( 319, 399)   coste      13       13
( 320, 321)   coste      28       28
( 321, 454)   coste      44       44
( 322, 450)   coste      54       54
( 324, 452)   coste      45       45
( 327, 369)   coste      23       23
( 329, 362)   coste      74       74
( 331, 332)   coste      34       34
( 336, 366)   coste      51       51
( 336, 438)   coste      59       59
( 342, 425)   coste      23       23
( 343, 376)   coste      44       44
( 349, 371)   coste      65       65
( 350, 402)   coste      49       49
( 355, 411)   coste      30       30
( 355, 412)   coste      21       21
( 356, 432)   coste      39       39
( 360, 424)   coste      50       50
( 361, 405)   coste      29       29
( 362, 407)   coste      48       48
( 363, 407)   coste      22       22
( 364, 397)   coste      35       35
( 365, 438)   coste      26       26
( 365, 456)   coste      39       39
( 366, 456)   coste      33       33
( 369, 425)   coste      76       76
( 372, 448)   coste      43       43
( 373, 414)   coste      27       27
( 379, 403)   coste      29       29
( 381, 440)   coste       9        9
( 383, 431)   coste      20       20
( 383, 432)   coste      25       25
( 390, 436)   coste      45       45
( 391, 436)   coste      15       15
( 394, 417)   coste      34       34
( 403, 404)   coste      10       10
( 409, 453)   coste      71       71
( 410, 453)   coste      75       75
( 420, 449)   coste      48       48
( 422, 449)   coste      33       33
( 423, 437)   coste      37       37
( 429, 451)   coste      50       50
( 442, 443)   coste      45       45
( 446, 447)   coste      26       26
( 455, 457)   coste      26       26
