NOMBRE : UR532
COMENTARIO :  99  componentes 
VERTICES :  298
ARISTAS_REQ :  206
ARISTAS_NOREQ :  391
LISTA_ARISTAS_REQ :
(   1,   2)   coste      22       22
(   3,   4)   coste      39       39
(   3,   5)   coste      35       35
(   6,   7)   coste      19       19
(   6,   8)   coste      34       34
(   9,  10)   coste      17       17
(  11,  12)   coste      50       50
(  13,  14)   coste      77       77
(  15,  16)   coste      33       33
(  17,  18)   coste      20       20
(  19,  20)   coste      30       30
(  21,  22)   coste      18       18
(  21,  23)   coste      42       42
(  24,  25)   coste      23       23
(  24,  26)   coste      60       60
(  27,  28)   coste      33       33
(  27,  29)   coste      35       35
(  30,  31)   coste      15       15
(  30,  32)   coste       7        7
(  33,  34)   coste      23       23
(  35,  36)   coste      15       15
(  37,  38)   coste      66       66
(  39,  40)   coste      50       50
(  41,  42)   coste      35       35
(  43,  44)   coste      54       54
(  45,  46)   coste      50       50
(  47,  48)   coste      22       22
(  49,  50)   coste      53       53
(  51,  52)   coste      52       52
(  53,  54)   coste      11       11
(  55,  56)   coste      15       15
(  55,  57)   coste      27       27
(  58,  59)   coste      66       66
(  60,  61)   coste      38       38
(  62,  63)   coste      36       36
(   8,  64)   coste       9        9
(  65,  66)   coste      37       37
(  65,  67)   coste      47       47
(  68,  69)   coste      27       27
(  70,  71)   coste      24       24
(  70,  72)   coste      30       30
(  73,  74)   coste      23       23
(  75,  76)   coste      28       28
(  75,  77)   coste      51       51
(  78,  79)   coste      19       19
(  78,  80)   coste      40       40
(  81,  82)   coste      34       34
(  81,  83)   coste      33       33
(  84,  85)   coste       6        6
(  86,  87)   coste      53       53
(  86,  88)   coste      60       60
(  89,  90)   coste      21       21
(  91,  92)   coste      63       63
(  93,  94)   coste      20       20
(  93,  95)   coste      40       40
(  96,  97)   coste      26       26
(  98,  99)   coste      60       60
(  98, 100)   coste      43       43
( 101, 102)   coste      52       52
( 103, 104)   coste      22       22
( 105, 106)   coste      44       44
( 107, 108)   coste      39       39
( 107, 109)   coste      55       55
(  25, 110)   coste      64       64
( 111, 112)   coste      26       26
( 113, 114)   coste      13       13
( 115, 116)   coste      66       66
( 117, 118)   coste      17       17
( 119, 120)   coste      53       53
( 119, 121)   coste      38       38
( 122, 123)   coste      24       24
(  76,  77)   coste      30       30
(  94,  95)   coste      24       24
(  94, 124)   coste       4        4
( 125, 126)   coste      19       19
(  18,  50)   coste      39       39
( 127, 128)   coste      18       18
(  50, 129)   coste      63       63
( 130, 131)   coste      24       24
( 132, 133)   coste      17       17
( 128, 134)   coste      54       54
( 128, 135)   coste      52       52
(   2, 136)   coste      57       57
( 137, 138)   coste      40       40
( 139, 140)   coste      28       28
( 141, 142)   coste      24       24
( 143, 144)   coste      24       24
( 145, 146)   coste      39       39
( 145, 147)   coste      52       52
( 145, 148)   coste      24       24
( 149, 150)   coste      52       52
( 151, 152)   coste      40       40
(  74, 153)   coste      18       18
( 121, 154)   coste      49       49
( 155, 156)   coste      18       18
( 157, 158)   coste      37       37
( 157, 159)   coste      58       58
( 160, 161)   coste      34       34
(  63, 162)   coste      39       39
( 162, 163)   coste      51       51
( 162, 164)   coste      55       55
( 165, 166)   coste      45       45
( 165, 167)   coste      53       53
(  83, 168)   coste      43       43
( 169, 170)   coste      26       26
( 116, 171)   coste      24       24
( 172, 173)   coste      44       44
( 108, 174)   coste      27       27
( 175, 176)   coste      41       41
( 177, 178)   coste      22       22
( 179, 180)   coste      39       39
(  66, 181)   coste      62       62
( 181, 182)   coste      52       52
( 183, 184)   coste      21       21
( 185, 186)   coste      37       37
( 187, 188)   coste      11       11
( 187, 189)   coste      30       30
(  66,  67)   coste      60       60
( 118, 190)   coste      42       42
( 190, 191)   coste      19       19
( 192, 193)   coste       7        7
( 194, 195)   coste      67       67
( 176, 196)   coste      33       33
( 197, 198)   coste      42       42
( 136, 199)   coste      38       38
(  44, 200)   coste      32       32
( 201, 202)   coste      22       22
( 203, 204)   coste      49       49
( 205, 206)   coste      34       34
( 207, 208)   coste      14       14
( 207, 209)   coste      22       22
( 210, 211)   coste      11       11
( 212, 213)   coste       4        4
( 212, 214)   coste      27       27
( 215, 216)   coste      36       36
( 215, 217)   coste      24       24
( 218, 219)   coste      48       48
( 220, 221)   coste      45       45
( 222, 223)   coste      13       13
(  71, 224)   coste      36       36
(  34, 225)   coste      53       53
( 184, 226)   coste      47       47
( 188, 227)   coste      40       40
( 227, 228)   coste      37       37
( 131, 229)   coste      29       29
( 230, 231)   coste      13       13
( 230, 232)   coste      20       20
( 230, 233)   coste      44       44
(  12, 234)   coste       9        9
( 235, 236)   coste      31       31
( 217, 237)   coste      65       65
( 238, 239)   coste      47       47
( 216, 217)   coste      56       56
( 136, 240)   coste      11       11
(  82, 241)   coste      35       35
( 242, 243)   coste      61       61
(   8, 225)   coste      57       57
( 244, 245)   coste      45       45
(  22, 246)   coste      28       28
(  22,  23)   coste      28       28
( 109, 247)   coste      21       21
(  12, 248)   coste      40       40
( 249, 250)   coste      44       44
( 206, 251)   coste      49       49
( 245, 252)   coste      61       61
( 189, 253)   coste      51       51
(  79, 236)   coste      47       47
( 254, 255)   coste      34       34
( 256, 257)   coste      32       32
( 256, 258)   coste      33       33
( 166, 167)   coste      71       71
( 193, 259)   coste      33       33
( 260, 261)   coste      27       27
( 144, 262)   coste      57       57
( 184, 263)   coste      23       23
( 193, 264)   coste      21       21
( 265, 266)   coste      48       48
( 267, 268)   coste      15       15
( 221, 269)   coste      35       35
( 142, 270)   coste      21       21
(  54, 180)   coste      19       19
( 171, 271)   coste      35       35
( 272, 273)   coste      34       34
( 274, 275)   coste      54       54
( 104, 276)   coste      42       42
( 159, 270)   coste      28       28
( 126, 277)   coste      30       30
( 102, 278)   coste      37       37
( 106, 279)   coste      10       10
( 280, 281)   coste      46       46
( 282, 283)   coste      24       24
( 104, 284)   coste      32       32
( 195, 258)   coste      46       46
(  10, 285)   coste      38       38
( 213, 214)   coste      30       30
( 286, 287)   coste      69       69
( 232, 288)   coste      52       52
(  72, 289)   coste      24       24
( 290, 291)   coste      27       27
( 283, 292)   coste      32       32
( 293, 294)   coste      57       57
( 223, 295)   coste      17       17
( 138, 296)   coste      37       37
( 291, 297)   coste      35       35
( 206, 298)   coste      40       40
( 138, 271)   coste      48       48
LISTA_ARISTAS_NOREQ :
(   1,  28)   coste      59       59
(   1,  93)   coste      45       45
(   1, 199)   coste      50       50
(   2, 199)   coste      53       53
(   3, 195)   coste      51       51
(   4,   5)   coste      72       72
(   4, 263)   coste      58       58
(   5, 195)   coste      53       53
(   5, 266)   coste      50       50
(   6,  64)   coste      27       27
(   7,   8)   coste      44       44
(   7,  64)   coste      40       40
(   8,  33)   coste     115      115
(   8,  34)   coste     101      101
(   9,  63)   coste      67       67
(   9, 197)   coste      22       22
(   9, 285)   coste      24       24
(  10, 197)   coste      12       12
(  10, 198)   coste      46       46
(  11, 234)   coste      43       43
(  11, 248)   coste      38       38
(  12,  38)   coste      75       75
(  13,  87)   coste     109      109
(  13, 173)   coste      45       45
(  14, 119)   coste      53       53
(  14, 121)   coste      38       38
(  14, 154)   coste      31       31
(  15, 244)   coste      30       30
(  15, 245)   coste      35       35
(  16, 212)   coste      40       40
(  16, 213)   coste      38       38
(  17,  50)   coste      34       34
(  17,  60)   coste      75       75
(  17, 122)   coste      42       42
(  17, 168)   coste     211      211
(  17, 241)   coste     215      215
(  18,  60)   coste      89       89
(  18, 168)   coste     225      225
(  18, 241)   coste     229      229
(  19,  29)   coste      38       38
(  19,  51)   coste      65       65
(  20,  29)   coste      25       25
(  20, 199)   coste      81       81
(  21, 238)   coste      42       42
(  21, 246)   coste      13       13
(  23, 246)   coste      45       45
(  24, 107)   coste      97       97
(  24, 110)   coste      66       66
(  25, 107)   coste      93       93
(  25, 141)   coste     167      167
(  25, 142)   coste     183      183
(  26, 132)   coste      81       81
(  26, 181)   coste      97       97
(  26, 251)   coste     234      234
(  26, 298)   coste     185      185
(  27, 199)   coste     107      107
(  28,  94)   coste      65       65
(  28, 124)   coste      67       67
(  29, 199)   coste      88       88
(  30, 139)   coste      27       27
(  30, 140)   coste      19       19
(  31,  32)   coste      20       20
(  31, 139)   coste      24       24
(  32, 140)   coste      22       22
(  33, 185)   coste      64       64
(  35,  41)   coste      89       89
(  35,  42)   coste      66       66
(  35, 201)   coste      32       32
(  35, 202)   coste      13       13
(  36, 202)   coste      26       26
(  37, 115)   coste      37       37
(  38, 115)   coste      41       41
(  38, 216)   coste      79       79
(  38, 234)   coste      81       81
(  39,  72)   coste      65       65
(  39,  77)   coste     122      122
(  39, 224)   coste      88       88
(  39, 289)   coste      82       82
(  40,  77)   coste      82       82
(  41, 151)   coste      70       70
(  41, 152)   coste      93       93
(  41, 201)   coste      60       60
(  41, 202)   coste      80       80
(  42, 201)   coste      36       36
(  42, 202)   coste      57       57
(  43, 272)   coste      34       34
(  43, 273)   coste       8        8
(  44, 273)   coste      50       50
(  45, 238)   coste     127      127
(  45, 239)   coste     173      173
(  45, 240)   coste      76       76
(  45, 272)   coste     165      165
(  46, 203)   coste      21       21
(  47, 101)   coste     110      110
(  47, 149)   coste      41       41
(  47, 212)   coste     106      106
(  47, 214)   coste      85       85
(  48, 130)   coste      40       40
(  49, 122)   coste      65       65
(  49, 123)   coste      64       64
(  51,  58)   coste     124      124
(  51,  59)   coste      83       83
(  52,  58)   coste     102      102
(  52,  59)   coste      99       99
(  53, 150)   coste      43       43
(  53, 179)   coste      28       28
(  53, 180)   coste      25       25
(  53, 289)   coste      40       40
(  54, 179)   coste      22       22
(  54, 289)   coste      46       46
(  55, 208)   coste      14       14
(  55, 209)   coste      15       15
(  56,  57)   coste      25       25
(  56, 209)   coste      23       23
(  57, 200)   coste      47       47
(  57, 209)   coste      16       16
(  58, 254)   coste      87       87
(  59, 177)   coste      96       96
(  59, 178)   coste     113      113
(  59, 254)   coste      50       50
(  60,  97)   coste     261      261
(  60, 168)   coste     196      196
(  60, 211)   coste     255      255
(  60, 231)   coste      39       39
(  60, 241)   coste     200      200
(  61, 230)   coste      16       16
(  61, 231)   coste      18       18
(  61, 232)   coste       8        8
(  62, 113)   coste      78       78
(  62, 114)   coste      77       77
(  62, 285)   coste      30       30
(  63, 285)   coste      44       44
(  64, 225)   coste      54       54
(  65, 205)   coste      74       74
(  65, 244)   coste      38       38
(  66,  74)   coste     304      304
(  66, 134)   coste     409      409
(  66, 135)   coste     420      420
(  66, 152)   coste     417      417
(  66, 153)   coste     320      320
(  66, 251)   coste     180      180
(  66, 294)   coste     394      394
(  66, 298)   coste     131      131
(  67, 182)   coste      85       85
(  67, 252)   coste      37       37
(  67, 257)   coste      61       61
(  67, 258)   coste     106      106
(  68, 136)   coste      48       48
(  68, 240)   coste      50       50
(  69, 177)   coste      45       45
(  69, 178)   coste      47       47
(  70, 224)   coste      21       21
(  71, 179)   coste      41       41
(  72, 224)   coste      25       25
(  73, 134)   coste     103      103
(  73, 135)   coste     166      166
(  73, 152)   coste     111      111
(  73, 153)   coste      30       30
(  73, 293)   coste     219      219
(  73, 294)   coste     201      201
(  74, 134)   coste     118      118
(  74, 135)   coste     181      181
(  74, 152)   coste     126      126
(  74, 251)   coste     248      248
(  74, 293)   coste     213      213
(  74, 294)   coste     195      195
(  74, 298)   coste     285      285
(  76,  80)   coste      45       45
(  78, 235)   coste      39       39
(  79,  80)   coste      33       33
(  79, 235)   coste      36       36
(  81, 111)   coste     116      116
(  81, 112)   coste      97       97
(  81, 241)   coste      64       64
(  81, 288)   coste     111      111
(  82, 111)   coste      93       93
(  82, 112)   coste      74       74
(  82, 288)   coste      88       88
(  84,  97)   coste     172      172
(  84, 243)   coste      30       30
(  84, 253)   coste     142      142
(  85,  97)   coste     171      171
(  85, 243)   coste      25       25
(  85, 253)   coste     141      141
(  87,  92)   coste     265      265
(  87, 294)   coste     298      298
(  88,  92)   coste     299      299
(  88, 222)   coste      73       73
(  88, 294)   coste     332      332
(  88, 295)   coste      67       67
(  89, 157)   coste     102      102
(  89, 158)   coste      75       75
(  89, 159)   coste      61       61
(  89, 270)   coste      78       78
(  90, 265)   coste      38       38
(  91, 293)   coste      68       68
(  91, 294)   coste     105      105
(  92, 294)   coste      51       51
(  93, 124)   coste      23       23
(  95, 124)   coste      21       21
(  95, 196)   coste      48       48
(  96, 210)   coste      31       31
(  96, 211)   coste      31       31
(  96, 223)   coste      39       39
(  97, 123)   coste     164      164
(  97, 168)   coste     237      237
(  97, 210)   coste      45       45
(  97, 211)   coste      38       38
(  97, 241)   coste     241      241
(  97, 253)   coste      46       46
(  98, 186)   coste      53       53
(  99, 100)   coste      19       19
(  99, 186)   coste      19       19
(  99, 229)   coste      66       66
( 100, 186)   coste      13       13
( 101, 212)   coste     110      110
( 101, 214)   coste      89       89
( 101, 297)   coste      40       40
( 102, 267)   coste      53       53
( 102, 268)   coste      52       52
( 102, 297)   coste      33       33
( 103, 276)   coste      21       21
( 103, 284)   coste      31       31
( 104, 151)   coste      94       94
( 104, 220)   coste      82       82
( 104, 221)   coste     108      108
( 105, 126)   coste     145      145
( 105, 163)   coste     204      204
( 105, 279)   coste      49       49
( 106, 126)   coste     148      148
( 106, 163)   coste     207      207
( 107, 165)   coste      97       97
( 107, 167)   coste     126      126
( 107, 190)   coste      83       83
( 107, 191)   coste      95       95
( 108, 109)   coste      27       27
( 108, 247)   coste      26       26
( 110, 181)   coste      63       63
( 111, 288)   coste      28       28
( 112, 288)   coste      36       36
( 113, 277)   coste      41       41
( 114, 277)   coste      38       38
( 115, 171)   coste      72       72
( 116, 137)   coste      23       23
( 116, 172)   coste      57       57
( 117, 174)   coste      27       27
( 118, 191)   coste      49       49
( 119, 138)   coste     112      112
( 119, 154)   coste      74       74
( 120, 138)   coste      67       67
( 120, 173)   coste      50       50
( 123, 168)   coste     203      203
( 123, 211)   coste     158      158
( 123, 241)   coste     207      207
( 125, 163)   coste      75       75
( 125, 277)   coste      35       35
( 126, 163)   coste      80       80
( 126, 279)   coste     144      144
( 127, 175)   coste      30       30
( 127, 176)   coste      35       35
( 128, 175)   coste      45       45
( 129, 156)   coste     142      142
( 129, 218)   coste     129      129
( 129, 219)   coste     151      151
( 130, 192)   coste     138      138
( 130, 193)   coste     140      140
( 130, 229)   coste      42       42
( 131, 192)   coste     121      121
( 131, 193)   coste     123      123
( 132, 153)   coste      97       97
( 133, 153)   coste      81       81
( 134, 135)   coste      70       70
( 134, 152)   coste      64       64
( 134, 251)   coste     353      353
( 134, 298)   coste     390      390
( 135, 152)   coste     127      127
( 135, 181)   coste     467      467
( 135, 293)   coste     142      142
( 135, 294)   coste     115      115
( 135, 298)   coste     401      401
( 137, 171)   coste      19       19
( 137, 172)   coste      55       55
( 138, 171)   coste      45       45
( 139, 226)   coste      75       75
( 141, 159)   coste      45       45
( 141, 270)   coste      30       30
( 142, 159)   coste      48       48
( 143, 262)   coste      43       43
( 143, 281)   coste     122      122
( 146, 148)   coste      36       36
( 146, 283)   coste      57       57
( 146, 292)   coste      27       27
( 147, 250)   coste      14       14
( 148, 200)   coste      52       52
( 150, 179)   coste      66       66
( 150, 275)   coste      43       43
( 150, 289)   coste      68       68
( 151, 221)   coste     159      159
( 152, 251)   coste     361      361
( 152, 298)   coste     398      398
( 153, 251)   coste     264      264
( 153, 298)   coste     301      301
( 155, 218)   coste      28       28
( 155, 228)   coste      62       62
( 155, 274)   coste      29       29
( 156, 218)   coste      14       14
( 156, 274)   coste      26       26
( 158, 159)   coste      42       42
( 158, 270)   coste      67       67
( 161, 269)   coste     203      203
( 161, 279)   coste     281      281
( 163, 279)   coste     203      203
( 164, 198)   coste      30       30
( 165, 190)   coste      78       78
( 165, 191)   coste      90       90
( 166, 170)   coste      52       52
( 167, 190)   coste     107      107
( 167, 191)   coste     119      119
( 168, 211)   coste     231      231
( 168, 241)   coste      76       76
( 169, 198)   coste     179      179
( 169, 280)   coste      32       32
( 169, 281)   coste      76       76
( 170, 280)   coste      43       43
( 170, 281)   coste      82       82
( 171, 296)   coste      52       52
( 172, 237)   coste      19       19
( 173, 237)   coste      50       50
( 174, 247)   coste       3        3
( 175, 196)   coste      48       48
( 177, 255)   coste      72       72
( 178, 255)   coste      89       89
( 179, 289)   coste      48       48
( 180, 219)   coste      45       45
( 181, 251)   coste     227      227
( 181, 294)   coste     441      441
( 181, 298)   coste     178      178
( 182, 256)   coste      35       35
( 182, 257)   coste      28       28
( 183, 226)   coste      62       62
( 183, 263)   coste      41       41
( 187, 228)   coste      50       50
( 188, 189)   coste      32       32
( 188, 228)   coste      43       43
( 192, 259)   coste      36       36
( 192, 264)   coste      17       17
( 194, 256)   coste      53       53
( 194, 258)   coste      37       37
( 196, 204)   coste      49       49
( 197, 285)   coste      35       35
( 200, 207)   coste      68       68
( 200, 249)   coste      64       64
( 203, 261)   coste      88       88
( 204, 261)   coste      77       77
( 205, 298)   coste      25       25
( 207, 249)   coste      52       52
( 208, 209)   coste      12       12
( 211, 241)   coste     235      235
( 220, 269)   coste      19       19
( 220, 284)   coste      80       80
( 222, 295)   coste       7        7
( 226, 263)   coste      54       54
( 228, 274)   coste      73       73
( 231, 233)   coste      52       52
( 234, 248)   coste      32       32
( 238, 240)   coste     121      121
( 238, 246)   coste      30       30
( 238, 272)   coste      88       88
( 239, 240)   coste     167      167
( 239, 246)   coste      66       66
( 239, 272)   coste      92       92
( 240, 272)   coste     159      159
( 242, 286)   coste      33       33
( 242, 287)   coste      39       39
( 244, 252)   coste      58       58
( 245, 259)   coste      39       39
( 251, 286)   coste      57       57
( 257, 258)   coste      53       53
( 259, 264)   coste      29       29
( 260, 282)   coste      32       32
( 260, 283)   coste      50       50
( 261, 282)   coste      53       53
( 262, 281)   coste      89       89
( 267, 278)   coste      36       36
( 268, 278)   coste      42       42
( 269, 279)   coste     363      363
( 271, 296)   coste      26       26
( 275, 278)   coste      53       53
( 276, 284)   coste      34       34
( 287, 293)   coste      67       67
( 290, 297)   coste      46       46
