NOMBRE : UR545
COMENTARIO :  19  componentes 
VERTICES :  476
ARISTAS_REQ :  582
ARISTAS_NOREQ :  522
LISTA_ARISTAS_REQ :
(   1,   2)   coste      62       62
(   1,   3)   coste      43       43
(   4,   5)   coste      22       22
(   4,   6)   coste      47       47
(   7,   8)   coste      60       60
(   7,   9)   coste      56       56
(   7,  10)   coste      82       82
(   7,  11)   coste      58       58
(  12,  13)   coste      48       48
(  12,  14)   coste      30       30
(  12,  15)   coste      59       59
(  16,  17)   coste      46       46
(  16,  18)   coste      35       35
(  19,  20)   coste      52       52
(  19,  21)   coste      35       35
(  19,  22)   coste      45       45
(  19,  23)   coste      50       50
(  24,  25)   coste      45       45
(  24,  26)   coste      51       51
(  27,  28)   coste      24       24
(  29,  30)   coste      47       47
(  29,  31)   coste      60       60
(  29,  32)   coste      38       38
(  33,  34)   coste      32       32
(  33,  35)   coste      33       33
(  33,  36)   coste      28       28
(  33,  37)   coste      67       67
(  38,  39)   coste      54       54
(  38,  40)   coste      49       49
(  38,  41)   coste      16       16
(  42,  43)   coste      30       30
(  44,  45)   coste      66       66
(  46,  47)   coste      48       48
(  46,  48)   coste      31       31
(  46,  49)   coste      22       22
(  46,  50)   coste      22       22
(  51,  52)   coste      51       51
(  51,  53)   coste      25       25
(  51,  54)   coste      37       37
(  55,  56)   coste      59       59
(  55,  57)   coste      58       58
(  58,  59)   coste      25       25
(  58,  60)   coste      40       40
(  58,  61)   coste      62       62
(  62,  63)   coste      41       41
(  62,  64)   coste      45       45
(  62,  65)   coste      14       14
(  66,  67)   coste      35       35
(  66,  68)   coste      29       29
(  39,  69)   coste       8        8
(  39,  41)   coste      43       43
(  39,  70)   coste      38       38
(  71,  72)   coste      49       49
(  73,  74)   coste      13       13
(  73,  75)   coste      48       48
(  76,  77)   coste      41       41
(  76,  78)   coste      31       31
(  76,  79)   coste      32       32
(  80,  81)   coste      38       38
(  82,  83)   coste      53       53
(  82,  84)   coste      43       43
(  82,  85)   coste      43       43
(  86,  87)   coste      24       24
(  86,  88)   coste      38       38
(  86,  89)   coste      47       47
(  86,  90)   coste      41       41
(  59,  91)   coste      60       60
(  59,  60)   coste      32       32
(  92,  93)   coste      50       50
(  94,  95)   coste      27       27
(  94,  96)   coste      51       51
(  97,  98)   coste       1        1
(  97,  99)   coste      33       33
( 100, 101)   coste      61       61
(  43, 102)   coste      42       42
(  43, 103)   coste      19       19
( 104, 105)   coste      38       38
( 104, 106)   coste      44       44
( 104, 107)   coste      46       46
( 108, 109)   coste      39       39
(  34, 110)   coste      49       49
( 111, 112)   coste       5        5
( 111, 113)   coste      35       35
( 111, 114)   coste      44       44
( 115, 116)   coste      46       46
( 117, 118)   coste      62       62
( 117, 119)   coste      29       29
( 117, 120)   coste      42       42
( 117, 121)   coste      71       71
( 117, 122)   coste      56       56
( 123, 124)   coste      31       31
( 123, 125)   coste      39       39
( 126, 127)   coste      33       33
( 128, 129)   coste      20       20
( 128, 130)   coste      15       15
( 128, 131)   coste      34       34
( 128, 132)   coste      25       25
( 133, 134)   coste      36       36
( 133, 135)   coste      11       11
( 133, 136)   coste      58       58
( 137, 138)   coste      57       57
( 137, 139)   coste      25       25
( 140, 141)   coste      49       49
( 140, 142)   coste      81       81
( 140, 143)   coste      44       44
( 140, 144)   coste      96       96
( 145, 146)   coste      55       55
(  90, 145)   coste      36       36
( 147, 148)   coste      71       71
( 147, 149)   coste      47       47
(  56, 150)   coste      49       49
( 150, 151)   coste      23       23
( 150, 152)   coste      37       37
(  28, 153)   coste      48       48
(  28, 154)   coste      54       54
(  17, 155)   coste      17       17
( 156, 157)   coste      36       36
( 158, 159)   coste      33       33
( 158, 160)   coste       8        8
( 158, 161)   coste      42       42
( 158, 162)   coste      18       18
( 163, 164)   coste      65       65
(  40,  69)   coste      37       37
(  40, 165)   coste      51       51
(  40,  70)   coste      32       32
( 159, 160)   coste      34       34
( 159, 166)   coste      51       51
( 159, 167)   coste      33       33
( 159, 161)   coste      25       25
( 159, 168)   coste      71       71
(  56, 169)   coste      69       69
( 170, 171)   coste      40       40
( 170, 172)   coste      23       23
( 170, 173)   coste       7        7
( 170, 174)   coste      33       33
( 157, 175)   coste      30       30
( 176, 177)   coste      52       52
( 178, 179)   coste      20       20
( 180, 181)   coste      18       18
( 182, 183)   coste      22       22
( 182, 184)   coste      24       24
( 185, 186)   coste      48       48
( 157, 187)   coste      66       66
( 157, 188)   coste      36       36
( 189, 190)   coste      64       64
( 189, 191)   coste      38       38
(  47, 192)   coste      40       40
(  49, 192)   coste      37       37
( 193, 194)   coste       5        5
( 169, 195)   coste      48       48
( 119, 196)   coste      27       27
( 197, 198)   coste      64       64
(  10, 197)   coste      50       50
( 199, 200)   coste      38       38
( 199, 201)   coste      24       24
( 202, 203)   coste      32       32
( 202, 204)   coste      19       19
( 136, 202)   coste      49       49
( 205, 206)   coste      37       37
( 207, 208)   coste      26       26
( 207, 209)   coste       1        1
( 207, 210)   coste      20       20
( 211, 212)   coste      47       47
(  32, 211)   coste      48       48
( 213, 214)   coste      41       41
( 213, 215)   coste      44       44
(  91, 216)   coste      58       58
( 116, 217)   coste      38       38
( 218, 219)   coste      64       64
(  52, 218)   coste      50       50
( 218, 220)   coste      25       25
( 218, 221)   coste      23       23
( 183, 222)   coste      48       48
( 183, 223)   coste      28       28
( 183, 224)   coste      43       43
( 225, 226)   coste      28       28
( 225, 227)   coste      10       10
( 228, 229)   coste      17       17
( 228, 230)   coste      22       22
( 231, 232)   coste      33       33
( 107, 231)   coste      17       17
( 233, 234)   coste       1        1
( 233, 235)   coste      21       21
( 236, 237)   coste      18       18
( 236, 238)   coste      80       80
(  83, 124)   coste      48       48
(  83,  84)   coste      21       21
( 200, 239)   coste      31       31
( 239, 240)   coste      21       21
( 239, 241)   coste       6        6
( 239, 242)   coste      46       46
( 124, 125)   coste      55       55
( 124, 243)   coste      57       57
( 244, 245)   coste      42       42
(  95, 246)   coste      51       51
(  96, 246)   coste      31       31
( 247, 248)   coste      25       25
( 247, 249)   coste      39       39
( 247, 250)   coste      33       33
( 247, 251)   coste      47       47
( 252, 253)   coste      48       48
( 254, 255)   coste      51       51
( 254, 256)   coste      22       22
( 254, 257)   coste      24       24
( 258, 259)   coste      32       32
( 165, 260)   coste      58       58
( 165, 261)   coste      63       63
(  25, 262)   coste     110      110
( 160, 262)   coste     118      118
( 166, 262)   coste      91       91
( 262, 263)   coste      43       43
(   3, 264)   coste      67       67
( 261, 264)   coste      71       71
( 264, 265)   coste      72       72
( 266, 267)   coste      71       71
( 222, 268)   coste      46       46
( 222, 269)   coste      47       47
( 232, 270)   coste      63       63
( 155, 270)   coste      50       50
( 142, 234)   coste      55       55
( 177, 271)   coste      61       61
(  25, 272)   coste      39       39
( 272, 273)   coste      57       57
( 274, 275)   coste      78       78
( 216, 274)   coste       6        6
( 242, 274)   coste      36       36
( 130, 276)   coste      41       41
( 130, 277)   coste      46       46
( 105, 278)   coste      44       44
( 127, 279)   coste      22       22
( 279, 280)   coste      28       28
( 186, 279)   coste      32       32
( 279, 281)   coste      48       48
( 279, 282)   coste      16       16
( 109, 219)   coste      50       50
( 120, 283)   coste      39       39
( 284, 285)   coste      44       44
( 284, 286)   coste      56       56
( 284, 287)   coste       9        9
(  84, 288)   coste      62       62
(  84, 289)   coste      62       62
(  84, 243)   coste      51       51
( 290, 291)   coste       6        6
( 290, 292)   coste      51       51
( 290, 293)   coste      49       49
( 294, 295)   coste      49       49
( 294, 296)   coste      52       52
( 294, 297)   coste      31       31
(  64,  65)   coste      43       43
(  64, 191)   coste      62       62
( 275, 298)   coste      41       41
( 216, 298)   coste      53       53
( 242, 298)   coste      31       31
(  14,  45)   coste      71       71
(  60, 299)   coste      39       39
(  60, 300)   coste      40       40
( 255, 301)   coste      34       34
( 255, 257)   coste      30       30
( 107, 232)   coste      49       49
( 302, 303)   coste      11       11
( 151, 152)   coste      15       15
( 198, 304)   coste      25       25
(  65, 305)   coste      56       56
(  65,  78)   coste      33       33
( 135, 306)   coste      26       26
( 113, 306)   coste      49       49
(  22, 307)   coste      47       47
( 285, 308)   coste      32       32
( 285, 287)   coste      36       36
( 285, 309)   coste      31       31
( 203, 310)   coste      25       25
( 203, 204)   coste      24       24
( 203, 311)   coste      29       29
( 131, 312)   coste      26       26
( 313, 314)   coste      77       77
(  54, 313)   coste      60       60
( 144, 313)   coste      52       52
( 310, 315)   coste      49       49
( 214, 316)   coste      53       53
( 316, 317)   coste      53       53
( 318, 319)   coste      25       25
( 318, 320)   coste      35       35
(   8, 321)   coste      37       37
(   8,  11)   coste      11       11
(  57, 322)   coste      46       46
( 118, 119)   coste      46       46
( 118, 323)   coste      55       55
(  79, 291)   coste      40       40
( 291, 324)   coste      54       54
( 303, 325)   coste      40       40
( 110, 326)   coste      16       16
( 326, 327)   coste      57       57
( 328, 329)   coste      51       51
( 328, 330)   coste      31       31
( 190, 328)   coste      28       28
( 328, 331)   coste      21       21
(  77, 305)   coste      61       61
(  77,  78)   coste      31       31
(  77,  79)   coste      39       39
( 332, 333)   coste      30       30
(  88, 332)   coste      25       25
(  89, 332)   coste      41       41
( 334, 335)   coste      16       16
( 334, 336)   coste      16       16
(  20, 269)   coste      32       32
(  61, 337)   coste      30       30
( 338, 339)   coste      48       48
(   5, 338)   coste      51       51
( 110, 187)   coste      57       57
(  35, 110)   coste      38       38
( 308, 340)   coste      30       30
( 308, 341)   coste      27       27
( 287, 308)   coste      17       17
( 275, 342)   coste      62       62
( 343, 344)   coste      77       77
(  99, 345)   coste      44       44
( 345, 346)   coste      50       50
( 301, 347)   coste      75       75
( 348, 349)   coste      45       45
( 350, 351)   coste      61       61
( 208, 296)   coste      57       57
( 208, 352)   coste      16       16
( 208, 210)   coste       7        7
( 351, 353)   coste      25       25
( 353, 354)   coste      44       44
( 248, 355)   coste      41       41
( 248, 250)   coste      43       43
(  87, 146)   coste      43       43
( 206, 356)   coste      18       18
( 356, 357)   coste      17       17
( 356, 358)   coste      24       24
( 190, 359)   coste      52       52
( 359, 360)   coste      63       63
( 191, 359)   coste      53       53
(  95, 361)   coste      52       52
( 259, 362)   coste       9        9
( 259, 363)   coste      21       21
( 220, 314)   coste      37       37
(  54, 314)   coste      48       48
( 364, 365)   coste      34       34
( 366, 367)   coste      54       54
( 327, 366)   coste      11       11
(  67,  68)   coste      47       47
( 181, 368)   coste      74       74
( 181, 369)   coste      42       42
( 278, 370)   coste      35       35
( 371, 372)   coste      19       19
( 194, 371)   coste      24       24
( 371, 373)   coste      25       25
( 371, 374)   coste      20       20
( 375, 376)   coste      81       81
( 281, 375)   coste      56       56
( 375, 377)   coste      48       48
( 373, 378)   coste      24       24
(  89, 378)   coste      46       46
( 378, 379)   coste      27       27
( 223, 380)   coste      41       41
(  25, 381)   coste      70       70
( 162, 381)   coste      21       21
( 340, 341)   coste      33       33
( 179, 245)   coste      24       24
(  57, 382)   coste      48       48
( 383, 384)   coste      48       48
( 368, 383)   coste      24       24
( 164, 383)   coste      29       29
( 385, 386)   coste      34       34
( 344, 387)   coste      51       51
( 297, 344)   coste      58       58
( 344, 388)   coste      67       67
( 102, 292)   coste      44       44
( 292, 293)   coste      10       10
( 386, 389)   coste      65       65
( 386, 390)   coste      92       92
( 386, 391)   coste      94       94
( 226, 227)   coste      35       35
( 102, 226)   coste      41       41
( 226, 319)   coste       9        9
(   2, 256)   coste      44       44
(   2,  48)   coste      51       51
(   2, 257)   coste      52       52
(   2,  50)   coste      36       36
( 392, 393)   coste      10       10
( 370, 392)   coste      16       16
(  21, 394)   coste      16       16
( 395, 396)   coste      29       29
( 148, 395)   coste      74       74
( 335, 336)   coste      31       31
(  30, 397)   coste      42       42
(  30, 361)   coste      39       39
(  30,  32)   coste      83       83
( 195, 398)   coste      47       47
( 376, 399)   coste      48       48
( 399, 400)   coste      69       69
(  15, 399)   coste      56       56
( 184, 268)   coste      51       51
( 401, 402)   coste      15       15
( 401, 403)   coste      75       75
( 144, 401)   coste      71       71
( 229, 230)   coste      37       37
( 229, 404)   coste      13       13
(  22,  23)   coste      19       19
(  22, 405)   coste      42       42
(  22, 406)   coste      15       15
( 127, 186)   coste      13       13
( 127, 407)   coste      48       48
(  25,  26)   coste      68       68
(  25, 263)   coste      71       71
(  41, 379)   coste      44       44
( 295, 297)   coste      22       22
( 295, 388)   coste      57       57
( 330, 408)   coste      36       36
( 190, 408)   coste      21       21
( 409, 410)   coste      14       14
( 409, 411)   coste      34       34
( 323, 409)   coste      46       46
( 372, 374)   coste      23       23
( 200, 241)   coste      33       33
( 119, 122)   coste      45       45
( 238, 240)   coste      57       57
(  88, 412)   coste      18       18
( 393, 413)   coste      29       29
( 393, 414)   coste      38       38
(   3, 139)   coste      44       44
(   3, 415)   coste       8        8
( 416, 417)   coste      36       36
( 224, 416)   coste      24       24
( 418, 419)   coste      50       50
( 223, 418)   coste      27       27
( 420, 421)   coste      70       70
( 177, 367)   coste      63       63
( 177, 422)   coste      51       51
( 400, 423)   coste      26       26
(  74, 424)   coste      57       57
( 424, 425)   coste      14       14
( 160, 166)   coste      32       32
( 160, 161)   coste      37       37
( 160, 162)   coste      25       25
(  68, 426)   coste      47       47
( 410, 427)   coste      43       43
( 227, 319)   coste      27       27
( 227, 273)   coste      39       39
(  23, 405)   coste      33       33
(  23, 406)   coste      31       31
(  52, 220)   coste      47       47
(  52, 428)   coste      24       24
(  52, 429)   coste      57       57
(  15, 376)   coste      55       55
( 376, 377)   coste      52       52
( 390, 391)   coste      11       11
( 299, 300)   coste      10       10
( 139, 299)   coste      46       46
(  48, 299)   coste      35       35
( 417, 419)   coste      17       17
( 224, 417)   coste      43       43
( 411, 430)   coste      16       16
( 112, 431)   coste       3        3
( 112, 113)   coste      31       31
( 432, 433)   coste      27       27
( 432, 434)   coste      16       16
( 346, 432)   coste       9        9
(  18, 435)   coste      37       37
( 125, 269)   coste      45       45
( 186, 280)   coste      33       33
( 280, 282)   coste      17       17
(  50, 300)   coste      46       46
(  74, 186)   coste      47       47
( 172, 173)   coste      19       19
( 194, 374)   coste       9        9
( 361, 397)   coste       4        4
( 281, 282)   coste      47       47
(  78, 436)   coste      28       28
( 373, 379)   coste      11       11
( 277, 351)   coste     101      101
( 206, 357)   coste      18       18
( 206, 437)   coste       9        9
( 357, 437)   coste      17       17
( 398, 438)   coste      71       71
( 311, 439)   coste      68       68
( 256, 257)   coste      44       44
( 440, 441)   coste       8        8
(  99, 442)   coste      49       49
(  99, 253)   coste      25       25
( 261, 443)   coste      23       23
(  53, 428)   coste      29       29
( 220, 221)   coste       3        3
(  10, 174)   coste      50       50
( 444, 445)   coste      21       21
( 444, 446)   coste      47       47
( 309, 447)   coste      12       12
( 327, 426)   coste      37       37
( 107, 448)   coste      52       52
( 152, 448)   coste      47       47
( 237, 449)   coste      35       35
( 148, 237)   coste      27       27
( 249, 450)   coste      41       41
(  26, 451)   coste      31       31
(  26, 273)   coste      50       50
( 452, 453)   coste      31       31
( 384, 454)   coste      56       56
(  61, 407)   coste      62       62
( 309, 341)   coste      33       33
( 201, 217)   coste      40       40
( 201, 242)   coste      51       51
( 329, 355)   coste      51       51
(  93, 317)   coste      17       17
(  47, 311)   coste      38       38
( 309, 323)   coste      37       37
( 122, 323)   coste      48       48
( 139, 415)   coste      45       45
( 358, 398)   coste      61       61
( 257, 301)   coste      55       55
(  85, 455)   coste      33       33
(  81, 456)   coste      21       21
(  81, 414)   coste      45       45
(  96, 352)   coste      60       60
( 453, 457)   coste      51       51
( 167, 168)   coste      83       83
( 132, 458)   coste      13       13
( 267, 458)   coste      31       31
( 405, 451)   coste      49       49
(  74, 425)   coste      56       56
( 459, 460)   coste      89       89
( 121, 459)   coste      54       54
( 461, 462)   coste      26       26
( 461, 463)   coste      73       73
( 325, 464)   coste      19       19
(  31, 361)   coste      37       37
(  31, 304)   coste      64       64
( 309, 427)   coste      20       20
( 342, 421)   coste      38       38
( 109, 465)   coste      62       62
( 109, 466)   coste      39       39
( 456, 467)   coste      78       78
( 404, 456)   coste      54       54
( 273, 462)   coste      36       36
( 450, 468)   coste      53       53
( 251, 450)   coste      31       31
(  79, 324)   coste      45       45
( 238, 469)   coste      37       37
( 238, 449)   coste      35       35
( 238, 468)   coste      53       53
( 142, 235)   coste      43       43
(  54, 428)   coste      52       52
( 215, 464)   coste      24       24
(  48,  49)   coste      39       39
( 190, 330)   coste      27       27
( 330, 331)   coste      50       50
( 355, 470)   coste      45       45
( 250, 355)   coste      43       43
(  37, 471)   coste      83       83
(  49,  50)   coste      41       41
( 120, 430)   coste      54       54
( 191, 360)   coste      33       33
( 472, 473)   coste      30       30
( 468, 469)   coste      36       36
( 370, 414)   coste      42       42
( 269, 406)   coste      42       42
( 406, 473)   coste      50       50
( 324, 470)   coste      40       40
( 470, 474)   coste      56       56
( 293, 470)   coste      43       43
(  57, 430)   coste      36       36
( 346, 433)   coste      29       29
(  72, 391)   coste      59       59
(   6, 339)   coste      20       20
( 223, 419)   coste      48       48
( 164, 368)   coste      49       49
( 436, 474)   coste      52       52
( 449, 468)   coste      50       50
( 103, 475)   coste      39       39
( 403, 460)   coste      96       96
( 428, 429)   coste      36       36
( 396, 455)   coste      57       57
(  75, 425)   coste      23       23
( 243, 475)   coste      40       40
( 148, 149)   coste      73       73
( 121, 460)   coste      57       57
(  90, 412)   coste      49       49
( 358, 437)   coste      45       45
( 136, 369)   coste      51       51
( 143, 476)   coste      81       81
(  15, 377)   coste      61       61
LISTA_ARISTAS_NOREQ :
(   1, 265)   coste      28       28
(   1, 301)   coste      66       66
(   1, 415)   coste      38       38
(   2, 254)   coste      48       48
(   3, 137)   coste      50       50
(   3, 265)   coste      49       49
(   4, 338)   coste      59       59
(   5,   6)   coste      29       29
(   5, 339)   coste      30       30
(   6, 338)   coste      29       29
(   8,   9)   coste       9        9
(   8, 211)   coste      96       96
(   8, 212)   coste     111      111
(   9,  10)   coste      66       66
(   9,  11)   coste      19       19
(   9, 211)   coste     102      102
(   9, 212)   coste     117      117
(   9, 321)   coste      38       38
(  10, 172)   coste      54       54
(  11, 211)   coste      98       98
(  11, 212)   coste     113      113
(  11, 321)   coste      45       45
(  12,  44)   coste      44       44
(  12,  45)   coste      43       43
(  13,  14)   coste      19       19
(  13, 153)   coste      22       22
(  13, 154)   coste      34       34
(  13, 399)   coste      65       65
(  14,  44)   coste      35       35
(  14, 153)   coste      39       39
(  15, 375)   coste      49       49
(  16, 106)   coste      48       48
(  16, 107)   coste      55       55
(  17,  73)   coste      84       84
(  17, 441)   coste      57       57
(  18, 106)   coste      28       28
(  18, 107)   coste      49       49
(  19, 405)   coste      31       31
(  20, 123)   coste      52       52
(  20, 125)   coste      18       18
(  21, 103)   coste      41       41
(  23, 307)   coste      33       33
(  23, 451)   coste      71       71
(  23, 472)   coste      46       46
(  24, 272)   coste      69       69
(  24, 451)   coste      37       37
(  26, 405)   coste      58       58
(  27,  44)   coste      41       41
(  27,  67)   coste       9        9
(  27,  68)   coste      52       52
(  28,  44)   coste      46       46
(  28,  67)   coste      31       31
(  29, 211)   coste      44       44
(  29, 212)   coste      70       70
(  30,  31)   coste      51       51
(  30,  37)   coste     117      117
(  30, 367)   coste     146      146
(  31, 397)   coste      35       35
(  32, 212)   coste      41       41
(  33, 471)   coste      20       20
(  34,  35)   coste      15       15
(  34,  36)   coste      12       12
(  34, 471)   coste      35       35
(  35,  36)   coste      25       25
(  35, 326)   coste      47       47
(  35, 471)   coste      43       43
(  36, 471)   coste      24       24
(  37,  95)   coste      99       99
(  37, 367)   coste      61       61
(  38,  69)   coste      53       53
(  39,  40)   coste      30       30
(  39, 233)   coste      36       36
(  40,  41)   coste      48       48
(  40, 261)   coste      93       93
(  40, 443)   coste     101      101
(  41,  69)   coste      41       41
(  42, 103)   coste      23       23
(  42, 394)   coste      44       44
(  42, 475)   coste      30       30
(  43, 320)   coste      38       38
(  43, 475)   coste      27       27
(  44,  66)   coste      44       44
(  44,  67)   coste      36       36
(  45, 100)   coste      52       52
(  46, 192)   coste      20       20
(  47,  49)   coste      46       46
(  48,  50)   coste      21       21
(  48, 300)   coste      26       26
(  49, 439)   coste      52       52
(  50, 192)   coste      33       33
(  51, 428)   coste      38       38
(  52,  53)   coste      51       51
(  52,  54)   coste      47       47
(  52, 221)   coste      48       48
(  52, 314)   coste      26       26
(  53, 429)   coste      37       37
(  55, 286)   coste      55       55
(  55, 322)   coste      46       46
(  55, 382)   coste      37       37
(  56, 444)   coste      49       49
(  56, 445)   coste      36       36
(  57, 446)   coste      37       37
(  58,  91)   coste      47       47
(  58, 337)   coste      47       47
(  58, 439)   coste      69       69
(  59, 439)   coste      48       48
(  62, 305)   coste      45       45
(  63,  65)   coste      29       29
(  63,  77)   coste      28       28
(  63,  78)   coste       5        5
(  63, 305)   coste      73       73
(  64, 360)   coste      60       60
(  65,  77)   coste      42       42
(  66, 100)   coste      62       62
(  69,  70)   coste      45       45
(  69, 233)   coste      35       35
(  69, 371)   coste      77       77
(  69, 373)   coste      76       76
(  69, 379)   coste      68       68
(  70, 228)   coste     172      172
(  70, 229)   coste     164      164
(  70, 235)   coste      38       38
(  70, 336)   coste     216      216
(  70, 435)   coste     208      208
(  71, 386)   coste      46       46
(  71, 390)   coste      53       53
(  71, 391)   coste      59       59
(  72, 386)   coste      48       48
(  72, 390)   coste      62       62
(  73, 126)   coste      30       30
(  73, 155)   coste      69       69
(  73, 280)   coste      42       42
(  73, 441)   coste     100      100
(  74,  75)   coste      36       36
(  74, 126)   coste      34       34
(  75, 185)   coste      33       33
(  75, 407)   coste      54       54
(  75, 424)   coste      30       30
(  76, 324)   coste      20       20
(  76, 436)   coste      12       12
(  80, 120)   coste     105      105
(  80, 283)   coste      93       93
(  80, 414)   coste      54       54
(  80, 456)   coste      50       50
(  81, 413)   coste      37       37
(  82, 215)   coste      47       47
(  82, 288)   coste      22       22
(  83, 243)   coste      52       52
(  85, 288)   coste      22       22
(  85, 396)   coste      71       71
(  85, 464)   coste      65       65
(  86, 146)   coste      59       59
(  86, 332)   coste      26       26
(  86, 412)   coste      22       22
(  87,  90)   coste      25       25
(  87, 145)   coste      46       46
(  87, 412)   coste      42       42
(  88, 333)   coste      13       13
(  89, 372)   coste      48       48
(  91, 274)   coste      54       54
(  91, 337)   coste      34       34
(  92, 156)   coste      25       25
(  92, 327)   coste      41       41
(  92, 426)   coste      48       48
(  93, 157)   coste      51       51
(  93, 188)   coste      26       26
(  94, 246)   coste      50       50
(  94, 422)   coste      35       35
(  95, 367)   coste     128      128
(  95, 422)   coste      50       50
(  96, 198)   coste     116      116
(  96, 304)   coste      93       93
(  97, 253)   coste      32       32
(  98,  99)   coste      33       33
(  98, 252)   coste      19       19
(  98, 442)   coste      34       34
(  99, 252)   coste      36       36
( 100, 325)   coste      89       89
( 101, 325)   coste      31       31
( 102, 318)   coste      33       33
( 102, 320)   coste      29       29
( 103, 320)   coste      29       29
( 103, 394)   coste      31       31
( 104, 278)   coste      54       54
( 105, 151)   coste      44       44
( 105, 152)   coste      31       31
( 106, 107)   coste      23       23
( 108, 465)   coste      31       31
( 108, 466)   coste      48       48
( 110, 175)   coste      40       40
( 112, 114)   coste      48       48
( 113, 347)   coste      68       68
( 113, 431)   coste      32       32
( 114, 431)   coste      48       48
( 115, 359)   coste      78       78
( 115, 442)   coste      78       78
( 116, 199)   coste      60       60
( 116, 201)   coste      55       55
( 116, 454)   coste      72       72
( 117, 196)   coste      36       36
( 117, 459)   coste      47       47
( 118, 122)   coste      10       10
( 120, 411)   coste      43       43
( 120, 414)   coste     100      100
( 121, 196)   coste      64       64
( 123, 222)   coste      37       37
( 123, 269)   coste      82       82
( 126, 186)   coste      26       26
( 126, 280)   coste      15       15
( 126, 282)   coste      30       30
( 127, 282)   coste      32       32
( 128, 267)   coste      38       38
( 129, 130)   coste      16       16
( 129, 131)   coste      48       48
( 129, 132)   coste      27       27
( 129, 267)   coste      52       52
( 129, 277)   coste      45       45
( 129, 350)   coste      53       53
( 129, 458)   coste      39       39
( 130, 131)   coste      33       33
( 130, 132)   coste      36       36
( 130, 312)   coste      51       51
( 132, 267)   coste      30       30
( 132, 350)   coste      57       57
( 133, 306)   coste      26       26
( 133, 315)   coste      20       20
( 134, 136)   coste      26       26
( 134, 202)   coste      30       30
( 134, 310)   coste      42       42
( 135, 315)   coste      11       11
( 137, 415)   coste      55       55
( 138, 264)   coste      32       32
( 138, 452)   coste      47       47
( 138, 457)   coste      59       59
( 140, 467)   coste      26       26
( 141, 143)   coste      11       11
( 141, 467)   coste      24       24
( 141, 476)   coste      82       82
( 142, 228)   coste     169      169
( 142, 229)   coste     161      161
( 142, 334)   coste     227      227
( 142, 336)   coste     213      213
( 142, 435)   coste     205      205
( 143, 467)   coste      23       23
( 144, 402)   coste      66       66
( 146, 378)   coste      61       61
( 147, 279)   coste      71       71
( 147, 281)   coste      62       62
( 148, 236)   coste      15       15
( 149, 395)   coste      13       13
( 150, 444)   coste      26       26
( 150, 445)   coste      14       14
( 151, 444)   coste      45       45
( 153, 154)   coste      13       13
( 155, 441)   coste      45       45
( 156, 188)   coste       2        2
( 158, 167)   coste      30       30
( 158, 381)   coste      31       31
( 159, 463)   coste      52       52
( 160, 381)   coste      33       33
( 161, 166)   coste      34       34
( 162, 167)   coste      27       27
( 163, 181)   coste      37       37
( 163, 369)   coste      64       64
( 163, 421)   coste      70       70
( 164, 384)   coste      24       24
( 165, 443)   coste      76       76
( 165, 452)   coste      53       53
( 165, 453)   coste      49       49
( 166, 263)   coste      91       91
( 167, 461)   coste      32       32
( 167, 463)   coste      56       56
( 168, 305)   coste      77       77
( 168, 463)   coste      29       29
( 169, 286)   coste      62       62
( 169, 438)   coste      17       17
( 170, 344)   coste      34       34
( 171, 173)   coste      46       46
( 171, 174)   coste      44       44
( 171, 344)   coste      27       27
( 172, 174)   coste      38       38
( 172, 197)   coste       6        6
( 173, 174)   coste      38       38
( 173, 344)   coste      37       37
( 174, 197)   coste      42       42
( 175, 187)   coste      46       46
( 175, 326)   coste      39       39
( 176, 366)   coste      50       50
( 176, 367)   coste      40       40
( 176, 426)   coste      42       42
( 178, 245)   coste       6        6
( 178, 266)   coste      32       32
( 179, 244)   coste      58       58
( 179, 266)   coste      30       30
( 179, 368)   coste      54       54
( 179, 383)   coste      65       65
( 180, 312)   coste      62       62
( 180, 368)   coste      71       71
( 180, 369)   coste      46       46
( 182, 223)   coste       7        7
( 182, 419)   coste      48       48
( 183, 184)   coste       6        6
( 184, 214)   coste      59       59
( 184, 223)   coste      29       29
( 185, 407)   coste      23       23
( 185, 425)   coste      40       40
( 186, 407)   coste      45       45
( 187, 326)   coste      68       68
( 188, 317)   coste      42       42
( 189, 359)   coste      52       52
( 189, 360)   coste      15       15
( 192, 256)   coste      31       31
( 192, 315)   coste     104      104
( 193, 371)   coste      27       27
( 193, 372)   coste      31       31
( 193, 374)   coste       9        9
( 194, 372)   coste      31       31
( 195, 358)   coste      35       35
( 195, 423)   coste      80       80
( 195, 438)   coste      38       38
( 196, 459)   coste      15       15
( 198, 246)   coste     105      105
( 198, 294)   coste      53       53
( 199, 217)   coste      59       59
( 199, 239)   coste      54       54
( 199, 240)   coste      56       56
( 200, 240)   coste      21       21
( 202, 310)   coste      23       23
( 204, 310)   coste      32       32
( 204, 421)   coste      57       57
( 205, 207)   coste      30       30
( 205, 209)   coste      30       30
( 205, 271)   coste      46       46
( 205, 348)   coste      30       30
( 205, 349)   coste      22       22
( 206, 271)   coste      46       46
( 206, 349)   coste      43       43
( 206, 358)   coste      41       41
( 207, 348)   coste       9        9
( 208, 209)   coste      26       26
( 208, 348)   coste      19       19
( 210, 348)   coste      16       16
( 210, 352)   coste      22       22
( 211, 321)   coste      77       77
( 212, 321)   coste      92       92
( 213, 302)   coste      34       34
( 213, 303)   coste      33       33
( 213, 316)   coste      45       45
( 214, 268)   coste      35       35
( 215, 288)   coste      57       57
( 215, 303)   coste      36       36
( 216, 242)   coste      36       36
( 217, 342)   coste      77       77
( 217, 420)   coste      57       57
( 217, 454)   coste      77       77
( 218, 314)   coste      28       28
( 219, 466)   coste      20       20
( 221, 314)   coste      36       36
( 224, 473)   coste      76       76
( 225, 273)   coste      39       39
( 225, 318)   coste      24       24
( 225, 319)   coste      22       22
( 225, 461)   coste      39       39
( 225, 462)   coste      28       28
( 226, 318)   coste      22       22
( 227, 461)   coste      30       30
( 227, 462)   coste      19       19
( 228, 235)   coste     167      167
( 228, 334)   coste     182      182
( 228, 336)   coste     168      168
( 228, 404)   coste       5        5
( 228, 435)   coste     160      160
( 228, 456)   coste      53       53
( 229, 235)   coste     159      159
( 229, 334)   coste     174      174
( 229, 336)   coste     160      160
( 229, 435)   coste     152      152
( 230, 278)   coste      62       62
( 230, 370)   coste      87       87
( 230, 393)   coste      84       84
( 230, 456)   coste      53       53
( 231, 448)   coste      46       46
( 232, 423)   coste      81       81
( 232, 448)   coste      37       37
( 234, 235)   coste      21       21
( 235, 334)   coste     225      225
( 235, 336)   coste     211      211
( 235, 435)   coste     203      203
( 237, 238)   coste      65       65
( 240, 241)   coste      18       18
( 244, 434)   coste      58       58
( 246, 304)   coste      82       82
( 246, 361)   coste      36       36
( 246, 397)   coste      33       33
( 248, 249)   coste      49       49
( 249, 251)   coste      11       11
( 250, 293)   coste      37       37
( 250, 470)   coste      25       25
( 251, 289)   coste      22       22
( 252, 442)   coste      16       16
( 254, 315)   coste      91       91
( 255, 347)   coste      54       54
( 256, 315)   coste      88       88
( 257, 347)   coste      76       76
( 258, 362)   coste      24       24
( 258, 363)   coste      39       39
( 258, 443)   coste      85       85
( 259, 389)   coste      38       38
( 260, 452)   coste      41       41
( 260, 453)   coste      11       11
( 260, 457)   coste      48       48
( 263, 272)   coste      94       94
( 264, 452)   coste      35       35
( 265, 415)   coste      48       48
( 270, 376)   coste      45       45
( 270, 400)   coste      71       71
( 270, 440)   coste       9        9
( 270, 441)   coste      13       13
( 271, 349)   coste      27       27
( 271, 422)   coste      40       40
( 272, 381)   coste      37       37
( 274, 298)   coste      50       50
( 276, 277)   coste      30       30
( 276, 312)   coste      43       43
( 276, 365)   coste      19       19
( 277, 354)   coste     118      118
( 277, 365)   coste      41       41
( 278, 393)   coste      36       36
( 281, 377)   coste      53       53
( 283, 411)   coste      19       19
( 283, 414)   coste      88       88
( 283, 430)   coste      17       17
( 283, 446)   coste      55       55
( 284, 308)   coste      25       25
( 284, 340)   coste      36       36
( 285, 322)   coste      42       42
( 285, 323)   coste      43       43
( 285, 382)   coste      44       44
( 285, 427)   coste      24       24
( 285, 447)   coste      25       25
( 286, 438)   coste      68       68
( 287, 340)   coste      36       36
( 288, 455)   coste      49       49
( 289, 450)   coste      27       27
( 294, 304)   coste      66       66
( 295, 387)   coste      34       34
( 296, 352)   coste      50       50
( 297, 387)   coste      48       48
( 302, 316)   coste      30       30
( 302, 464)   coste      41       41
( 303, 464)   coste      31       31
( 306, 431)   coste      36       36
( 307, 472)   coste      28       28
( 308, 447)   coste      26       26
( 310, 311)   coste      38       38
( 312, 365)   coste      49       49
( 313, 465)   coste      61       61
( 320, 394)   coste      30       30
( 322, 382)   coste      10       10
( 323, 410)   coste      35       35
( 323, 427)   coste      22       22
( 324, 436)   coste      19       19
( 324, 474)   coste      48       48
( 328, 408)   coste      14       14
( 329, 330)   coste      25       25
( 331, 408)   coste      30       30
( 331, 469)   coste      64       64
( 332, 412)   coste      24       24
( 333, 412)   coste      11       11
( 334, 435)   coste      41       41
( 334, 457)   coste      39       39
( 335, 435)   coste      53       53
( 335, 457)   coste      44       44
( 336, 435)   coste      27       27
( 336, 457)   coste      48       48
( 338, 364)   coste     174      174
( 338, 365)   coste     197      197
( 341, 447)   coste      25       25
( 342, 420)   coste      51       51
( 343, 388)   coste      19       19
( 345, 433)   coste      42       42
( 348, 352)   coste      28       28
( 350, 353)   coste      38       38
( 350, 458)   coste      56       56
( 351, 354)   coste      20       20
( 355, 474)   coste      37       37
( 356, 437)   coste      25       25
( 357, 358)   coste      29       29
( 362, 363)   coste      20       20
( 363, 385)   coste      36       36
( 363, 386)   coste      51       51
( 363, 389)   coste      52       52
( 366, 426)   coste      38       38
( 370, 393)   coste       8        8
( 371, 379)   coste      30       30
( 372, 373)   coste      31       31
( 372, 378)   coste      47       47
( 376, 440)   coste      37       37
( 376, 441)   coste      39       39
( 380, 418)   coste      30       30
( 380, 419)   coste      26       26
( 387, 388)   coste      26       26
( 392, 413)   coste      20       20
( 392, 414)   coste      29       29
( 398, 400)   coste      48       48
( 398, 423)   coste      36       36
( 401, 476)   coste      67       67
( 402, 403)   coste      71       71
( 402, 476)   coste      60       60
( 403, 476)   coste      19       19
( 406, 472)   coste      46       46
( 409, 430)   coste      47       47
( 410, 411)   coste      44       44
( 413, 414)   coste      20       20
( 416, 473)   coste      60       60
( 420, 454)   coste      36       36
( 427, 447)   coste      26       26
( 430, 446)   coste      50       50
( 433, 434)   coste      33       33
( 449, 469)   coste      58       58
( 460, 476)   coste      96       96
( 465, 466)   coste      49       49
