NOMBRE : UR542
COMENTARIO :  85  componentes 
VERTICES :  343
ARISTAS_REQ :  268
ARISTAS_NOREQ :  594
LISTA_ARISTAS_REQ :
(   1,   2)   coste      42       42
(   1,   3)   coste      46       46
(   4,   5)   coste      49       49
(   4,   6)   coste      41       41
(   7,   8)   coste      52       52
(   7,   9)   coste      35       35
(  10,  11)   coste      41       41
(  10,  12)   coste      45       45
(  13,  14)   coste      37       37
(  13,  15)   coste      59       59
(  13,  16)   coste      15       15
(  17,  18)   coste      80       80
(  17,  19)   coste      82       82
(  20,  21)   coste      42       42
(  22,  23)   coste      23       23
(  22,  24)   coste      39       39
(  25,  26)   coste      64       64
(  25,  27)   coste      50       50
(  28,  29)   coste      58       58
(  28,  30)   coste      53       53
(  28,  31)   coste      57       57
(  32,  33)   coste      49       49
(  33,  34)   coste      55       55
(  35,  36)   coste      36       36
(  37,  38)   coste      55       55
(  37,  39)   coste      27       27
(  40,  41)   coste      37       37
(  40,  42)   coste      37       37
(  43,  44)   coste      60       60
(  45,  46)   coste      42       42
(  16,  47)   coste      56       56
(  48,  49)   coste      59       59
(  50,  51)   coste      50       50
(  52,  53)   coste      43       43
(  54,  55)   coste      37       37
(  56,  57)   coste      61       61
(  56,  58)   coste      30       30
(  59,  60)   coste      41       41
(  61,  62)   coste      63       63
(  61,  63)   coste      47       47
(  41,  64)   coste      40       40
(  65,  66)   coste      64       64
(  67,  68)   coste      69       69
(  69,  70)   coste      38       38
(  69,  71)   coste      25       25
(  72,  73)   coste      37       37
(  72,  74)   coste      48       48
(  72,  75)   coste      31       31
(  76,  77)   coste      26       26
(  78,  79)   coste      33       33
(  80,  81)   coste      18       18
(  80,  82)   coste      34       34
(  83,  84)   coste       6        6
(   2,  85)   coste      13       13
(  86,  87)   coste      22       22
(  86,  88)   coste      31       31
(  89,  90)   coste      35       35
(  91,  92)   coste      54       54
(  93,  94)   coste      17       17
(  66,  95)   coste      34       34
(  95,  96)   coste      36       36
(  97,  98)   coste      33       33
(  97,  99)   coste       9        9
( 100, 101)   coste      51       51
( 100, 102)   coste      34       34
( 103, 104)   coste      13       13
( 105, 106)   coste      44       44
( 105, 107)   coste      66       66
(  94, 108)   coste      50       50
( 109, 110)   coste      18       18
(   5, 111)   coste      42       42
(   5, 112)   coste       8        8
( 113, 114)   coste      11       11
( 115, 116)   coste      41       41
( 117, 118)   coste      45       45
( 119, 120)   coste      34       34
( 121, 122)   coste      43       43
( 123, 124)   coste      36       36
( 123, 125)   coste      36       36
( 126, 127)   coste      59       59
( 126, 128)   coste      50       50
(  26, 129)   coste      55       55
( 130, 131)   coste      21       21
( 130, 132)   coste      32       32
(  16, 130)   coste      32       32
( 133, 134)   coste      23       23
(  92, 135)   coste      67       67
( 136, 137)   coste      31       31
(  57, 138)   coste      59       59
(  53, 139)   coste      26       26
( 139, 140)   coste      30       30
( 141, 142)   coste      78       78
( 143, 144)   coste      36       36
(  27, 145)   coste      43       43
( 146, 147)   coste      12       12
( 148, 149)   coste      28       28
( 148, 150)   coste      46       46
( 151, 152)   coste      56       56
( 153, 154)   coste      94       94
( 153, 155)   coste      61       61
( 156, 157)   coste      10       10
( 158, 159)   coste      47       47
(  30, 160)   coste      52       52
( 161, 162)   coste      35       35
( 108, 163)   coste      42       42
( 164, 165)   coste      44       44
(  12, 166)   coste      42       42
( 167, 168)   coste      24       24
( 169, 170)   coste      44       44
(  79, 171)   coste      19       19
(  79, 172)   coste      16       16
(  70, 173)   coste      35       35
(   8,  70)   coste      48       48
(  14, 101)   coste      48       48
( 174, 175)   coste      51       51
( 174, 176)   coste      16       16
(  38, 177)   coste      49       49
(  36, 178)   coste      54       54
( 179, 180)   coste      69       69
( 179, 181)   coste      33       33
( 182, 183)   coste      20       20
( 184, 185)   coste      47       47
(  99, 186)   coste      41       41
( 187, 188)   coste      12       12
( 189, 190)   coste      52       52
( 191, 192)   coste      59       59
( 191, 193)   coste      95       95
( 194, 195)   coste      50       50
( 196, 197)   coste      43       43
( 198, 199)   coste      31       31
(   6, 200)   coste       8        8
( 201, 202)   coste      50       50
( 203, 204)   coste      34       34
(  21, 203)   coste      30       30
( 205, 206)   coste      42       42
(  44, 207)   coste      45       45
( 134, 207)   coste      21       21
( 107, 208)   coste      33       33
( 209, 210)   coste      62       62
( 211, 212)   coste      57       57
( 213, 214)   coste      61       61
( 197, 213)   coste      41       41
( 124, 215)   coste      58       58
( 215, 216)   coste       5        5
( 215, 217)   coste      11       11
( 152, 193)   coste      88       88
(  49, 154)   coste      85       85
( 218, 219)   coste      40       40
( 220, 221)   coste      34       34
( 220, 222)   coste      44       44
( 223, 224)   coste      26       26
( 225, 226)   coste      89       89
( 225, 227)   coste      67       67
( 228, 229)   coste      33       33
( 221, 230)   coste      13       13
( 231, 232)   coste      22       22
( 233, 234)   coste      17       17
(  53, 233)   coste      11       11
( 235, 236)   coste      52       52
( 236, 237)   coste      64       64
( 238, 239)   coste      25       25
( 240, 241)   coste      20       20
( 204, 242)   coste      69       69
( 242, 243)   coste      40       40
(  21, 242)   coste      51       51
( 242, 244)   coste      27       27
(  42, 245)   coste      44       44
( 180, 246)   coste      63       63
(  55, 247)   coste      30       30
(  55, 172)   coste      48       48
( 248, 249)   coste      19       19
( 250, 251)   coste      26       26
( 250, 252)   coste      31       31
( 175, 253)   coste      31       31
( 120, 124)   coste      41       41
( 254, 255)   coste      44       44
( 256, 257)   coste      65       65
( 137, 258)   coste      30       30
( 137, 259)   coste      33       33
( 260, 261)   coste      50       50
( 262, 263)   coste      40       40
( 264, 265)   coste      36       36
( 241, 266)   coste      20       20
( 259, 266)   coste      34       34
( 171, 247)   coste      31       31
( 267, 268)   coste      61       61
( 237, 267)   coste      13       13
( 102, 202)   coste      33       33
( 246, 269)   coste      62       62
( 269, 270)   coste      94       94
( 269, 271)   coste      92       92
(  66, 272)   coste      32       32
(  96, 272)   coste      60       60
( 273, 274)   coste      44       44
(  15, 275)   coste      62       62
(  92, 224)   coste      29       29
( 176, 276)   coste      58       58
( 277, 278)   coste       4        4
(  64, 245)   coste      39       39
( 168, 279)   coste      10       10
( 280, 281)   coste      51       51
( 127, 128)   coste      45       45
( 183, 282)   coste      60       60
( 193, 283)   coste      84       84
( 216, 284)   coste      68       68
( 278, 285)   coste      52       52
( 147, 286)   coste      19       19
( 287, 288)   coste      51       51
( 289, 290)   coste      21       21
( 291, 292)   coste      43       43
( 293, 294)   coste      21       21
(  66,  96)   coste      50       50
(  66, 295)   coste      68       68
( 170, 296)   coste      74       74
( 297, 298)   coste      39       39
( 138, 299)   coste      19       19
( 142, 300)   coste      67       67
( 163, 301)   coste      44       44
( 302, 303)   coste      37       37
( 219, 302)   coste      37       37
(  84,  99)   coste      32       32
( 303, 304)   coste      46       46
( 268, 292)   coste      57       57
( 197, 305)   coste      59       59
( 107, 306)   coste      27       27
( 118, 307)   coste      40       40
( 226, 227)   coste      41       41
( 308, 309)   coste      60       60
( 310, 311)   coste      40       40
( 307, 310)   coste      81       81
( 170, 181)   coste      56       56
( 312, 313)   coste      69       69
( 219, 312)   coste      36       36
(   9, 206)   coste      18       18
( 314, 315)   coste      19       19
( 122, 316)   coste      62       62
( 229, 268)   coste      17       17
(  18, 317)   coste      80       80
( 234, 318)   coste       9        9
( 257, 319)   coste      33       33
( 320, 321)   coste      18       18
(  49, 322)   coste      71       71
(  53, 318)   coste      33       33
(  19, 323)   coste      62       62
(  19, 275)   coste      76       76
( 241, 324)   coste      39       39
( 325, 326)   coste      28       28
(  99, 327)   coste      27       27
(  16, 131)   coste      22       22
( 309, 328)   coste      44       44
( 328, 329)   coste      27       27
( 199, 330)   coste      25       25
( 331, 332)   coste      52       52
( 129, 329)   coste      63       63
( 333, 334)   coste      32       32
(  49, 335)   coste      78       78
( 330, 336)   coste      48       48
( 309, 337)   coste      57       57
( 284, 337)   coste      41       41
(  77, 281)   coste      22       22
( 294, 338)   coste      37       37
(  75, 107)   coste      45       45
( 329, 339)   coste      38       38
( 309, 340)   coste      53       53
(  98, 341)   coste      26       26
(  81,  82)   coste      43       43
( 342, 343)   coste      39       39
( 307, 342)   coste      33       33
LISTA_ARISTAS_NOREQ :
(   1, 129)   coste     124      124
(   1, 150)   coste     337      337
(   1, 255)   coste     221      221
(   1, 282)   coste      40       40
(   1, 302)   coste     365      365
(   1, 313)   coste     296      296
(   2,   3)   coste       5        5
(   2, 282)   coste      61       61
(   3,   7)   coste      42       42
(   3,  85)   coste      12       12
(   4, 112)   coste      52       52
(   4, 200)   coste      35       35
(   5, 177)   coste     138      138
(   6,  65)   coste       4        4
(   7,  85)   coste      31       31
(   7, 205)   coste      35       35
(   7, 206)   coste      24       24
(   8, 171)   coste      71       71
(   8, 205)   coste      20       20
(   8, 247)   coste      76       76
(   9, 205)   coste      34       34
(  10, 166)   coste      20       20
(  11,  12)   coste       8        8
(  11,  33)   coste      43       43
(  11, 166)   coste      35       35
(  12,  36)   coste      52       52
(  13,  47)   coste      60       60
(  13, 131)   coste      31       31
(  14,  16)   coste      50       50
(  14, 131)   coste      55       55
(  15,  16)   coste      57       57
(  15,  47)   coste      12       12
(  15, 323)   coste      49       49
(  17, 317)   coste       7        7
(  18,  19)   coste      62       62
(  18,  67)   coste      82       82
(  18,  68)   coste      67       67
(  18, 209)   coste      79       79
(  18, 305)   coste      72       72
(  18, 323)   coste      95       95
(  19, 305)   coste      91       91
(  19, 317)   coste      77       77
(  20, 164)   coste      41       41
(  20, 165)   coste       8        8
(  20, 203)   coste      41       41
(  20, 204)   coste      23       23
(  21, 165)   coste      49       49
(  21, 204)   coste      21       21
(  22, 194)   coste      31       31
(  23, 103)   coste      63       63
(  24,  44)   coste     137      137
(  24,  74)   coste     101      101
(  24, 194)   coste      17       17
(  24, 249)   coste      64       64
(  24, 289)   coste     116      116
(  24, 290)   coste     118      118
(  24, 314)   coste     118      118
(  24, 315)   coste     111      111
(  24, 320)   coste     106      106
(  24, 321)   coste     108      108
(  25, 129)   coste      69       69
(  25, 145)   coste      30       30
(  26, 117)   coste      62       62
(  26, 145)   coste      56       56
(  26, 173)   coste      96       96
(  27, 308)   coste      87       87
(  27, 310)   coste      58       58
(  28, 144)   coste     118      118
(  29,  31)   coste      31       31
(  29, 144)   coste      64       64
(  30,  31)   coste      67       67
(  30,  90)   coste      64       64
(  30, 138)   coste      72       72
(  31,  90)   coste     124      124
(  31, 138)   coste     132      132
(  31, 144)   coste      94       94
(  31, 160)   coste      42       42
(  32,  34)   coste       9        9
(  32, 297)   coste       8        8
(  33, 166)   coste      36       36
(  34, 297)   coste       5        5
(  34, 298)   coste      36       36
(  35, 289)   coste      29       29
(  35, 290)   coste      27       27
(  36, 289)   coste      54       54
(  38,  39)   coste      54       54
(  38, 262)   coste     111      111
(  38, 263)   coste      90       90
(  39, 262)   coste      58       58
(  39, 263)   coste      47       47
(  40,  64)   coste      24       24
(  40, 104)   coste      65       65
(  40, 196)   coste      19       19
(  40, 213)   coste      25       25
(  41, 245)   coste      40       40
(  42,  64)   coste      16       16
(  42, 100)   coste      46       46
(  42, 101)   coste      48       48
(  42, 196)   coste      42       42
(  43, 105)   coste     107      107
(  43, 106)   coste      90       90
(  43, 195)   coste      50       50
(  43, 289)   coste     140      140
(  43, 320)   coste     105      105
(  43, 321)   coste      94       94
(  44, 105)   coste     144      144
(  44, 106)   coste     127      127
(  44, 113)   coste      53       53
(  44, 194)   coste     125      125
(  44, 195)   coste      82       82
(  44, 289)   coste     117      117
(  44, 311)   coste     108      108
(  44, 320)   coste      82       82
(  44, 321)   coste      71       71
(  45, 122)   coste     100      100
(  45, 125)   coste      24       24
(  45, 126)   coste     208      208
(  45, 150)   coste     165      165
(  45, 218)   coste      67       67
(  45, 219)   coste      87       87
(  45, 238)   coste     372      372
(  45, 255)   coste     310      310
(  45, 262)   coste     151      151
(  45, 302)   coste     121      121
(  45, 303)   coste     151      151
(  45, 316)   coste     144      144
(  46, 150)   coste     149      149
(  46, 218)   coste      58       58
(  46, 255)   coste     294      294
(  46, 302)   coste     105      105
(  46, 303)   coste     135      135
(  46, 312)   coste      33       33
(  47, 275)   coste      55       55
(  48, 167)   coste      31       31
(  48, 168)   coste      33       33
(  48, 322)   coste      15       15
(  48, 335)   coste      30       30
(  49, 296)   coste      25       25
(  50, 109)   coste      26       26
(  50, 110)   coste      28       28
(  50, 235)   coste      67       67
(  50, 261)   coste      49       49
(  50, 325)   coste      36       36
(  51,  60)   coste      49       49
(  51, 109)   coste      55       55
(  51, 225)   coste      52       52
(  52, 139)   coste      30       30
(  52, 233)   coste      52       52
(  52, 239)   coste      39       39
(  52, 282)   coste      60       60
(  53, 140)   coste      45       45
(  53, 184)   coste      48       48
(  53, 234)   coste      26       26
(  53, 239)   coste      16       16
(  54,  78)   coste      29       29
(  54,  86)   coste      34       34
(  54,  88)   coste      32       32
(  55,  78)   coste      35       35
(  55, 236)   coste      60       60
(  56, 299)   coste      78       78
(  57,  83)   coste      59       59
(  57,  84)   coste      55       55
(  57, 299)   coste      42       42
(  58,  81)   coste      80       80
(  58,  87)   coste     210      210
(  58, 286)   coste     184      184
(  58, 343)   coste     153      153
(  59, 182)   coste      31       31
(  59, 183)   coste      48       48
(  59, 260)   coste      21       21
(  60, 260)   coste      36       36
(  61, 142)   coste      50       50
(  62,  63)   coste      49       49
(  62, 132)   coste      99       99
(  62, 165)   coste      97       97
(  63, 132)   coste     146      146
(  63, 141)   coste     159      159
(  63, 165)   coste      61       61
(  63, 203)   coste      96       96
(  63, 223)   coste     142      142
(  63, 300)   coste     116      116
(  64, 196)   coste      36       36
(  65,  95)   coste      32       32
(  65,  96)   coste      35       35
(  65, 200)   coste      11       11
(  66, 152)   coste      70       70
(  67, 209)   coste      27       27
(  67, 274)   coste      33       33
(  67, 305)   coste     112      112
(  67, 323)   coste     160      160
(  68, 209)   coste      45       45
(  68, 305)   coste     109      109
(  68, 323)   coste     157      157
(  69,  79)   coste      38       38
(  69, 117)   coste      74       74
(  69, 173)   coste      72       72
(  70,  71)   coste      52       52
(  70, 117)   coste      82       82
(  70, 118)   coste      86       86
(  71, 117)   coste      68       68
(  71, 118)   coste      41       41
(  71, 173)   coste      66       66
(  72, 106)   coste      30       30
(  72, 315)   coste      41       41
(  73,  75)   coste      22       22
(  73, 105)   coste      64       64
(  73, 106)   coste      45       45
(  73, 107)   coste      35       35
(  73, 208)   coste      29       29
(  74, 249)   coste      73       73
(  74, 314)   coste      24       24
(  74, 315)   coste      12       12
(  75, 105)   coste      46       46
(  75, 106)   coste      25       25
(  76, 141)   coste      41       41
(  76, 189)   coste      36       36
(  76, 190)   coste      22       22
(  76, 211)   coste     235      235
(  76, 212)   coste     224      224
(  76, 281)   coste      46       46
(  77, 190)   coste       6        6
(  77, 212)   coste     218      218
(  78,  86)   coste      57       57
(  78,  88)   coste      37       37
(  80, 113)   coste      74       74
(  80, 114)   coste      64       64
(  81,  87)   coste     172      172
(  81, 286)   coste     132      132
(  81, 343)   coste     101      101
(  82, 113)   coste      63       63
(  82, 114)   coste      60       60
(  82, 133)   coste      36       36
(  83,  99)   coste      32       32
(  83, 162)   coste      47       47
(  83, 186)   coste      41       41
(  83, 327)   coste      41       41
(  84, 162)   coste      51       51
(  85, 206)   coste      47       47
(  87,  88)   coste      36       36
(  87, 147)   coste      51       51
(  87, 343)   coste      96       96
(  89,  98)   coste      76       76
(  89, 264)   coste      76       76
(  89, 338)   coste      77       77
(  90,  98)   coste     106      106
(  90, 138)   coste      15       15
(  90, 160)   coste     111      111
(  90, 264)   coste     106      106
(  90, 338)   coste     107      107
(  91, 135)   coste      43       43
(  91, 280)   coste      17       17
(  91, 281)   coste      57       57
(  92, 223)   coste      26       26
(  92, 280)   coste      68       68
(  92, 287)   coste      90       90
(  92, 288)   coste      45       45
(  93, 108)   coste      51       51
(  93, 293)   coste     258      258
(  93, 294)   coste     242      242
(  93, 301)   coste     131      131
(  94, 332)   coste      71       71
(  95, 191)   coste     127      127
(  95, 192)   coste      84       84
(  95, 272)   coste      62       62
(  95, 295)   coste      70       70
(  96, 111)   coste      42       42
(  96, 200)   coste      39       39
(  97, 327)   coste      28       28
(  97, 341)   coste      46       46
(  98, 265)   coste      13       13
( 100, 202)   coste      38       38
( 100, 245)   coste      21       21
( 101, 102)   coste      56       56
( 102, 245)   coste      52       52
( 104, 196)   coste      65       65
( 104, 213)   coste      62       62
( 105, 310)   coste      79       79
( 107, 216)   coste     186      186
( 107, 284)   coste     184      184
( 107, 308)   coste      94       94
( 108, 293)   coste     259      259
( 108, 294)   coste     243      243
( 108, 332)   coste      70       70
( 109, 261)   coste      24       24
( 110, 235)   coste      47       47
( 110, 261)   coste      38       38
( 111, 112)   coste      47       47
( 111, 177)   coste     108      108
( 112, 177)   coste     136      136
( 113, 321)   coste      25       25
( 114, 321)   coste      34       34
( 115, 232)   coste      30       30
( 115, 296)   coste     143      143
( 116, 231)   coste      25       25
( 116, 232)   coste      18       18
( 117, 145)   coste      72       72
( 117, 173)   coste      60       60
( 118, 173)   coste      98       98
( 119, 123)   coste      22       22
( 119, 124)   coste      15       15
( 119, 211)   coste     259      259
( 119, 281)   coste     182      182
( 120, 211)   coste     238      238
( 120, 215)   coste      87       87
( 120, 281)   coste     161      161
( 121, 127)   coste      99       99
( 121, 198)   coste      40       40
( 121, 199)   coste      69       69
( 121, 316)   coste      64       64
( 122, 125)   coste      96       96
( 122, 150)   coste     263      263
( 122, 218)   coste     165      165
( 122, 219)   coste     185      185
( 122, 238)   coste     470      470
( 122, 255)   coste     408      408
( 122, 302)   coste     219      219
( 122, 303)   coste     249      249
( 122, 312)   coste     173      173
( 124, 211)   coste     259      259
( 124, 217)   coste      53       53
( 124, 281)   coste     182      182
( 125, 126)   coste     204      204
( 125, 262)   coste     147      147
( 125, 316)   coste     140      140
( 126, 158)   coste      51       51
( 126, 159)   coste      66       66
( 126, 218)   coste     273      273
( 126, 219)   coste     293      293
( 126, 262)   coste     140      140
( 126, 312)   coste     281      281
( 126, 316)   coste      88       88
( 127, 198)   coste      76       76
( 127, 276)   coste     133      133
( 127, 336)   coste     122      122
( 128, 158)   coste      64       64
( 128, 159)   coste      35       35
( 129, 150)   coste     318      318
( 129, 239)   coste     184      184
( 129, 255)   coste     236      236
( 129, 318)   coste     219      219
( 130, 164)   coste      75       75
( 131, 132)   coste      30       30
( 131, 164)   coste      72       72
( 132, 164)   coste      44       44
( 133, 207)   coste      31       31
( 134, 311)   coste      57       57
( 135, 280)   coste      37       37
( 135, 287)   coste     104      104
( 135, 288)   coste      97       97
( 136, 258)   coste       9        9
( 137, 314)   coste      38       38
( 138, 160)   coste     119      119
( 139, 184)   coste      40       40
( 139, 239)   coste      35       35
( 140, 184)   coste      13       13
( 140, 233)   coste      52       52
( 141, 189)   coste      46       46
( 141, 203)   coste     131      131
( 141, 223)   coste     146      146
( 141, 300)   coste      45       45
( 143, 220)   coste      13       13
( 143, 221)   coste      34       34
( 143, 230)   coste      33       33
( 144, 230)   coste      14       14
( 145, 173)   coste     106      106
( 146, 286)   coste       9        9
( 146, 307)   coste      68       68
( 146, 342)   coste      43       43
( 148, 303)   coste      25       25
( 149, 263)   coste      46       46
( 149, 303)   coste      39       39
( 149, 304)   coste       8        8
( 150, 218)   coste     114      114
( 150, 238)   coste     226      226
( 150, 239)   coste     241      241
( 150, 255)   coste     164      164
( 150, 302)   coste      55       55
( 150, 303)   coste      43       43
( 150, 339)   coste     284      284
( 151, 185)   coste      40       40
( 151, 193)   coste      92       92
( 151, 234)   coste      78       78
( 151, 254)   coste      40       40
( 152, 254)   coste      67       67
( 152, 272)   coste      71       71
( 153, 226)   coste      23       23
( 154, 226)   coste      91       91
( 154, 296)   coste      91       91
( 155, 225)   coste      88       88
( 155, 226)   coste      65       65
( 155, 227)   coste      91       91
( 156, 251)   coste      44       44
( 156, 277)   coste      38       38
( 156, 278)   coste      36       36
( 157, 251)   coste      44       44
( 157, 277)   coste      43       43
( 157, 278)   coste      40       40
( 157, 285)   coste      15       15
( 159, 176)   coste      57       57
( 161, 277)   coste      11       11
( 161, 278)   coste      13       13
( 162, 186)   coste      67       67
( 162, 277)   coste      35       35
( 162, 278)   coste      32       32
( 163, 292)   coste      49       49
( 165, 203)   coste      44       44
( 165, 204)   coste      30       30
( 167, 227)   coste      71       71
( 167, 279)   coste      17       17
( 167, 322)   coste      37       37
( 167, 335)   coste       2        2
( 168, 322)   coste      28       28
( 168, 335)   coste      25       25
( 169, 179)   coste      53       53
( 169, 181)   coste      27       27
( 169, 283)   coste     120      120
( 170, 271)   coste      96       96
( 171, 172)   coste       4        4
( 172, 247)   coste      33       33
( 174, 253)   coste      24       24
( 174, 276)   coste      59       59
( 175, 276)   coste      74       74
( 176, 253)   coste      37       37
( 178, 250)   coste      50       50
( 178, 252)   coste      50       50
( 178, 298)   coste     102      102
( 179, 283)   coste     123      123
( 180, 181)   coste      59       59
( 180, 269)   coste      61       61
( 181, 283)   coste     139      139
( 182, 260)   coste      35       35
( 183, 206)   coste      44       44
( 183, 260)   coste      44       44
( 185, 234)   coste      54       54
( 185, 254)   coste      51       51
( 186, 327)   coste      18       18
( 187, 284)   coste      23       23
( 188, 284)   coste      24       24
( 188, 337)   coste      28       28
( 189, 211)   coste     242      242
( 189, 212)   coste     231      231
( 190, 211)   coste     224      224
( 190, 212)   coste     213      213
( 191, 283)   coste     106      106
( 191, 295)   coste      70       70
( 192, 295)   coste      63       63
( 193, 295)   coste      84       84
( 194, 289)   coste     104      104
( 194, 290)   coste     106      106
( 194, 320)   coste      94       94
( 194, 321)   coste      96       96
( 195, 289)   coste      98       98
( 195, 320)   coste      64       64
( 195, 321)   coste      53       53
( 196, 213)   coste       7        7
( 196, 214)   coste      62       62
( 197, 214)   coste      22       22
( 198, 330)   coste      32       32
( 199, 211)   coste      51       51
( 201, 240)   coste      34       34
( 201, 243)   coste      47       47
( 201, 244)   coste      55       55
( 201, 248)   coste      63       63
( 201, 266)   coste      45       45
( 202, 245)   coste      45       45
( 203, 223)   coste     114      114
( 203, 300)   coste      88       88
( 207, 311)   coste      68       68
( 208, 216)   coste     182      182
( 208, 284)   coste     180      180
( 208, 306)   coste      50       50
( 209, 274)   coste      41       41
( 209, 305)   coste     109      109
( 209, 323)   coste     157      157
( 210, 273)   coste      54       54
( 210, 274)   coste      37       37
( 211, 215)   coste     285      285
( 211, 281)   coste     201      201
( 214, 305)   coste      44       44
( 215, 281)   coste     208      208
( 216, 217)   coste      15       15
( 216, 306)   coste     164      164
( 216, 340)   coste     193      193
( 217, 284)   coste      60       60
( 218, 238)   coste     321      321
( 218, 239)   coste     336      336
( 218, 255)   coste     259      259
( 218, 262)   coste     216      216
( 218, 302)   coste      70       70
( 218, 303)   coste     100      100
( 218, 312)   coste      63       63
( 218, 316)   coste     209      209
( 219, 316)   coste     229      229
( 220, 230)   coste      37       37
( 222, 229)   coste      57       57
( 222, 237)   coste      27       27
( 222, 267)   coste      16       16
( 222, 268)   coste      50       50
( 223, 300)   coste     111      111
( 224, 288)   coste      18       18
( 228, 268)   coste      40       40
( 228, 291)   coste      39       39
( 228, 292)   coste      24       24
( 228, 331)   coste      54       54
( 229, 256)   coste      73       73
( 229, 292)   coste      55       55
( 231, 322)   coste      80       80
( 232, 296)   coste     157      157
( 232, 322)   coste      96       96
( 233, 238)   coste      17       17
( 233, 239)   coste      17       17
( 233, 318)   coste      23       23
( 234, 238)   coste      17       17
( 234, 239)   coste      33       33
( 236, 247)   coste      53       53
( 237, 257)   coste     141      141
( 237, 333)   coste     108      108
( 237, 334)   coste     132      132
( 238, 302)   coste     254      254
( 238, 313)   coste     229      229
( 238, 318)   coste      14       14
( 238, 339)   coste     206      206
( 239, 302)   coste     269      269
( 239, 313)   coste     243      243
( 239, 339)   coste     220      220
( 240, 243)   coste      37       37
( 240, 244)   coste      56       56
( 240, 266)   coste      17       17
( 240, 324)   coste      34       34
( 241, 243)   coste      43       43
( 241, 258)   coste      47       47
( 241, 259)   coste      30       30
( 243, 244)   coste      22       22
( 246, 270)   coste      41       41
( 246, 271)   coste      36       36
( 248, 324)   coste      63       63
( 249, 314)   coste      90       90
( 249, 315)   coste      83       83
( 250, 298)   coste     103      103
( 251, 252)   coste      55       55
( 251, 285)   coste      47       47
( 252, 298)   coste      74       74
( 253, 276)   coste      51       51
( 254, 318)   coste      48       48
( 255, 302)   coste     192      192
( 255, 313)   coste     253      253
( 255, 318)   coste      69       69
( 255, 339)   coste     230      230
( 256, 291)   coste      79       79
( 256, 292)   coste     119      119
( 256, 331)   coste      70       70
( 257, 333)   coste     114      114
( 257, 334)   coste     117      117
( 258, 259)   coste      20       20
( 262, 312)   coste     224      224
( 262, 316)   coste      79       79
( 263, 304)   coste      39       39
( 264, 338)   coste       4        4
( 264, 341)   coste      51       51
( 265, 341)   coste      17       17
( 266, 324)   coste      20       20
( 270, 271)   coste       7        7
( 270, 296)   coste     120      120
( 271, 296)   coste     115      115
( 276, 330)   coste     109      109
( 276, 336)   coste     107      107
( 279, 322)   coste      35       35
( 284, 306)   coste     162      162
( 286, 342)   coste      46       46
( 286, 343)   coste      38       38
( 290, 320)   coste      24       24
( 291, 331)   coste      17       17
( 291, 332)   coste      60       60
( 292, 301)   coste      67       67
( 293, 301)   coste     250      250
( 293, 338)   coste      28       28
( 294, 301)   coste     234      234
( 305, 323)   coste     101      101
( 306, 308)   coste      77       77
( 306, 340)   coste      60       60
( 307, 311)   coste      68       68
( 308, 340)   coste      35       35
( 309, 329)   coste      63       63
( 312, 316)   coste     217      217
( 313, 318)   coste     236      236
( 313, 328)   coste     105      105
( 313, 339)   coste      94       94
( 317, 323)   coste     138      138
( 318, 339)   coste     213      213
( 319, 334)   coste      87       87
( 325, 333)   coste      35       35
( 326, 333)   coste       8        8
( 326, 334)   coste      35       35
( 328, 339)   coste      27       27
