NOMBRE : UR557
COMENTARIO :   1  componentes 
VERTICES :  498
ARISTAS_REQ : 1001
ARISTAS_NOREQ :  309
LISTA_ARISTAS_REQ :
(   1,   2)   coste      72       72
(   1,   3)   coste      66       66
(   1,   4)   coste      24       24
(   1,   5)   coste     105      105
(   1,   6)   coste      46       46
(   1,   7)   coste      35       35
(   8,   9)   coste      66       66
(   8,  10)   coste      43       43
(   8,  11)   coste      37       37
(   8,  12)   coste      22       22
(   8,  13)   coste      26       26
(   8,  14)   coste      49       49
(  15,  16)   coste      76       76
(  15,  17)   coste      46       46
(  15,  18)   coste      64       64
(  15,  19)   coste      82       82
(  16,  20)   coste      49       49
(  16,  21)   coste      72       72
(  16,  22)   coste      44       44
(  23,  24)   coste      42       42
(  23,  25)   coste      48       48
(  23,  26)   coste      37       37
(  27,  28)   coste      17       17
(  27,  29)   coste      15       15
(  27,  30)   coste      57       57
(  27,  31)   coste      53       53
(  32,  33)   coste      35       35
(  32,  34)   coste      66       66
(  32,  35)   coste      90       90
(  32,  36)   coste      80       80
(  37,  38)   coste      11       11
(  37,  39)   coste      35       35
(  37,  40)   coste      50       50
(  41,  42)   coste      12       12
(  41,  43)   coste      35       35
(  41,  44)   coste      67       67
(  45,  46)   coste      31       31
(  45,  47)   coste      34       34
(  45,  48)   coste      24       24
(  49,  50)   coste      28       28
(  49,  51)   coste      16       16
(  52,  53)   coste      65       65
(  52,  54)   coste      62       62
(  52,  55)   coste      52       52
(  56,  57)   coste      65       65
(  56,  58)   coste      15       15
(  56,  59)   coste      34       34
(  56,  60)   coste      65       65
(  61,  62)   coste      54       54
(  61,  63)   coste      59       59
(  61,  64)   coste      45       45
(  61,  65)   coste      37       37
(  61,  66)   coste      38       38
(  67,  68)   coste      70       70
(  67,  69)   coste      71       71
(  67,  70)   coste      51       51
(  71,  72)   coste      55       55
(  71,  73)   coste       8        8
(  71,  74)   coste      43       43
(  71,  75)   coste      81       81
(  71,  76)   coste      49       49
(  77,  78)   coste       6        6
(  77,  79)   coste      43       43
(  77,  80)   coste      41       41
(  77,  81)   coste      14       14
(  34,  82)   coste      68       68
(  82,  83)   coste      39       39
(  50,  82)   coste      47       47
(  84,  85)   coste      32       32
(  84,  86)   coste      42       42
(  84,  87)   coste      15       15
(  84,  88)   coste      20       20
(  84,  89)   coste      34       34
(  84,  90)   coste      17       17
(  91,  92)   coste      63       63
(  91,  93)   coste      52       52
(  91,  94)   coste      47       47
(  91,  95)   coste      61       61
(  91,  96)   coste      93       93
(  91,  97)   coste      87       87
(  98,  99)   coste      28       28
(  98, 100)   coste      20       20
(  98, 101)   coste      21       21
(  64,  98)   coste      46       46
(  65,  98)   coste      20       20
(  40,  98)   coste      46       46
(  66,  98)   coste      29       29
( 102, 103)   coste      24       24
( 102, 104)   coste      18       18
( 102, 105)   coste      40       40
( 106, 107)   coste      77       77
( 106, 108)   coste      37       37
( 106, 109)   coste      35       35
( 106, 110)   coste      43       43
( 111, 112)   coste      16       16
( 111, 113)   coste      54       54
( 111, 114)   coste      44       44
( 111, 115)   coste      19       19
(   7, 111)   coste      60       60
(  21,  72)   coste      61       61
(  72, 116)   coste      60       60
(  72, 117)   coste      52       52
( 118, 119)   coste      47       47
( 118, 120)   coste      11       11
( 118, 121)   coste       3        3
( 118, 122)   coste      35       35
( 123, 124)   coste      23       23
( 123, 125)   coste      37       37
( 123, 126)   coste      52       52
( 127, 128)   coste      51       51
( 127, 129)   coste      45       45
( 127, 130)   coste      29       29
( 127, 131)   coste      55       55
( 132, 133)   coste      10       10
( 134, 135)   coste      29       29
( 134, 136)   coste      10       10
( 134, 137)   coste      17       17
( 134, 138)   coste      16       16
( 134, 139)   coste      22       22
( 119, 120)   coste      45       45
( 119, 122)   coste      16       16
( 119, 140)   coste      50       50
(  25, 141)   coste      21       21
(  26, 141)   coste      30       30
( 141, 142)   coste      16       16
( 141, 143)   coste      47       47
(  85,  87)   coste      40       40
(  85,  88)   coste      39       39
(  85,  90)   coste      28       28
( 144, 145)   coste      40       40
( 144, 146)   coste      66       66
(  94, 144)   coste      76       76
( 144, 147)   coste      63       63
( 144, 148)   coste      65       65
( 144, 149)   coste      46       46
( 112, 113)   coste      49       49
( 112, 114)   coste      52       52
( 112, 115)   coste      15       15
( 150, 151)   coste      67       67
( 150, 152)   coste      32       32
( 150, 153)   coste      27       27
( 150, 154)   coste      27       27
( 155, 156)   coste      44       44
( 155, 157)   coste      38       38
( 155, 158)   coste      25       25
(  73,  75)   coste      77       77
(  73,  76)   coste      48       48
(  73, 143)   coste      73       73
( 159, 160)   coste      45       45
( 159, 161)   coste      52       52
( 159, 162)   coste      40       40
( 159, 163)   coste      24       24
( 164, 165)   coste      64       64
( 164, 166)   coste      49       49
( 164, 167)   coste      17       17
( 164, 168)   coste      26       26
(  92, 169)   coste      50       50
(  92,  94)   coste      72       72
(  92,  96)   coste      99       99
( 170, 171)   coste      17       17
( 170, 172)   coste      66       66
( 170, 173)   coste      78       78
( 170, 174)   coste      22       22
( 175, 176)   coste      72       72
( 175, 177)   coste      20       20
( 175, 178)   coste      70       70
( 175, 179)   coste      45       45
( 180, 181)   coste      37       37
( 180, 182)   coste     104      104
( 157, 180)   coste      61       61
( 180, 183)   coste      14       14
( 180, 184)   coste      34       34
( 185, 186)   coste      13       13
( 107, 187)   coste      62       62
( 107, 108)   coste      71       71
( 107, 188)   coste      55       55
( 178, 189)   coste      27       27
( 189, 190)   coste      61       61
( 179, 189)   coste      19       19
( 191, 192)   coste      34       34
( 193, 194)   coste      43       43
( 193, 195)   coste      33       33
( 193, 196)   coste      52       52
( 193, 197)   coste      43       43
( 198, 199)   coste      61       61
( 161, 198)   coste      45       45
( 162, 198)   coste      49       49
( 198, 200)   coste      61       61
( 198, 201)   coste      30       30
(  99, 100)   coste      28       28
(  99, 202)   coste      55       55
(  99, 101)   coste       9        9
(  40,  99)   coste      34       34
(  66,  99)   coste      10       10
( 203, 204)   coste      10       10
( 203, 205)   coste      24       24
( 203, 206)   coste      48       48
( 203, 207)   coste      23       23
( 203, 208)   coste      43       43
( 203, 209)   coste      34       34
( 194, 195)   coste      38       38
( 194, 210)   coste      36       36
( 194, 211)   coste      21       21
( 212, 213)   coste      32       32
( 212, 214)   coste      33       33
( 212, 215)   coste      46       46
( 120, 122)   coste      36       36
( 120, 140)   coste      26       26
( 120, 216)   coste       9        9
( 217, 218)   coste      53       53
( 217, 219)   coste      41       41
( 217, 220)   coste      52       52
( 217, 221)   coste      54       54
( 195, 222)   coste      65       65
( 195, 223)   coste      34       34
( 195, 211)   coste      18       18
( 224, 225)   coste      28       28
( 224, 226)   coste      52       52
( 224, 227)   coste       7        7
( 224, 228)   coste      25       25
( 229, 230)   coste      16       16
(  24, 229)   coste      53       53
( 229, 231)   coste      53       53
( 229, 232)   coste      46       46
( 229, 233)   coste      42       42
(  55, 229)   coste      43       43
(   9, 234)   coste      15       15
(   9, 235)   coste      44       44
(   9,  12)   coste      50       50
(   9,  14)   coste      20       20
( 236, 237)   coste      28       28
( 160, 236)   coste      35       35
( 236, 238)   coste      37       37
( 236, 239)   coste      83       83
( 133, 240)   coste      43       43
( 240, 241)   coste      31       31
( 240, 242)   coste      46       46
( 240, 243)   coste      31       31
(  20,  21)   coste      47       47
(  20, 244)   coste      14       14
(  20, 245)   coste      40       40
(  20,  22)   coste      13       13
(  20, 246)   coste      40       40
( 222, 247)   coste      33       33
( 247, 248)   coste      52       52
( 247, 249)   coste      55       55
( 247, 250)   coste      24       24
( 251, 252)   coste      64       64
( 251, 253)   coste      47       47
( 251, 254)   coste      61       61
(  19, 251)   coste      76       76
( 176, 177)   coste      58       58
( 176, 255)   coste      46       46
( 176, 253)   coste      56       56
( 176, 254)   coste      29       29
(  24, 256)   coste      63       63
( 256, 257)   coste      27       27
( 148, 256)   coste      39       39
( 187, 214)   coste      59       59
( 187, 258)   coste      35       35
( 187, 188)   coste      21       21
( 259, 260)   coste      62       62
( 259, 261)   coste      44       44
(  93, 262)   coste      57       57
( 196, 210)   coste      65       65
( 135, 136)   coste      27       27
( 135, 138)   coste      25       25
( 135, 165)   coste      72       72
( 135, 263)   coste     113      113
( 237, 264)   coste      44       44
( 239, 264)   coste      48       48
(  29, 264)   coste      63       63
( 264, 265)   coste      58       58
( 264, 266)   coste      45       45
(  34,  86)   coste      70       70
(  83,  86)   coste      30       30
(  86,  89)   coste      15       15
(  35,  86)   coste      42       42
(  28,  30)   coste      58       58
(  28,  31)   coste      42       42
(  28, 267)   coste      61       61
(  62, 268)   coste      59       59
(  62,  63)   coste       9        9
(  62,  64)   coste      72       72
( 269, 270)   coste      49       49
( 269, 271)   coste      41       41
( 269, 272)   coste      56       56
( 269, 273)   coste      54       54
( 274, 275)   coste      40       40
( 213, 274)   coste      13       13
( 214, 274)   coste      40       40
( 196, 274)   coste      70       70
( 215, 274)   coste      15       15
( 169, 276)   coste      39       39
( 169, 277)   coste      15       15
( 169, 278)   coste      73       73
( 279, 280)   coste      50       50
( 279, 281)   coste      52       52
( 282, 283)   coste      60       60
( 282, 284)   coste      66       66
( 143, 282)   coste      70       70
( 285, 286)   coste      10       10
( 285, 287)   coste      28       28
( 285, 288)   coste      35       35
( 285, 289)   coste      37       37
( 225, 227)   coste      27       27
( 225, 228)   coste      39       39
( 103, 290)   coste      30       30
( 103, 291)   coste      34       34
( 103, 105)   coste      27       27
( 103, 292)   coste      37       37
( 103, 293)   coste      34       34
( 294, 295)   coste      45       45
( 126, 294)   coste      13       13
( 296, 297)   coste      72       72
( 296, 298)   coste      56       56
(  19, 296)   coste      51       51
( 299, 300)   coste      46       46
( 299, 301)   coste      52       52
( 291, 299)   coste      57       57
( 293, 299)   coste      50       50
( 302, 303)   coste      42       42
( 302, 304)   coste      27       27
( 302, 305)   coste      30       30
( 272, 302)   coste      40       40
( 237, 239)   coste      75       75
( 237, 266)   coste       4        4
( 306, 307)   coste       4        4
( 260, 306)   coste       7        7
( 278, 306)   coste      62       62
( 261, 306)   coste      54       54
( 308, 309)   coste      31       31
( 308, 310)   coste      21       21
( 308, 311)   coste      25       25
( 308, 312)   coste      79       79
( 308, 313)   coste      38       38
( 171, 314)   coste      27       27
( 226, 227)   coste      47       47
( 226, 315)   coste      75       75
(  89, 226)   coste      72       72
( 316, 317)   coste      48       48
( 316, 318)   coste      34       34
( 319, 320)   coste      40       40
( 319, 321)   coste      19       19
( 319, 322)   coste      27       27
( 319, 323)   coste      39       39
( 319, 324)   coste      47       47
( 319, 325)   coste      46       46
( 133, 326)   coste      50       50
( 326, 327)   coste      41       41
( 326, 328)   coste      58       58
( 326, 329)   coste      47       47
( 330, 331)   coste      71       71
( 330, 332)   coste      80       80
( 330, 333)   coste      33       33
( 330, 334)   coste      74       74
( 330, 335)   coste      59       59
( 330, 336)   coste      38       38
(  70, 330)   coste      64       64
( 337, 338)   coste      47       47
( 337, 339)   coste      52       52
( 337, 340)   coste      31       31
( 337, 341)   coste      49       49
( 337, 342)   coste      40       40
( 286, 343)   coste      38       38
( 286, 287)   coste      36       36
( 286, 344)   coste      42       42
( 286, 345)   coste      36       36
( 286, 346)   coste      42       42
( 347, 348)   coste      41       41
( 347, 349)   coste      14       14
( 190, 347)   coste      30       30
(  68, 350)   coste      44       44
( 350, 351)   coste      81       81
( 350, 352)   coste      74       74
( 353, 354)   coste       5        5
( 353, 355)   coste      37       37
( 353, 356)   coste      70       70
( 357, 358)   coste      94       94
( 357, 359)   coste      62       62
( 248, 357)   coste      54       54
( 360, 361)   coste      36       36
( 360, 362)   coste      11       11
( 323, 360)   coste      33       33
( 360, 363)   coste      49       49
(  57, 364)   coste      27       27
(  57, 365)   coste      59       59
( 366, 367)   coste      67       67
( 366, 368)   coste      70       70
( 366, 369)   coste      49       49
( 366, 370)   coste      60       60
( 366, 371)   coste      28       28
( 372, 373)   coste      34       34
(  25, 372)   coste      46       46
( 372, 374)   coste      48       48
( 143, 372)   coste      26       26
( 199, 375)   coste      37       37
( 199, 376)   coste      30       30
( 199, 201)   coste      58       58
(  33, 377)   coste      83       83
(  33,  36)   coste      47       47
( 133, 378)   coste      48       48
(  53, 379)   coste      41       41
( 379, 380)   coste      60       60
( 379, 381)   coste      65       65
( 156, 270)   coste      37       37
( 156, 382)   coste      50       50
( 358, 383)   coste      38       38
( 248, 358)   coste      53       53
( 384, 385)   coste      59       59
( 257, 384)   coste      61       61
( 384, 386)   coste      40       40
( 384, 387)   coste      25       25
( 177, 388)   coste      73       73
( 332, 359)   coste      67       67
( 389, 390)   coste      46       46
( 389, 391)   coste      20       20
( 389, 392)   coste      24       24
( 160, 238)   coste      51       51
( 160, 266)   coste      53       53
(  10,  11)   coste       7        7
(  10, 270)   coste      12       12
( 128, 393)   coste      48       48
( 128, 394)   coste      18       18
( 128, 395)   coste      49       49
( 128, 396)   coste      31       31
( 128, 392)   coste      44       44
( 230, 231)   coste      40       40
(  54, 230)   coste      39       39
(  55, 230)   coste      35       35
(  38, 397)   coste      52       52
( 151, 152)   coste      78       78
( 151, 165)   coste      38       38
( 151, 154)   coste      68       68
( 151, 263)   coste      89       89
( 151, 313)   coste      79       79
( 331, 332)   coste      11       11
( 331, 334)   coste      17       17
( 331, 335)   coste      71       71
( 100, 101)   coste      20       20
(  66, 100)   coste      22       22
( 398, 399)   coste      44       44
( 338, 398)   coste      54       54
( 328, 398)   coste      38       38
( 300, 400)   coste      64       64
( 300, 401)   coste      54       54
( 129, 402)   coste      66       66
( 129, 130)   coste      36       36
( 129, 131)   coste      65       65
( 252, 403)   coste      18       18
( 253, 403)   coste      46       46
( 348, 367)   coste      27       27
( 348, 349)   coste      32       32
( 190, 348)   coste      50       50
( 348, 369)   coste      36       36
( 348, 370)   coste      28       28
( 104, 290)   coste      38       38
( 290, 404)   coste      33       33
( 105, 290)   coste      28       28
( 124, 405)   coste      68       68
( 124, 311)   coste      71       71
( 124, 125)   coste      35       35
( 124, 216)   coste      70       70
(  81, 238)   coste      53       53
( 238, 265)   coste      63       63
(  47, 178)   coste      39       39
( 178, 406)   coste      50       50
( 178, 179)   coste      31       31
( 407, 408)   coste      65       65
( 407, 409)   coste      64       64
(  68,  70)   coste      66       66
(  68, 410)   coste       2        2
( 252, 411)   coste      33       33
( 252, 401)   coste      34       34
( 252, 293)   coste      63       63
( 320, 361)   coste      46       46
( 322, 361)   coste      53       53
( 323, 361)   coste      38       38
( 361, 363)   coste      61       61
( 349, 367)   coste      26       26
( 367, 370)   coste      16       16
( 136, 137)   coste      19       19
( 136, 138)   coste      24       24
( 136, 412)   coste      28       28
( 399, 400)   coste       8        8
( 339, 399)   coste      35       35
( 328, 399)   coste      44       44
( 298, 413)   coste      74       74
( 413, 414)   coste      10       10
( 381, 413)   coste      58       58
( 220, 415)   coste      41       41
( 340, 415)   coste      49       49
( 415, 416)   coste      41       41
( 415, 417)   coste      63       63
( 342, 415)   coste      58       58
(  53, 380)   coste      49       49
(  53, 418)   coste      74       74
( 145, 385)   coste      32       32
( 145, 147)   coste      57       57
( 145, 149)   coste       8        8
( 303, 419)   coste       3        3
( 303, 305)   coste      42       42
( 303, 420)   coste      47       47
( 268, 314)   coste      39       39
( 172, 314)   coste      73       73
( 173, 314)   coste      76       76
( 174, 314)   coste      19       19
( 152, 310)   coste      29       29
( 241, 243)   coste      42       42
( 241, 378)   coste      39       39
( 375, 421)   coste      52       52
( 375, 422)   coste      56       56
( 375, 423)   coste      58       58
(  34,  35)   coste      35       35
( 146, 305)   coste      62       62
( 146, 147)   coste      58       58
( 248, 383)   coste      61       61
( 258, 383)   coste      59       59
( 287, 343)   coste       6        6
( 343, 346)   coste       9        9
(   2, 182)   coste     100      100
(   2,   5)   coste     109      109
(   2, 234)   coste      58       58
(   2, 424)   coste      56       56
(   2,  14)   coste      64       64
( 393, 425)   coste      55       55
( 396, 425)   coste      17       17
( 392, 425)   coste      55       55
( 388, 425)   coste      56       56
( 332, 334)   coste      25       25
( 332, 335)   coste      71       71
( 242, 243)   coste      22       22
( 242, 378)   coste      15       15
( 202, 426)   coste      71       71
(  40, 202)   coste      50       50
(  66, 202)   coste      60       60
( 202, 417)   coste      34       34
( 204, 205)   coste      27       27
( 204, 206)   coste      54       54
( 204, 262)   coste      59       59
( 204, 207)   coste      16       16
( 204, 208)   coste      51       51
( 321, 393)   coste      43       43
( 393, 396)   coste      50       50
( 297, 298)   coste      21       21
( 287, 288)   coste      36       36
( 287, 344)   coste      44       44
(  11, 270)   coste      15       15
(  11,  13)   coste      15       15
( 121, 427)   coste       5        5
( 122, 427)   coste      39       39
( 216, 427)   coste      13       13
( 427, 428)   coste       9        9
( 255, 429)   coste      20       20
( 228, 429)   coste      55       55
(  46, 429)   coste      49       49
(  48, 429)   coste      62       62
(  74, 245)   coste      55       55
( 270, 430)   coste      41       41
(  13, 270)   coste      25       25
( 158, 270)   coste      22       22
( 172, 268)   coste      54       54
( 174, 268)   coste      22       22
( 109, 431)   coste      57       57
( 431, 432)   coste      43       43
( 275, 431)   coste      45       45
( 110, 431)   coste      16       16
( 172, 433)   coste      45       45
( 137, 138)   coste      31       31
( 205, 208)   coste      31       31
( 205, 209)   coste      34       34
(  63,  64)   coste      71       71
( 108, 109)   coste      51       51
( 108, 139)   coste      44       44
( 309, 310)   coste      41       41
( 309, 311)   coste      17       17
( 364, 433)   coste       3        3
( 280, 434)   coste      24       24
( 280, 435)   coste      38       38
(  95, 436)   coste      38       38
(  95, 437)   coste      20       20
(  95, 262)   coste      69       69
(  95,  97)   coste      95       95
(  69, 333)   coste      54       54
( 333, 336)   coste      21       21
( 163, 333)   coste      42       42
( 125, 405)   coste      40       40
( 126, 405)   coste      64       64
( 339, 400)   coste      42       42
( 400, 438)   coste      66       66
( 328, 400)   coste      50       50
( 218, 416)   coste      23       23
( 218, 221)   coste      14       14
( 218, 417)   coste      69       69
( 206, 436)   coste      35       35
( 262, 436)   coste      67       67
( 228, 255)   coste      73       73
( 320, 321)   coste      36       36
( 320, 362)   coste      25       25
( 320, 322)   coste      34       34
( 320, 439)   coste      43       43
( 320, 323)   coste      15       15
( 320, 440)   coste      35       35
( 222, 250)   coste      20       20
( 390, 391)   coste      31       31
(  17, 441)   coste      14       14
(  17,  18)   coste      32       32
(  17, 442)   coste      79       79
( 257, 385)   coste      50       50
( 148, 385)   coste      19       19
( 109, 110)   coste      66       66
( 354, 355)   coste      35       35
( 354, 356)   coste      68       68
( 443, 444)   coste      25       25
( 443, 445)   coste      44       44
( 443, 446)   coste      26       26
( 321, 322)   coste      40       40
( 321, 439)   coste      51       51
( 321, 325)   coste      35       35
( 391, 447)   coste      22       22
( 391, 392)   coste      24       24
( 391, 448)   coste      34       34
( 449, 450)   coste      54       54
( 449, 451)   coste      28       28
( 371, 449)   coste      48       48
( 121, 122)   coste      36       36
( 121, 216)   coste      10       10
( 121, 428)   coste      13       13
( 243, 288)   coste      55       55
( 190, 349)   coste      40       40
( 349, 370)   coste      40       40
( 317, 452)   coste      22       22
( 317, 453)   coste      32       32
( 317, 454)   coste      30       30
( 362, 439)   coste      34       34
( 323, 362)   coste      36       36
( 362, 363)   coste      53       53
( 219, 220)   coste      65       65
(  88, 455)   coste       5        5
(  88, 356)   coste       8        8
(  31,  69)   coste      47       47
(  69,  70)   coste      35       35
( 394, 395)   coste      47       47
( 394, 396)   coste      22       22
( 432, 456)   coste      45       45
( 275, 432)   coste      43       43
( 192, 432)   coste      30       30
( 291, 301)   coste      10       10
( 301, 457)   coste      34       34
( 105, 301)   coste      22       22
( 293, 301)   coste      45       45
( 356, 455)   coste      12       12
(  19, 298)   coste      18       18
( 298, 458)   coste      66       66
( 253, 411)   coste      40       40
( 292, 411)   coste      48       48
( 401, 411)   coste      61       61
( 293, 411)   coste      45       45
( 206, 209)   coste      49       49
(  18, 441)   coste      25       25
( 315, 441)   coste      36       36
( 441, 442)   coste      75       75
( 368, 450)   coste      60       60
( 368, 459)   coste      33       33
(  21, 244)   coste      37       37
(  21, 117)   coste      20       20
( 248, 250)   coste      66       66
(  46, 228)   coste      46       46
( 434, 456)   coste      16       16
( 434, 460)   coste      38       38
( 434, 435)   coste      18       18
( 192, 434)   coste      35       35
( 434, 461)   coste      20       20
( 211, 223)   coste      46       46
( 104, 404)   coste      47       47
(  78, 462)   coste      34       34
(  78,  79)   coste      47       47
(  78,  80)   coste      38       38
(  78,  81)   coste      11       11
(  78, 345)   coste      23       23
( 181, 183)   coste      38       38
( 181, 420)   coste      33       33
( 181, 184)   coste      41       41
( 295, 463)   coste      42       42
(   3, 295)   coste      63       63
( 322, 464)   coste      56       56
( 322, 323)   coste      23       23
( 322, 465)   coste      55       55
( 318, 397)   coste      50       50
(  39, 397)   coste      34       34
( 397, 446)   coste      19       19
( 397, 466)   coste      35       35
( 397, 467)   coste      39       39
( 183, 468)   coste      60       60
( 208, 468)   coste      38       38
(  81, 462)   coste      27       27
( 105, 291)   coste      20       20
( 291, 329)   coste      45       45
( 338, 339)   coste      63       63
( 338, 340)   coste      58       58
( 338, 342)   coste      83       83
( 433, 469)   coste      48       48
(  60, 433)   coste      53       53
( 421, 470)   coste      66       66
( 288, 470)   coste      17       17
( 344, 470)   coste      15       15
( 376, 470)   coste      69       69
( 126, 463)   coste      62       62
(   3, 114)   coste      61       61
(   3, 471)   coste      22       22
(   4,   6)   coste      32       32
(   4, 234)   coste      75       75
(   4,   7)   coste      19       19
( 190, 464)   coste      31       31
( 464, 465)   coste      55       55
( 182, 424)   coste      50       50
( 138, 412)   coste      42       42
( 138, 139)   coste      13       13
( 435, 456)   coste      23       23
( 192, 456)   coste      21       21
( 167, 456)   coste      47       47
( 344, 421)   coste      74       74
( 376, 421)   coste      11       11
( 305, 419)   coste      40       40
( 419, 420)   coste      49       49
( 207, 419)   coste      43       43
( 288, 344)   coste      12       12
( 304, 305)   coste      48       48
( 272, 304)   coste      21       21
( 304, 386)   coste      45       45
( 273, 304)   coste      49       49
( 408, 472)   coste      47       47
( 442, 472)   coste      40       40
( 409, 472)   coste      27       27
( 130, 395)   coste      65       65
( 392, 395)   coste      40       40
( 408, 473)   coste      86       86
( 110, 275)   coste      57       57
( 215, 275)   coste      38       38
( 220, 340)   coste      49       49
( 220, 416)   coste       6        6
( 220, 342)   coste      31       31
(  65, 101)   coste      40       40
(  40, 101)   coste      39       39
( 281, 318)   coste      21       21
(  24,  26)   coste      61       61
(  24, 232)   coste      20       20
(  24, 116)   coste      23       23
( 165, 166)   coste      63       63
( 165, 263)   coste      94       94
( 165, 412)   coste      65       65
(  64,  65)   coste      27       27
(  64, 474)   coste      37       37
(  64, 365)   coste      35       35
( 450, 475)   coste      51       51
( 450, 451)   coste      29       29
( 450, 476)   coste      62       62
( 377, 450)   coste      48       48
( 450, 477)   coste      47       47
(  36, 450)   coste      57       57
( 459, 475)   coste      71       71
( 377, 475)   coste      64       64
(  36, 475)   coste       9        9
( 125, 140)   coste      73       73
(  18, 315)   coste      41       41
( 262, 437)   coste      59       59
(  97, 437)   coste     109      109
(  65, 474)   coste      49       49
( 253, 254)   coste      46       46
( 276, 373)   coste      45       45
( 277, 373)   coste      67       67
( 284, 373)   coste      31       31
( 196, 213)   coste      66       66
( 213, 215)   coste      25       25
(  79,  81)   coste      42       42
(  79, 478)   coste      74       74
( 328, 339)   coste      46       46
( 392, 447)   coste      45       45
( 447, 448)   coste      22       22
( 479, 480)   coste      25       25
( 289, 479)   coste      47       47
( 478, 479)   coste      45       45
( 448, 479)   coste      36       36
( 481, 482)   coste      89       89
( 263, 481)   coste      94       94
( 428, 481)   coste      95       95
( 312, 481)   coste      45       45
( 313, 481)   coste      86       86
(  83, 483)   coste      23       23
(  51, 483)   coste      46       46
( 426, 460)   coste      90       90
( 196, 426)   coste      74       74
( 417, 426)   coste      58       58
( 478, 484)   coste      21       21
( 448, 484)   coste      58       58
( 190, 465)   coste      33       33
( 161, 335)   coste      42       42
( 161, 162)   coste      16       16
( 161, 163)   coste      49       49
( 161, 201)   coste      68       68
( 310, 311)   coste      42       42
( 153, 310)   coste      36       36
( 310, 313)   coste      31       31
( 444, 445)   coste      30       30
( 444, 446)   coste      41       41
( 444, 485)   coste      11       11
( 444, 486)   coste      41       41
( 408, 442)   coste      79       79
( 315, 442)   coste      67       67
( 452, 453)   coste      49       49
( 369, 370)   coste      23       23
( 369, 371)   coste      26       26
(  46, 487)   coste      30       30
(  46, 488)   coste      55       55
(  46,  48)   coste      15       15
( 157, 430)   coste      39       39
( 424, 430)   coste      79       79
( 113, 114)   coste      39       39
( 113, 153)   coste      62       62
( 239, 265)   coste      29       29
( 239, 266)   coste      73       73
( 380, 489)   coste      36       36
( 231, 489)   coste      45       45
( 233, 489)   coste      63       63
( 469, 489)   coste      65       65
(  54, 489)   coste      55       55
( 363, 402)   coste      59       59
(  47, 406)   coste      24       24
(  47,  48)   coste      48       48
( 435, 461)   coste       8        8
( 173, 438)   coste      70       70
( 311, 482)   coste      41       41
( 214, 258)   coste      34       34
( 214, 215)   coste      32       32
(   5, 424)   coste      81       81
( 157, 158)   coste      49       49
( 157, 184)   coste      32       32
(   6, 424)   coste      78       78
(   6,   7)   coste      48       48
( 289, 480)   coste      54       54
(  30, 351)   coste      40       40
(  70, 351)   coste      50       50
( 267, 351)   coste      37       37
( 130, 131)   coste      33       33
(  31, 336)   coste      59       59
( 163, 336)   coste      41       41
( 312, 482)   coste      78       78
( 313, 482)   coste      60       60
( 234, 235)   coste      57       57
(  14, 234)   coste      30       30
(  42,  43)   coste      41       41
(  42, 490)   coste      26       26
( 487, 488)   coste      30       30
(  48, 487)   coste      21       21
( 200, 491)   coste      39       39
( 201, 491)   coste      70       70
( 244, 245)   coste      34       34
(  22, 244)   coste      17       17
( 244, 246)   coste      38       38
( 323, 440)   coste      27       27
(  83,  89)   coste      43       43
(  35,  83)   coste      22       22
( 147, 305)   coste      37       37
(  54, 380)   coste      48       48
( 207, 262)   coste      64       64
(  58, 271)   coste      70       70
(  58, 382)   coste      69       69
(  58, 492)   coste      17       17
( 453, 454)   coste      48       48
(  80,  81)   coste      46       46
(  80, 345)   coste      30       30
(  80, 376)   coste      69       69
(  29,  30)   coste      67       67
( 392, 396)   coste      43       43
( 307, 493)   coste      46       46
( 260, 307)   coste       6        6
( 231, 233)   coste      47       47
(  54, 231)   coste      47       47
( 327, 457)   coste      33       33
( 105, 457)   coste      43       43
( 329, 457)   coste      32       32
(  75,  76)   coste      41       41
( 197, 211)   coste       8        8
( 327, 329)   coste       7        7
( 422, 494)   coste      34       34
( 186, 494)   coste      42       42
( 494, 495)   coste       7        7
( 474, 496)   coste      34       34
( 474, 497)   coste      53       53
( 235, 445)   coste      49       49
(  12, 235)   coste      40       40
( 235, 498)   coste      53       53
(  14, 235)   coste      49       49
( 147, 149)   coste      55       55
(  44,  96)   coste      61       61
(  96,  97)   coste      42       42
(  96, 490)   coste      99       99
( 162, 163)   coste      43       43
( 110, 192)   coste      48       48
( 192, 461)   coste      38       38
(  89,  90)   coste      33       33
(   7, 115)   coste      66       66
( 445, 496)   coste      38       38
( 445, 446)   coste      42       42
( 445, 498)   coste      14       14
( 271, 382)   coste      35       35
( 271, 273)   coste      42       42
( 186, 422)   coste      24       24
( 422, 495)   coste      36       36
( 422, 423)   coste      33       33
(  59, 382)   coste      61       61
(  59, 492)   coste       9        9
(  51, 488)   coste      55       55
( 283, 284)   coste       9        9
( 143, 283)   coste      54       54
( 261, 283)   coste      15       15
( 200, 249)   coste      45       45
( 249, 250)   coste      62       62
( 200, 201)   coste      33       33
(  43,  44)   coste      38       38
(  43, 490)   coste      30       30
(  26, 142)   coste      28       28
( 265, 266)   coste      62       62
( 377, 451)   coste      69       69
( 451, 477)   coste      64       64
( 371, 451)   coste      70       70
( 284, 493)   coste      30       30
( 261, 493)   coste      32       32
( 448, 478)   coste      71       71
(  30,  31)   coste      42       42
(  30, 352)   coste      48       48
(  30, 267)   coste       6        6
( 166, 167)   coste      52       52
( 263, 312)   coste      83       83
( 260, 278)   coste      66       66
( 260, 261)   coste      49       49
( 148, 257)   coste      49       49
( 105, 329)   coste      50       50
(  39, 446)   coste      26       26
(  39, 466)   coste      18       18
(  39, 467)   coste      12       12
( 377, 476)   coste      19       19
(  36, 476)   coste      59       59
(  22, 245)   coste      49       49
( 245, 246)   coste      10       10
( 496, 497)   coste      37       37
( 409, 442)   coste      36       36
( 272, 386)   coste      44       44
( 272, 387)   coste      63       63
( 272, 273)   coste      33       33
(  12,  14)   coste      38       38
( 446, 466)   coste      19       19
( 446, 498)   coste      40       40
( 446, 497)   coste      35       35
(  50, 459)   coste      50       50
(  50,  51)   coste      28       28
( 466, 498)   coste      40       40
( 466, 467)   coste       8        8
( 466, 497)   coste      17       17
(  13, 382)   coste      47       47
( 406, 459)   coste      59       59
(  51, 459)   coste      76       76
( 276, 277)   coste      26       26
( 355, 356)   coste      35       35
(  70, 352)   coste      48       48
(  70, 410)   coste      66       66
( 377, 477)   coste      10       10
(  36, 377)   coste      63       63
( 340, 341)   coste      52       52
( 386, 387)   coste      23       23
( 273, 386)   coste      36       36
( 277, 278)   coste      65       65
( 221, 416)   coste      36       36
( 341, 416)   coste      48       48
( 273, 387)   coste      43       43
( 485, 486)   coste      36       36
(  44,  97)   coste     100      100
(  44, 490)   coste      56       56
(  66, 221)   coste      59       59
( 221, 417)   coste      71       71
(  36, 477)   coste      70       70
( 208, 209)   coste      17       17
( 116, 232)   coste      10       10
( 414, 458)   coste      27       27
(  54, 233)   coste      11       11
(  55, 233)   coste      15       15
( 167, 461)   coste      42       42
( 167, 168)   coste      20       20
(  60, 469)   coste      65       65
(  48, 406)   coste      65       65
( 423, 495)   coste       4        4
( 418, 458)   coste      53       53
( 381, 418)   coste      33       33
( 365, 492)   coste      64       64
( 467, 497)   coste      17       17
( 179, 465)   coste      47       47
( 325, 388)   coste      33       33
( 143, 284)   coste      48       48
( 168, 461)   coste      43       43
( 168, 454)   coste      41       41
(  54,  55)   coste      23       23
LISTA_ARISTAS_NOREQ :
(   2,   6)   coste      29       29
(   5,   6)   coste     111      111
(   5, 182)   coste      52       52
(   6, 234)   coste      59       59
(  10, 158)   coste      21       21
(  10, 430)   coste      35       35
(  15, 296)   coste      48       48
(  16,  52)   coste      71       71
(  18, 226)   coste      87       87
(  21,  22)   coste      38       38
(  22, 246)   coste      51       51
(  23, 256)   coste      56       56
(  25,  26)   coste      18       18
(  25, 142)   coste      11       11
(  25, 374)   coste      29       29
(  26, 374)   coste      44       44
(  27, 267)   coste      59       59
(  28,  29)   coste      12       12
(  30,  70)   coste      61       61
(  33, 476)   coste      69       69
(  35,  82)   coste      43       43
(  35, 483)   coste      43       43
(  38,  39)   coste      41       41
(  38, 281)   coste      26       26
(  38, 318)   coste      44       44
(  41, 490)   coste      15       15
(  42,  44)   coste      76       76
(  43,  96)   coste      96       96
(  45, 178)   coste      56       56
(  45, 406)   coste      56       56
(  45, 487)   coste      42       42
(  47, 487)   coste      55       55
(  49,  82)   coste      20       20
(  49, 483)   coste      51       51
(  50, 488)   coste      65       65
(  51,  82)   coste      24       24
(  52, 233)   coste      63       63
(  53, 381)   coste      57       57
(  56, 492)   coste      28       28
(  57,  63)   coste      52       52
(  57, 268)   coste      58       58
(  58,  59)   coste      21       21
(  59, 271)   coste      71       71
(  60, 172)   coste      67       67
(  61,  98)   coste      36       36
(  61, 100)   coste      19       19
(  61, 101)   coste      38       38
(  63, 268)   coste      54       54
(  65, 100)   coste      30       30
(  66, 101)   coste       9        9
(  67, 330)   coste      66       66
(  67, 334)   coste      76       76
(  69, 330)   coste      44       44
(  69, 336)   coste      38       38
(  71, 143)   coste      76       76
(  72,  74)   coste      44       44
(  73,  74)   coste      49       49
(  74,  76)   coste      45       45
(  77, 345)   coste      21       21
(  77, 462)   coste      32       32
(  79, 238)   coste      41       41
(  79, 462)   coste      17       17
(  81, 160)   coste      52       52
(  82, 483)   coste      34       34
(  84, 356)   coste      27       27
(  85, 354)   coste      54       54
(  85, 355)   coste      26       26
(  86, 483)   coste      43       43
(  87,  88)   coste       7        7
(  87,  89)   coste      43       43
(  87, 455)   coste       4        4
(  88, 355)   coste      39       39
(  93,  94)   coste      59       59
(  93,  95)   coste      28       28
(  93, 437)   coste      39       39
(  94,  95)   coste      84       84
( 102, 290)   coste      21       21
( 102, 404)   coste      35       35
( 103, 104)   coste      29       29
( 103, 301)   coste      26       26
( 104, 292)   coste      15       15
( 104, 293)   coste      41       41
( 106, 137)   coste      46       46
( 106, 431)   coste      42       42
( 107, 109)   coste      48       48
( 108, 136)   coste      36       36
( 108, 137)   coste      18       18
( 110, 432)   coste      41       41
( 115, 486)   coste      48       48
( 116, 117)   coste      61       61
( 118, 216)   coste       9        9
( 119, 121)   coste      48       48
( 120, 427)   coste      18       18
( 123, 294)   coste      63       63
( 123, 405)   coste      56       56
( 123, 463)   coste      61       61
( 126, 295)   coste      39       39
( 127, 395)   coste      40       40
( 129, 395)   coste      59       59
( 130, 402)   coste      35       35
( 131, 363)   coste      57       57
( 131, 402)   coste       5        5
( 132, 326)   coste      53       53
( 132, 378)   coste      55       55
( 133, 241)   coste      14       14
( 134, 412)   coste      36       36
( 135, 412)   coste      23       23
( 137, 139)   coste      32       32
( 140, 216)   coste      34       34
( 141, 372)   coste      34       34
( 142, 372)   coste      36       36
( 142, 374)   coste      27       27
( 143, 373)   coste      38       38
( 145, 148)   coste      28       28
( 146, 204)   coste      67       67
( 146, 262)   coste      18       18
( 147, 302)   coste      56       56
( 147, 304)   coste      57       57
( 148, 149)   coste      26       26
( 149, 385)   coste      26       26
( 150, 452)   coste      54       54
( 152, 153)   coste      10       10
( 152, 309)   coste      62       62
( 152, 313)   coste      43       43
( 154, 452)   coste      31       31
( 154, 454)   coste      33       33
( 155, 270)   coste      39       39
( 155, 430)   coste      35       35
( 156, 158)   coste      49       49
( 156, 269)   coste      18       18
( 157, 182)   coste     108      108
( 158, 430)   coste      21       21
( 160, 237)   coste      54       54
( 164, 191)   coste      36       36
( 164, 454)   coste      54       54
( 166, 191)   coste      38       38
( 166, 412)   coste      40       40
( 167, 191)   coste      26       26
( 168, 453)   coste      49       49
( 170, 314)   coste      14       14
( 170, 379)   coste      81       81
( 171, 173)   coste      67       67
( 171, 379)   coste      73       73
( 172, 174)   coste      56       56
( 172, 469)   coste       5        5
( 176, 429)   coste      63       63
( 180, 468)   coste      65       65
( 181, 468)   coste      34       34
( 183, 184)   coste      47       47
( 184, 420)   coste      55       55
( 185, 422)   coste      33       33
( 186, 423)   coste      45       45
( 186, 495)   coste      47       47
( 187, 383)   coste      48       48
( 188, 358)   coste      85       85
( 188, 383)   coste      51       51
( 189, 465)   coste      32       32
( 191, 456)   coste      40       40
( 193, 210)   coste      72       72
( 193, 211)   coste      36       36
( 193, 223)   coste      21       21
( 194, 196)   coste      63       63
( 194, 197)   coste      18       18
( 195, 197)   coste      24       24
( 199, 200)   coste      81       81
( 199, 421)   coste      39       39
( 205, 207)   coste      26       26
( 205, 420)   coste      55       55
( 205, 468)   coste      45       45
( 206, 437)   coste      53       53
( 212, 223)   coste      56       56
( 212, 258)   coste      41       41
( 212, 274)   coste      43       43
( 213, 214)   coste      40       40
( 217, 341)   coste      44       44
( 217, 416)   coste      51       51
( 218, 415)   coste      52       52
( 219, 337)   coste      67       67
( 219, 341)   coste      26       26
( 220, 341)   coste      43       43
( 222, 223)   coste      61       61
( 222, 248)   coste      57       57
( 225, 226)   coste      66       66
( 225, 429)   coste      69       69
( 227, 488)   coste      76       76
( 228, 488)   coste      60       60
( 229, 257)   coste      65       65
( 230, 233)   coste      29       29
( 234, 486)   coste      60       60
( 236, 265)   coste      64       64
( 236, 266)   coste      25       25
( 238, 266)   coste      59       59
( 238, 462)   coste      35       35
( 240, 470)   coste      43       43
( 241, 242)   coste      41       41
( 243, 378)   coste      35       35
( 246, 473)   coste      59       59
( 247, 357)   coste      36       36
( 249, 357)   coste      56       56
( 249, 359)   coste      81       81
( 249, 491)   coste       7        7
( 251, 403)   coste      56       56
( 251, 411)   coste      64       64
( 254, 255)   coste      39       39
( 256, 385)   coste      51       51
( 259, 282)   coste      27       27
( 260, 283)   coste      58       58
( 260, 493)   coste      43       43
( 261, 282)   coste      50       50
( 269, 382)   coste      40       40
( 270, 382)   coste      55       55
( 271, 387)   coste      78       78
( 276, 372)   coste      62       62
( 276, 374)   coste      67       67
( 278, 493)   coste      44       44
( 279, 460)   coste      16       16
( 280, 426)   coste      68       68
( 280, 456)   coste      39       39
( 280, 460)   coste      38       38
( 280, 461)   coste      43       43
( 283, 306)   coste      62       62
( 283, 493)   coste      27       27
( 285, 343)   coste      31       31
( 285, 344)   coste      34       34
( 285, 346)   coste      37       37
( 286, 289)   coste      34       34
( 287, 289)   coste      37       37
( 289, 343)   coste      34       34
( 289, 346)   coste      30       30
( 291, 327)   coste      49       49
( 291, 457)   coste      26       26
( 292, 293)   coste      34       34
( 294, 471)   coste       4        4
( 295, 405)   coste      49       49
( 296, 418)   coste      57       57
( 297, 413)   coste      56       56
( 297, 458)   coste      52       52
( 298, 418)   coste      72       72
( 300, 438)   coste      10       10
( 302, 419)   coste      43       43
( 306, 493)   coste      44       44
( 308, 482)   coste      40       40
( 312, 313)   coste      47       47
( 316, 452)   coste      65       65
( 316, 453)   coste      60       60
( 319, 440)   coste      17       17
( 320, 360)   coste      26       26
( 321, 324)   coste      34       34
( 321, 440)   coste      31       31
( 322, 440)   coste      11       11
( 324, 325)   coste       4        4
( 324, 388)   coste      34       34
( 324, 393)   coste      42       42
( 326, 378)   coste      31       31
( 327, 378)   coste      46       46
( 333, 335)   coste      46       46
( 334, 335)   coste      85       85
( 339, 398)   coste      16       16
( 340, 342)   coste      33       33
( 341, 342)   coste      21       21
( 347, 464)   coste      22       22
( 348, 366)   coste      42       42
( 348, 371)   coste      42       42
( 350, 410)   coste      43       43
( 351, 352)   coste       9        9
( 352, 410)   coste      49       49
( 354, 409)   coste      70       70
( 357, 491)   coste      60       60
( 359, 491)   coste      79       79
( 365, 474)   coste      44       44
( 368, 475)   coste      52       52
( 369, 449)   coste      48       48
( 370, 371)   coste      46       46
( 375, 376)   coste      51       51
( 381, 414)   coste      58       58
( 381, 458)   coste      39       39
( 388, 404)   coste      55       55
( 389, 395)   coste      36       36
( 389, 447)   coste      29       29
( 389, 448)   coste      25       25
( 390, 447)   coste      20       20
( 390, 448)   coste      41       41
( 392, 394)   coste      28       28
( 393, 439)   coste      25       25
( 397, 443)   coste      19       19
( 401, 438)   coste      54       54
( 403, 411)   coste      17       17
( 405, 463)   coste       9        9
( 407, 442)   coste      37       37
( 407, 472)   coste      50       50
( 407, 473)   coste      31       31
( 413, 458)   coste      22       22
( 420, 468)   coste      43       43
( 423, 494)   coste       8        8
( 435, 460)   coste      33       33
( 436, 437)   coste      20       20
( 442, 473)   coste      64       64
( 443, 485)   coste      22       22
( 446, 467)   coste      25       25
( 448, 480)   coste      58       58
( 452, 454)   coste      16       16
( 453, 460)   coste      53       53
( 456, 461)   coste      18       18
( 466, 496)   coste      47       47
( 475, 476)   coste      63       63
( 476, 477)   coste      28       28
( 480, 484)   coste       1        1
( 496, 498)   coste      25       25
( 497, 498)   coste      40       40
