NOMBRE : UR552
COMENTARIO :  80  componentes 
VERTICES :  388
ARISTAS_REQ :  322
ARISTAS_NOREQ :  813
LISTA_ARISTAS_REQ :
(   1,   2)   coste      52       52
(   1,   3)   coste      44       44
(   1,   4)   coste      61       61
(   5,   6)   coste      48       48
(   5,   7)   coste      60       60
(   5,   8)   coste      22       22
(   5,   9)   coste      63       63
(  10,  11)   coste      47       47
(  12,  13)   coste      51       51
(  12,  14)   coste      56       56
(  15,  16)   coste      72       72
(  15,  17)   coste      51       51
(  18,  19)   coste      61       61
(  18,  20)   coste      44       44
(  18,  21)   coste      53       53
(  22,  23)   coste      41       41
(  24,  25)   coste      16       16
(  26,  27)   coste      29       29
(  20,  28)   coste      42       42
(  28,  29)   coste      29       29
(  30,  31)   coste      40       40
(  30,  32)   coste      18       18
(  30,  33)   coste      42       42
(  34,  35)   coste      31       31
(  36,  37)   coste      49       49
(   2,  38)   coste      50       50
(  39,  40)   coste      52       52
(  39,  41)   coste      53       53
(  42,  43)   coste      46       46
(  44,  45)   coste      62       62
(  46,  47)   coste      49       49
(  46,  48)   coste      75       75
(  46,  49)   coste      33       33
(  50,  51)   coste      40       40
(  48,  52)   coste      70       70
(  53,  54)   coste      55       55
(  55,  56)   coste      12       12
(  55,  57)   coste      57       57
(  55,  58)   coste      55       55
(  59,  60)   coste      72       72
(  59,  61)   coste      61       61
(  62,  63)   coste      14       14
(  38,  64)   coste      49       49
(  65,  66)   coste      45       45
(  67,  68)   coste      58       58
(  69,  70)   coste      38       38
(  69,  71)   coste      41       41
(  72,  73)   coste      34       34
(  51,  72)   coste      47       47
(  74,  75)   coste      43       43
(  68,  76)   coste      12       12
(  77,  78)   coste      23       23
(  79,  80)   coste      43       43
(  81,  82)   coste      44       44
(  81,  83)   coste      54       54
(  81,  84)   coste      29       29
(  85,  86)   coste      67       67
(  85,  87)   coste      20       20
(  88,  89)   coste      53       53
(  88,  90)   coste      29       29
(  91,  92)   coste      62       62
(  93,  94)   coste      48       48
(  95,  96)   coste      90       90
(  97,  98)   coste      57       57
(  64,  99)   coste      49       49
( 100, 101)   coste      36       36
(  83, 102)   coste      48       48
( 102, 103)   coste      19       19
(  57, 104)   coste      36       36
( 105, 106)   coste      32       32
(  66, 105)   coste      38       38
( 107, 108)   coste      14       14
( 107, 109)   coste      40       40
(  16, 110)   coste      65       65
( 110, 111)   coste      27       27
(  56, 112)   coste      46       46
(  56, 113)   coste      42       42
( 114, 115)   coste      48       48
( 114, 116)   coste      45       45
( 117, 118)   coste      48       48
( 119, 120)   coste      51       51
( 121, 122)   coste      21       21
( 123, 124)   coste      15       15
( 123, 125)   coste      14       14
( 126, 127)   coste      39       39
(  80, 126)   coste      63       63
(  75, 128)   coste      42       42
( 129, 130)   coste      36       36
( 131, 132)   coste      52       52
( 131, 133)   coste      24       24
( 134, 135)   coste      16       16
( 134, 136)   coste      31       31
( 137, 138)   coste      50       50
( 137, 139)   coste      80       80
( 140, 141)   coste      46       46
( 140, 142)   coste      29       29
( 140, 143)   coste      39       39
( 144, 145)   coste      26       26
(  60, 146)   coste      42       42
( 146, 147)   coste      62       62
(  16, 148)   coste      69       69
(  16, 111)   coste      50       50
( 149, 150)   coste      91       91
( 149, 151)   coste      79       79
( 149, 152)   coste      34       34
( 153, 154)   coste      47       47
( 153, 155)   coste      24       24
( 156, 157)   coste      29       29
( 156, 158)   coste      35       35
( 159, 160)   coste      69       69
( 161, 162)   coste      27       27
(   4, 161)   coste      75       75
(  92, 163)   coste      46       46
( 164, 165)   coste      47       47
( 166, 167)   coste      51       51
( 166, 168)   coste      45       45
( 166, 169)   coste      55       55
( 120, 170)   coste      25       25
( 115, 171)   coste      49       49
( 172, 173)   coste       8        8
( 174, 175)   coste      32       32
( 176, 177)   coste      30       30
( 178, 179)   coste      38       38
( 178, 180)   coste      37       37
(  27, 181)   coste      39       39
( 122, 182)   coste       2        2
( 173, 182)   coste      84       84
( 183, 184)   coste      55       55
( 185, 186)   coste      36       36
( 150, 187)   coste      96       96
( 188, 189)   coste      56       56
( 188, 190)   coste      52       52
( 188, 191)   coste      56       56
(   6,   8)   coste      51       51
( 192, 193)   coste      52       52
( 192, 194)   coste      47       47
( 192, 195)   coste      90       90
( 186, 196)   coste      54       54
( 197, 198)   coste      34       34
( 197, 199)   coste      21       21
( 138, 200)   coste      81       81
( 200, 201)   coste      20       20
( 202, 203)   coste      21       21
( 202, 204)   coste      91       91
( 205, 206)   coste      35       35
( 205, 207)   coste      55       55
( 208, 209)   coste      21       21
( 210, 211)   coste      50       50
( 212, 213)   coste      33       33
( 154, 214)   coste      46       46
(  54,  70)   coste      47       47
( 204, 215)   coste      51       51
( 151, 215)   coste      76       76
( 216, 217)   coste      56       56
( 112, 218)   coste      27       27
(  19, 219)   coste      63       63
( 220, 221)   coste      31       31
( 222, 223)   coste      83       83
( 124, 224)   coste      44       44
( 225, 226)   coste       6        6
( 227, 228)   coste      60       60
( 227, 229)   coste      43       43
( 101, 230)   coste      59       59
( 190, 231)   coste      61       61
( 232, 233)   coste      49       49
( 234, 235)   coste      26       26
( 147, 236)   coste      31       31
(  17, 237)   coste      67       67
( 238, 239)   coste      58       58
( 240, 241)   coste       7        7
(  89, 242)   coste      23       23
(  89, 133)   coste      36       36
( 243, 244)   coste      47       47
( 243, 245)   coste      36       36
(  45, 246)   coste      35       35
(  63, 141)   coste      17       17
(  63, 247)   coste      20       20
( 213, 248)   coste      30       30
( 249, 250)   coste      36       36
( 249, 251)   coste      26       26
(  73, 252)   coste      17       17
( 252, 253)   coste      10       10
( 252, 254)   coste      53       53
( 255, 256)   coste      37       37
( 255, 257)   coste      51       51
( 151, 203)   coste      38       38
( 258, 259)   coste      67       67
( 229, 260)   coste      51       51
( 229, 261)   coste       3        3
( 229, 262)   coste      40       40
( 116, 263)   coste      54       54
( 264, 265)   coste      43       43
( 264, 266)   coste      58       58
( 160, 267)   coste      83       83
( 268, 269)   coste      54       54
( 233, 270)   coste      46       46
( 233, 271)   coste      50       50
( 272, 273)   coste      38       38
( 267, 272)   coste      33       33
( 274, 275)   coste      52       52
( 276, 277)   coste      64       64
(  13, 278)   coste      24       24
( 130, 157)   coste      17       17
( 279, 280)   coste      36       36
(   3, 281)   coste       7        7
(   3, 195)   coste      85       85
( 282, 283)   coste      41       41
( 132, 133)   coste      35       35
( 198, 245)   coste      16       16
(  43, 270)   coste      52       52
(   7, 180)   coste      48       48
( 284, 285)   coste      16       16
(  14, 273)   coste      50       50
(  11,  14)   coste      16       16
(  21, 286)   coste      64       64
( 266, 287)   coste       6        6
( 169, 288)   coste      28       28
( 289, 290)   coste      18       18
( 289, 291)   coste      21       21
( 292, 293)   coste      27       27
( 269, 294)   coste      59       59
( 294, 295)   coste      67       67
( 294, 296)   coste      69       69
(  86, 297)   coste      52       52
( 298, 299)   coste      69       69
(  82, 300)   coste      26       26
(  82,  94)   coste      54       54
( 116, 301)   coste      47       47
(  83, 300)   coste      11       11
( 125, 302)   coste      55       55
( 302, 303)   coste      11       11
( 290, 304)   coste      25       25
( 291, 304)   coste      41       41
( 211, 305)   coste      59       59
(  99, 306)   coste      72       72
( 306, 307)   coste      74       74
( 308, 309)   coste      14       14
( 307, 310)   coste      79       79
(  32,  33)   coste      49       49
(  23, 297)   coste      56       56
( 311, 312)   coste      11       11
( 313, 314)   coste      55       55
( 256, 315)   coste      54       54
(  61, 316)   coste      65       65
( 151, 204)   coste      89       89
( 168, 317)   coste      40       40
(  43, 318)   coste      29       29
( 319, 320)   coste      57       57
( 321, 322)   coste      41       41
(   8,   9)   coste      61       61
( 323, 324)   coste      23       23
( 254, 325)   coste      62       62
(  84, 300)   coste      43       43
( 169, 326)   coste      51       51
( 301, 327)   coste      34       34
( 328, 329)   coste      33       33
( 330, 331)   coste      66       66
( 181, 224)   coste      58       58
( 332, 333)   coste      39       39
( 334, 335)   coste      26       26
( 334, 336)   coste      30       30
( 261, 337)   coste      20       20
( 191, 257)   coste      27       27
( 257, 338)   coste      52       52
(  92, 241)   coste       9        9
( 331, 339)   coste      64       64
( 335, 336)   coste       7        7
( 103, 335)   coste      43       43
( 340, 341)   coste      69       69
( 266, 340)   coste      70       70
( 342, 343)   coste      67       67
( 273, 344)   coste      61       61
(   4, 281)   coste      68       68
(  58, 345)   coste      62       62
( 346, 347)   coste      44       44
(  41, 348)   coste      46       46
(  45, 236)   coste      54       54
(   4, 349)   coste      46       46
( 181, 350)   coste      41       41
( 125, 351)   coste      56       56
( 333, 350)   coste      55       55
( 184, 352)   coste      39       39
( 241, 353)   coste      42       42
( 173, 354)   coste       4        4
( 297, 355)   coste      40       40
( 312, 356)   coste      30       30
( 290, 320)   coste      56       56
(  40, 357)   coste       6        6
( 358, 359)   coste      30       30
( 331, 360)   coste      48       48
( 269, 361)   coste      38       38
( 285, 362)   coste      70       70
( 169, 209)   coste      38       38
(  33, 363)   coste      46       46
( 271, 364)   coste      31       31
( 291, 364)   coste      46       46
( 209, 295)   coste      32       32
( 201, 365)   coste      11       11
( 251, 365)   coste      48       48
( 366, 367)   coste      55       55
( 155, 368)   coste      30       30
( 369, 370)   coste      42       42
( 351, 371)   coste      66       66
(  43, 372)   coste       8        8
( 360, 373)   coste      21       21
( 360, 374)   coste      53       53
( 370, 375)   coste      16       16
(  33, 324)   coste      28       28
( 214, 266)   coste      56       56
( 329, 376)   coste      15       15
( 377, 378)   coste      59       59
( 193, 195)   coste      50       50
( 379, 380)   coste      40       40
(  35, 291)   coste      21       21
( 380, 381)   coste      61       61
( 143, 381)   coste      34       34
( 133, 382)   coste      53       53
( 201, 383)   coste      14       14
( 250, 383)   coste      48       48
( 165, 384)   coste      19       19
( 385, 386)   coste       6        6
( 387, 388)   coste      55       55
LISTA_ARISTAS_NOREQ :
(   1,  64)   coste      77       77
(   1, 192)   coste      53       53
(   1, 194)   coste      11       11
(   1, 281)   coste      39       39
(   2, 161)   coste      15       15
(   2, 162)   coste      40       40
(   3,  64)   coste      99       99
(   3, 137)   coste     137      137
(   3, 138)   coste     159      159
(   3, 139)   coste      70       70
(   3, 192)   coste      75       75
(   3, 193)   coste      41       41
(   3, 194)   coste      35       35
(   3, 249)   coste     175      175
(   4, 139)   coste      78       78
(   4, 194)   coste      68       68
(   5, 112)   coste     134      134
(   5, 218)   coste     147      147
(   5, 283)   coste     147      147
(   5, 308)   coste     124      124
(   6,   7)   coste      56       56
(   6,   9)   coste      18       18
(   6, 224)   coste      64       64
(   7, 123)   coste      39       39
(   7, 124)   coste      40       40
(   7, 125)   coste      45       45
(   7, 224)   coste      39       39
(   7, 351)   coste      86       86
(   8, 112)   coste     139      139
(   8, 218)   coste     152      152
(   8, 283)   coste     152      152
(   8, 308)   coste     129      129
(   9,  41)   coste      62       62
(   9, 322)   coste      80       80
(   9, 348)   coste     105      105
(  10,  12)   coste      86       86
(  10,  14)   coste      47       47
(  10, 273)   coste      93       93
(  10, 344)   coste      60       60
(  11,  12)   coste      43       43
(  11, 273)   coste      62       62
(  12, 222)   coste      37       37
(  12, 278)   coste      43       43
(  13, 222)   coste      17       17
(  13, 223)   coste      69       69
(  14, 344)   coste      51       51
(  15,  60)   coste     125      125
(  15, 111)   coste     111      111
(  15, 316)   coste      27       27
(  15, 334)   coste     136      136
(  15, 336)   coste     122      122
(  16,  60)   coste      80       80
(  16, 115)   coste     218      218
(  16, 171)   coste     195      195
(  16, 282)   coste     201      201
(  16, 316)   coste      87       87
(  16, 347)   coste     133      133
(  17, 144)   coste      60       60
(  17, 145)   coste      58       58
(  17, 316)   coste      39       39
(  18,  28)   coste      56       56
(  18, 217)   coste      88       88
(  18, 286)   coste      48       48
(  19,  20)   coste     100      100
(  19, 217)   coste     112      112
(  19, 286)   coste      69       69
(  19, 342)   coste      73       73
(  19, 343)   coste      74       74
(  20,  21)   coste      61       61
(  20,  29)   coste      69       69
(  20, 217)   coste      86       86
(  20, 363)   coste      60       60
(  21,  28)   coste      25       25
(  21,  29)   coste      11       11
(  21, 195)   coste     140      140
(  21, 217)   coste     136      136
(  21, 311)   coste     269      269
(  21, 330)   coste      79       79
(  21, 356)   coste     279      279
(  22,  70)   coste       2        2
(  22,  71)   coste      47       47
(  22, 297)   coste      51       51
(  22, 355)   coste      25       25
(  23,  53)   coste      61       61
(  23,  54)   coste      50       50
(  23,  70)   coste      42       42
(  23, 265)   coste      44       44
(  23, 368)   coste      81       81
(  24, 302)   coste     182      182
(  24, 308)   coste      51       51
(  24, 309)   coste      54       54
(  24, 351)   coste     166      166
(  24, 371)   coste     165      165
(  25, 112)   coste      41       41
(  25, 113)   coste      16       16
(  25, 308)   coste      51       51
(  25, 309)   coste      57       57
(  26,  97)   coste      68       68
(  26, 181)   coste      12       12
(  26, 350)   coste      36       36
(  27,  97)   coste      46       46
(  27,  98)   coste      45       45
(  27, 333)   coste      77       77
(  27, 350)   coste      55       55
(  28, 195)   coste     128      128
(  28, 286)   coste      82       82
(  28, 311)   coste     257      257
(  28, 356)   coste     267      267
(  29, 195)   coste     135      135
(  29, 217)   coste     144      144
(  29, 311)   coste     264      264
(  29, 356)   coste     274      274
(  30, 119)   coste       3        3
(  30, 120)   coste      51       51
(  31,  32)   coste      26       26
(  31,  93)   coste     102      102
(  31, 216)   coste      19       19
(  31, 217)   coste      52       52
(  31, 342)   coste      83       83
(  32, 216)   coste      40       40
(  33, 119)   coste      43       43
(  33, 120)   coste      27       27
(  33, 170)   coste      47       47
(  33, 217)   coste      55       55
(  33, 323)   coste      13       13
(  34, 174)   coste     142      142
(  34, 244)   coste      53       53
(  34, 291)   coste      44       44
(  34, 367)   coste      50       50
(  34, 370)   coste     153      153
(  35, 174)   coste     169      169
(  35, 232)   coste      35       35
(  35, 244)   coste      80       80
(  35, 289)   coste      41       41
(  35, 364)   coste      50       50
(  35, 366)   coste     134      134
(  35, 370)   coste     180      180
(  36,  65)   coste     103      103
(  36,  66)   coste     100      100
(  36, 106)   coste      64       64
(  36, 150)   coste      48       48
(  36, 184)   coste      42       42
(  36, 352)   coste      68       68
(  37, 149)   coste      87       87
(  37, 150)   coste      18       18
(  37, 187)   coste      83       83
(  38, 161)   coste      53       53
(  38, 162)   coste      52       52
(  38, 307)   coste      43       43
(  38, 310)   coste      64       64
(  39, 116)   coste      57       57
(  39, 263)   coste      20       20
(  39, 321)   coste      31       31
(  39, 322)   coste      58       58
(  39, 348)   coste      23       23
(  39, 357)   coste      48       48
(  40, 166)   coste      62       62
(  40, 167)   coste      17       17
(  40, 263)   coste      38       38
(  40, 288)   coste      45       45
(  40, 326)   coste      41       41
(  41, 321)   coste      25       25
(  41, 322)   coste      26       26
(  42, 151)   coste     103      103
(  42, 203)   coste     132      132
(  42, 204)   coste     145      145
(  42, 206)   coste      63       63
(  42, 215)   coste     106      106
(  42, 372)   coste      40       40
(  43, 150)   coste     149      149
(  43, 206)   coste      21       21
(  43, 352)   coste     113      113
(  44,  57)   coste     181      181
(  44,  58)   coste     192      192
(  44, 104)   coste     149      149
(  44, 146)   coste      68       68
(  44, 246)   coste      62       62
(  45,  57)   coste     122      122
(  45,  58)   coste     133      133
(  45, 104)   coste      90       90
(  45, 146)   coste      60       60
(  45, 147)   coste      25       25
(  46,  68)   coste      33       33
(  46,  76)   coste      43       43
(  47,  68)   coste      56       56
(  47,  76)   coste      55       55
(  47, 215)   coste      79       79
(  48,  49)   coste      61       61
(  48, 280)   coste      84       84
(  48, 314)   coste      84       84
(  49,  67)   coste      52       52
(  49,  68)   coste      38       38
(  50, 134)   coste      42       42
(  50, 135)   coste      39       39
(  50, 136)   coste      17       17
(  50, 378)   coste      24       24
(  51, 227)   coste     119      119
(  51, 228)   coste     116      116
(  51, 252)   coste      63       63
(  51, 262)   coste      73       73
(  51, 378)   coste      35       35
(  51, 380)   coste     129      129
(  52, 191)   coste      57       57
(  52, 256)   coste      67       67
(  52, 314)   coste      62       62
(  52, 376)   coste      65       65
(  53, 164)   coste      36       36
(  53, 165)   coste      56       56
(  53, 265)   coste      35       35
(  53, 368)   coste     118      118
(  53, 384)   coste      51       51
(  54,  69)   coste      37       37
(  55, 113)   coste      52       52
(  55, 218)   coste      40       40
(  56, 218)   coste      29       29
(  57,  58)   coste      13       13
(  57, 218)   coste      96       96
(  57, 246)   coste     138      138
(  58, 104)   coste      45       45
(  58, 246)   coste     149      149
(  58, 346)   coste      62       62
(  59,  74)   coste      57       57
(  59,  75)   coste      32       32
(  59, 128)   coste      23       23
(  59, 298)   coste      59       59
(  59, 299)   coste      15       15
(  60, 298)   coste      31       31
(  60, 316)   coste     138      138
(  61, 128)   coste      47       47
(  61, 144)   coste      44       44
(  61, 238)   coste      94       94
(  62,  72)   coste      79       79
(  62,  73)   coste      86       86
(  62, 141)   coste      21       21
(  62, 247)   coste      32       32
(  64, 192)   coste      41       41
(  64, 194)   coste      73       73
(  64, 281)   coste      99       99
(  64, 307)   coste      42       42
(  64, 310)   coste     110      110
(  65, 105)   coste      72       72
(  65, 106)   coste      51       51
(  65, 184)   coste      87       87
(  66, 106)   coste      40       40
(  66, 183)   coste      47       47
(  67, 328)   coste      75       75
(  67, 329)   coste      50       50
(  67, 376)   coste      49       49
(  69, 230)   coste      29       29
(  70,  71)   coste      46       46
(  71,  85)   coste      84       84
(  71,  95)   coste      84       84
(  71, 230)   coste      47       47
(  71, 355)   coste      42       42
(  72, 141)   coste      88       88
(  72, 227)   coste     140      140
(  72, 228)   coste     137      137
(  72, 252)   coste      48       48
(  72, 253)   coste      55       55
(  72, 262)   coste      94       94
(  72, 380)   coste     150      150
(  73, 141)   coste     100      100
(  73, 254)   coste      66       66
(  74, 107)   coste     130      130
(  74, 108)   coste     133      133
(  74, 109)   coste     101      101
(  74, 128)   coste      46       46
(  74, 129)   coste     129      129
(  74, 144)   coste     127      127
(  74, 237)   coste     128      128
(  74, 238)   coste      98       98
(  74, 299)   coste      45       45
(  75, 107)   coste     165      165
(  75, 108)   coste     168      168
(  75, 109)   coste     136      136
(  75, 129)   coste     164      164
(  75, 298)   coste      75       75
(  75, 299)   coste      18       18
(  75, 358)   coste      69       69
(  75, 359)   coste      52       52
(  77, 225)   coste      35       35
(  77, 226)   coste      32       32
(  77, 261)   coste      21       21
(  77, 337)   coste      11       11
(  78, 158)   coste      38       38
(  78, 225)   coste      33       33
(  78, 226)   coste      34       34
(  78, 337)   coste      27       27
(  79, 126)   coste      34       34
(  79, 127)   coste      10       10
(  79, 258)   coste      49       49
(  79, 366)   coste     118      118
(  80, 121)   coste      83       83
(  80, 127)   coste      50       50
(  80, 258)   coste      58       58
(  80, 366)   coste      79       79
(  81, 102)   coste      30       30
(  81, 103)   coste      33       33
(  81, 300)   coste      45       45
(  82,  83)   coste      26       26
(  82,  84)   coste      26       26
(  82, 102)   coste      53       53
(  83,  84)   coste      48       48
(  83, 317)   coste      67       67
(  84,  94)   coste      36       36
(  85,  95)   coste      25       25
(  85, 355)   coste      76       76
(  86,  87)   coste      49       49
(  86, 279)   coste      77       77
(  86, 280)   coste     100      100
(  86, 313)   coste      54       54
(  86, 314)   coste     104      104
(  87,  95)   coste      44       44
(  87, 297)   coste      76       76
(  87, 355)   coste      76       76
(  88, 131)   coste      29       29
(  88, 133)   coste      48       48
(  88, 186)   coste      50       50
(  89,  90)   coste      63       63
(  89, 131)   coste      27       27
(  89, 260)   coste      97       97
(  89, 387)   coste      84       84
(  89, 388)   coste      66       66
(  90, 131)   coste      49       49
(  90, 185)   coste      59       59
(  90, 186)   coste      28       28
(  90, 196)   coste      69       69
(  91, 223)   coste      23       23
(  91, 353)   coste      22       22
(  92, 240)   coste      14       14
(  92, 349)   coste      62       62
(  92, 353)   coste      43       43
(  93, 216)   coste      84       84
(  93, 217)   coste     116      116
(  93, 234)   coste      49       49
(  93, 235)   coste      45       45
(  93, 342)   coste      34       34
(  94, 235)   coste      43       43
(  95, 355)   coste      88       88
(  96, 160)   coste     108      108
(  96, 230)   coste     124      124
(  96, 292)   coste     102      102
(  96, 293)   coste      88       88
(  97, 284)   coste      86       86
(  97, 326)   coste     103      103
(  97, 332)   coste      69       69
(  97, 333)   coste      56       56
(  97, 350)   coste      74       74
(  97, 362)   coste      56       56
(  98, 284)   coste      70       70
(  98, 322)   coste      61       61
(  98, 326)   coste      87       87
(  99, 142)   coste     199      199
(  99, 186)   coste     217      217
(  99, 196)   coste     183      183
(  99, 307)   coste      17       17
(  99, 312)   coste     262      262
(  99, 379)   coste     211      211
(  99, 381)   coste     192      192
( 100, 210)   coste      15       15
( 100, 211)   coste      64       64
( 100, 292)   coste      43       43
( 100, 293)   coste      43       43
( 101, 210)   coste      26       26
( 101, 305)   coste       3        3
( 102, 300)   coste      38       38
( 102, 301)   coste      90       90
( 102, 335)   coste      59       59
( 103, 301)   coste      84       84
( 103, 334)   coste      37       37
( 104, 147)   coste      82       82
( 104, 148)   coste      85       85
( 104, 236)   coste      65       65
( 104, 246)   coste     106      106
( 105, 183)   coste      12       12
( 106, 183)   coste      29       29
( 106, 184)   coste      43       43
( 107, 129)   coste      67       67
( 107, 144)   coste     243      243
( 107, 213)   coste      44       44
( 107, 248)   coste      17       17
( 108, 109)   coste      38       38
( 108, 129)   coste      64       64
( 108, 144)   coste     246      246
( 109, 129)   coste      30       30
( 109, 144)   coste     214      214
( 110, 115)   coste     162      162
( 110, 148)   coste      73       73
( 110, 171)   coste     139      139
( 110, 282)   coste     145      145
( 110, 334)   coste     163      163
( 110, 336)   coste     135      135
( 110, 347)   coste      79       79
( 111, 148)   coste      98       98
( 111, 316)   coste     124      124
( 111, 334)   coste     150      150
( 111, 336)   coste     122      122
( 111, 347)   coste     105      105
( 112, 113)   coste      26       26
( 112, 283)   coste     109      109
( 113, 218)   coste      41       41
( 114, 171)   coste      53       53
( 114, 282)   coste     109      109
( 114, 301)   coste      63       63
( 114, 327)   coste      72       72
( 115, 148)   coste     180      180
( 115, 282)   coste      68       68
( 115, 347)   coste     151      151
( 116, 317)   coste      59       59
( 116, 327)   coste      34       34
( 117, 195)   coste     133      133
( 117, 274)   coste       1        1
( 117, 311)   coste      82       82
( 117, 356)   coste      92       92
( 118, 132)   coste      11       11
( 118, 274)   coste      48       48
( 118, 382)   coste      39       39
( 120, 277)   coste      65       65
( 120, 323)   coste      28       28
( 120, 324)   coste      12       12
( 121, 173)   coste      83       83
( 121, 182)   coste      21       21
( 121, 361)   coste      62       62
( 121, 366)   coste     128      128
( 123, 179)   coste      32       32
( 123, 224)   coste      55       55
( 123, 302)   coste      64       64
( 124, 179)   coste      18       18
( 124, 180)   coste      34       34
( 125, 179)   coste      45       45
( 125, 371)   coste      82       82
( 126, 169)   coste      54       54
( 126, 172)   coste      57       57
( 126, 258)   coste      28       28
( 127, 172)   coste      22       22
( 127, 173)   coste      29       29
( 127, 366)   coste     124      124
( 128, 238)   coste     132      132
( 128, 299)   coste      26       26
( 129, 156)   coste      36       36
( 129, 157)   coste      31       31
( 129, 239)   coste      47       47
( 130, 156)   coste      15       15
( 130, 158)   coste      22       22
( 130, 225)   coste      33       33
( 131, 242)   coste      47       47
( 132, 382)   coste      36       36
( 133, 242)   coste      45       45
( 134, 377)   coste      37       37
( 134, 378)   coste      53       53
( 134, 385)   coste     145      145
( 135, 136)   coste      24       24
( 135, 325)   coste      97       97
( 135, 385)   coste     157      157
( 136, 253)   coste      56       56
( 136, 254)   coste      88       88
( 136, 325)   coste     108      108
( 136, 377)   coste      61       61
( 136, 378)   coste      39       39
( 137, 249)   coste     127      127
( 137, 281)   coste     137      137
( 137, 330)   coste      97       97
( 137, 331)   coste     145      145
( 137, 341)   coste     157      157
( 138, 139)   coste      93       93
( 138, 201)   coste      94       94
( 138, 249)   coste     116      116
( 138, 281)   coste     159      159
( 138, 330)   coste     141      141
( 138, 331)   coste     189      189
( 138, 341)   coste     201      201
( 138, 384)   coste     111      111
( 139, 249)   coste     109      109
( 139, 281)   coste      68       68
( 140, 247)   coste      31       31
( 141, 247)   coste      19       19
( 142, 143)   coste      14       14
( 142, 247)   coste      54       54
( 142, 306)   coste     133      133
( 142, 379)   coste      63       63
( 142, 381)   coste      42       42
( 143, 379)   coste      52       52
( 144, 237)   coste      18       18
( 144, 316)   coste      73       73
( 145, 237)   coste      15       15
( 145, 276)   coste      46       46
( 146, 298)   coste      49       49
( 147, 148)   coste      48       48
( 147, 246)   coste      56       56
( 148, 171)   coste     157      157
( 148, 236)   coste      23       23
( 148, 282)   coste     163      163
( 148, 347)   coste      97       97
( 149, 187)   coste      52       52
( 149, 202)   coste      51       51
( 150, 205)   coste     126      126
( 150, 207)   coste     160      160
( 150, 318)   coste     128      128
( 151, 152)   coste      48       48
( 151, 202)   coste      50       50
( 151, 372)   coste     142      142
( 152, 202)   coste      21       21
( 152, 203)   coste      36       36
( 153, 214)   coste      74       74
( 153, 255)   coste      92       92
( 153, 256)   coste      62       62
( 153, 264)   coste      57       57
( 153, 315)   coste      71       71
( 153, 368)   coste      32       32
( 154, 155)   coste      41       41
( 154, 256)   coste      91       91
( 154, 264)   coste      17       17
( 154, 266)   coste      57       57
( 154, 287)   coste      59       59
( 155, 255)   coste     114      114
( 155, 256)   coste      83       83
( 155, 264)   coste      43       43
( 155, 315)   coste      91       91
( 156, 225)   coste      44       44
( 157, 158)   coste      25       25
( 157, 238)   coste     100      100
( 157, 239)   coste      43       43
( 158, 225)   coste      12       12
( 158, 238)   coste     116      116
( 159, 267)   coste      39       39
( 159, 272)   coste      57       57
( 159, 344)   coste      62       62
( 160, 230)   coste     158      158
( 160, 292)   coste      94       94
( 160, 344)   coste      64       64
( 162, 310)   coste      79       79
( 163, 220)   coste      28       28
( 163, 221)   coste      42       42
( 163, 240)   coste      46       46
( 163, 241)   coste      41       41
( 164, 340)   coste      50       50
( 164, 384)   coste      30       30
( 165, 200)   coste      62       62
( 166, 288)   coste      36       36
( 167, 168)   coste      31       31
( 167, 263)   coste      36       36
( 167, 288)   coste      51       51
( 167, 317)   coste      67       67
( 167, 357)   coste      21       21
( 168, 288)   coste      76       76
( 168, 326)   coste      84       84
( 168, 327)   coste      72       72
( 170, 277)   coste      44       44
( 170, 323)   coste      42       42
( 170, 324)   coste      20       20
( 171, 282)   coste      72       72
( 171, 347)   coste     128      128
( 172, 354)   coste       9        9
( 173, 268)   coste      56       56
( 173, 269)   coste      88       88
( 173, 361)   coste      57       57
( 174, 243)   coste      65       65
( 174, 244)   coste      99       99
( 174, 245)   coste      83       83
( 174, 258)   coste     125      125
( 174, 259)   coste      83       83
( 174, 291)   coste     178      178
( 174, 366)   coste      42       42
( 174, 370)   coste      48       48
( 175, 258)   coste      95       95
( 175, 259)   coste      54       54
( 175, 369)   coste      32       32
( 175, 370)   coste      49       49
( 176, 289)   coste       6        6
( 176, 290)   coste      15       15
( 176, 291)   coste      25       25
( 176, 304)   coste      21       21
( 177, 244)   coste      45       45
( 177, 289)   coste      27       27
( 177, 290)   coste      27       27
( 177, 291)   coste      39       39
( 179, 180)   coste      26       26
( 179, 224)   coste      43       43
( 180, 181)   coste      63       63
( 180, 224)   coste      20       20
( 182, 361)   coste      61       61
( 185, 311)   coste      44       44
( 185, 312)   coste      40       40
( 185, 356)   coste      31       31
( 186, 306)   coste     193      193
( 186, 307)   coste     228      228
( 186, 356)   coste      55       55
( 186, 379)   coste     152      152
( 188, 231)   coste      14       14
( 188, 255)   coste      55       55
( 188, 257)   coste      51       51
( 188, 338)   coste      30       30
( 189, 190)   coste       6        6
( 189, 320)   coste      52       52
( 189, 338)   coste      59       59
( 190, 320)   coste      52       52
( 190, 338)   coste      57       57
( 191, 255)   coste      27       27
( 191, 256)   coste      54       54
( 191, 338)   coste      41       41
( 192, 281)   coste      75       75
( 193, 281)   coste      46       46
( 194, 281)   coste      31       31
( 195, 274)   coste     133      133
( 195, 311)   coste     141      141
( 195, 356)   coste     151      151
( 196, 260)   coste      64       64
( 196, 306)   coste     159      159
( 196, 307)   coste     194      194
( 196, 380)   coste      73       73
( 197, 245)   coste      42       42
( 197, 319)   coste      24       24
( 198, 199)   coste      30       30
( 198, 234)   coste      78       78
( 198, 243)   coste      50       50
( 198, 319)   coste      53       53
( 198, 343)   coste      67       67
( 199, 243)   coste      35       35
( 199, 245)   coste      30       30
( 199, 319)   coste      44       44
( 200, 365)   coste      12       12
( 201, 249)   coste      43       43
( 201, 251)   coste      38       38
( 203, 204)   coste      73       73
( 203, 215)   coste      84       84
( 203, 372)   coste     171      171
( 204, 372)   coste     184      184
( 205, 318)   coste      17       17
( 205, 352)   coste      90       90
( 206, 233)   coste      70       70
( 206, 270)   coste      41       41
( 206, 318)   coste      23       23
( 206, 372)   coste      28       28
( 207, 352)   coste      75       75
( 208, 284)   coste      19       19
( 208, 285)   coste       6        6
( 208, 295)   coste      26       26
( 209, 284)   coste      36       36
( 210, 305)   coste      28       28
( 211, 250)   coste      44       44
( 211, 251)   coste      46       46
( 211, 292)   coste      95       95
( 211, 383)   coste      38       38
( 212, 248)   coste      47       47
( 212, 385)   coste      23       23
( 212, 386)   coste      21       21
( 213, 385)   coste      52       52
( 213, 386)   coste      52       52
( 214, 287)   coste      53       53
( 214, 315)   coste      20       20
( 215, 372)   coste     145      145
( 216, 342)   coste      65       65
( 217, 323)   coste      53       53
( 217, 342)   coste      97       97
( 217, 363)   coste      33       33
( 218, 283)   coste     122      122
( 219, 319)   coste     107      107
( 219, 320)   coste     127      127
( 219, 342)   coste      95       95
( 219, 343)   coste      36       36
( 219, 374)   coste      57       57
( 220, 240)   coste      24       24
( 220, 241)   coste      23       23
( 221, 240)   coste      52       52
( 222, 278)   coste      12       12
( 223, 353)   coste      37       37
( 225, 388)   coste      57       57
( 226, 388)   coste      54       54
( 227, 260)   coste      53       53
( 227, 261)   coste      45       45
( 227, 262)   coste      49       49
( 227, 380)   coste      36       36
( 228, 262)   coste      67       67
( 228, 379)   coste      59       59
( 228, 380)   coste      39       39
( 228, 381)   coste      69       69
( 229, 387)   coste      41       41
( 230, 293)   coste      43       43
( 231, 257)   coste      50       50
( 231, 271)   coste      46       46
( 231, 328)   coste      53       53
( 231, 338)   coste      43       43
( 232, 271)   coste      57       57
( 232, 291)   coste      44       44
( 232, 364)   coste      30       30
( 233, 364)   coste      51       51
( 234, 245)   coste      84       84
( 234, 343)   coste      85       85
( 234, 375)   coste      36       36
( 235, 375)   coste      50       50
( 236, 246)   coste      79       79
( 237, 238)   coste      68       68
( 237, 276)   coste      47       47
( 238, 276)   coste      72       72
( 238, 299)   coste     138      138
( 240, 353)   coste      36       36
( 242, 260)   coste     102      102
( 242, 387)   coste      89       89
( 242, 388)   coste      52       52
( 243, 366)   coste      92       92
( 243, 367)   coste     104      104
( 243, 370)   coste      76       76
( 244, 366)   coste      64       64
( 244, 367)   coste      60       60
( 244, 370)   coste     110      110
( 245, 366)   coste     110      110
( 245, 370)   coste      94       94
( 248, 385)   coste      54       54
( 248, 386)   coste      58       58
( 249, 281)   coste     175      175
( 249, 383)   coste      52       52
( 250, 251)   coste      12       12
( 251, 383)   coste      40       40
( 253, 254)   coste      49       49
( 253, 325)   coste      99       99
( 255, 315)   coste      55       55
( 255, 338)   coste      28       28
( 257, 328)   coste      28       28
( 257, 329)   coste      42       42
( 257, 376)   coste      52       52
( 258, 369)   coste     115      115
( 259, 369)   coste      53       53
( 260, 387)   coste      20       20
( 261, 262)   coste      39       39
( 261, 387)   coste      43       43
( 262, 337)   coste      30       30
( 262, 380)   coste      80       80
( 263, 348)   coste      30       30
( 263, 357)   coste      35       35
( 264, 287)   coste      62       62
( 265, 368)   coste     102      102
( 266, 373)   coste      46       46
( 267, 273)   coste      43       43
( 267, 344)   coste      40       40
( 268, 294)   coste      28       28
( 268, 295)   coste      66       66
( 268, 354)   coste      53       53
( 268, 361)   coste      76       76
( 269, 354)   coste      85       85
( 270, 372)   coste      57       57
( 271, 328)   coste      55       55
( 274, 311)   coste      82       82
( 274, 356)   coste      92       92
( 275, 323)   coste      80       80
( 275, 324)   coste      88       88
( 275, 363)   coste      61       61
( 275, 382)   coste      71       71
( 277, 382)   coste      52       52
( 279, 313)   coste      24       24
( 279, 314)   coste      49       49
( 280, 313)   coste      49       49
( 280, 314)   coste      17       17
( 282, 345)   coste      50       50
( 282, 346)   coste      50       50
( 283, 308)   coste     189      189
( 283, 345)   coste      18       18
( 283, 346)   coste      19       19
( 283, 347)   coste      61       61
( 284, 326)   coste      91       91
( 285, 295)   coste      27       27
( 286, 330)   coste      47       47
( 287, 339)   coste      64       64
( 287, 373)   coste      46       46
( 288, 326)   coste      41       41
( 291, 366)   coste     143      143
( 291, 370)   coste     189      189
( 296, 332)   coste      54       54
( 296, 362)   coste      56       56
( 297, 368)   coste      59       59
( 301, 334)   coste     106      106
( 301, 335)   coste     101      101
( 302, 309)   coste     139      139
( 302, 351)   coste      56       56
( 302, 371)   coste      29       29
( 303, 371)   coste      23       23
( 304, 364)   coste      58       58
( 306, 310)   coste      76       76
( 306, 312)   coste     238      238
( 306, 381)   coste     126      126
( 307, 312)   coste     273      273
( 307, 379)   coste     222      222
( 309, 351)   coste     123      123
( 309, 371)   coste     122      122
( 311, 356)   coste      26       26
( 312, 379)   coste     197      197
( 317, 327)   coste      41       41
( 318, 352)   coste      92       92
( 318, 372)   coste      35       35
( 319, 339)   coste     107      107
( 319, 374)   coste      78       78
( 320, 339)   coste     127      127
( 320, 374)   coste      98       98
( 321, 348)   coste      33       33
( 322, 348)   coste      40       40
( 323, 363)   coste      36       36
( 324, 363)   coste      54       54
( 326, 357)   coste      42       42
( 331, 341)   coste      19       19
( 332, 362)   coste      31       31
( 333, 362)   coste      57       57
( 339, 360)   coste      18       18
( 339, 373)   coste      28       28
( 339, 374)   coste      40       40
( 340, 373)   coste      65       65
( 341, 360)   coste      33       33
( 341, 373)   coste      45       45
( 345, 346)   coste       2        2
( 348, 357)   coste      37       37
( 354, 361)   coste      56       56
( 365, 383)   coste      12       12
( 369, 375)   coste      47       47
( 377, 385)   coste     129      129
( 379, 381)   coste      24       24
