NOMBRE : UR555
COMENTARIO :   5  componentes 
VERTICES :  490
ARISTAS_REQ :  672
ARISTAS_NOREQ :  633
LISTA_ARISTAS_REQ :
(   1,   2)   coste      16       16
(   1,   3)   coste      71       71
(   1,   4)   coste      52       52
(   5,   6)   coste      15       15
(   5,   7)   coste      27       27
(   5,   8)   coste      42       42
(   9,  10)   coste      38       38
(   9,  11)   coste      27       27
(  12,  13)   coste      50       50
(  14,  15)   coste       8        8
(  14,  16)   coste      32       32
(  17,  18)   coste      51       51
(  17,  19)   coste      90       90
(  17,  20)   coste      68       68
(  17,  21)   coste      76       76
(  22,  23)   coste      12       12
(  22,  24)   coste      27       27
(  22,  25)   coste      39       39
(  26,  27)   coste      46       46
(  26,  28)   coste      28       28
(  26,  29)   coste      30       30
(  30,  31)   coste       8        8
(  30,  32)   coste      33       33
(  30,  33)   coste      26       26
(  30,  34)   coste      40       40
(  30,  35)   coste      29       29
(  30,  36)   coste       3        3
(  37,  38)   coste      36       36
(  37,  39)   coste      34       34
(  40,  41)   coste      16       16
(  40,  42)   coste      28       28
(  43,  44)   coste      13       13
(  43,  45)   coste      48       48
(  43,  46)   coste      20       20
(  43,  47)   coste      32       32
(  43,  48)   coste      32       32
(  49,  50)   coste      35       35
(  49,  51)   coste      31       31
(  52,  53)   coste      63       63
(  52,  54)   coste      46       46
(  52,  55)   coste      31       31
(   2,  56)   coste      44       44
(   2,  57)   coste      40       40
(   2,  51)   coste      35       35
(  58,  59)   coste      11       11
(  58,  60)   coste      39       39
(  58,  61)   coste      15       15
(  58,  62)   coste      44       44
(  63,  64)   coste      23       23
(  63,  65)   coste      41       41
(  66,  67)   coste      54       54
(  68,  69)   coste      51       51
(  70,  71)   coste      55       55
(  70,  72)   coste      45       45
(  70,  73)   coste      40       40
(  70,  74)   coste      54       54
(  70,  75)   coste      20       20
(  76,  77)   coste      86       86
(  76,  78)   coste      19       19
(  76,  79)   coste      47       47
(  76,  80)   coste      40       40
(  81,  82)   coste      57       57
(  13,  81)   coste      36       36
(  81,  83)   coste      68       68
(  23,  25)   coste      44       44
(  84,  85)   coste      46       46
(  86,  87)   coste      27       27
(  86,  88)   coste      63       63
(  86,  89)   coste      40       40
(  86,  90)   coste      60       60
(  86,  91)   coste      41       41
(  92,  93)   coste       6        6
(  92,  94)   coste      62       62
(  44,  47)   coste      23       23
(  95,  96)   coste      40       40
(  95,  97)   coste      26       26
(  95,  98)   coste      22       22
(  99, 100)   coste      50       50
(  99, 101)   coste      12       12
( 102, 103)   coste      27       27
( 102, 104)   coste      58       58
( 102, 105)   coste      31       31
( 106, 107)   coste      59       59
( 106, 108)   coste      65       65
( 106, 109)   coste       4        4
( 110, 111)   coste      70       70
( 110, 112)   coste      24       24
( 113, 114)   coste      27       27
( 113, 115)   coste      23       23
( 113, 116)   coste      36       36
( 113, 117)   coste      55       55
( 113, 118)   coste      39       39
( 113, 119)   coste      33       33
( 120, 121)   coste      40       40
( 120, 122)   coste      55       55
( 123, 124)   coste      46       46
( 115, 123)   coste      59       59
( 108, 123)   coste      55       55
( 123, 125)   coste      46       46
( 126, 127)   coste      34       34
( 126, 128)   coste      16       16
( 129, 130)   coste      13       13
( 131, 132)   coste      52       52
( 131, 133)   coste      50       50
( 131, 134)   coste      29       29
( 131, 135)   coste      32       32
( 121, 136)   coste      59       59
( 130, 136)   coste      13       13
( 137, 138)   coste      27       27
( 137, 139)   coste      97       97
( 137, 140)   coste      48       48
( 141, 142)   coste      31       31
( 143, 144)   coste      42       42
( 143, 145)   coste      39       39
(  85, 143)   coste      51       51
( 143, 146)   coste      31       31
( 143, 147)   coste      31       31
( 143, 148)   coste      60       60
( 149, 150)   coste      42       42
( 149, 151)   coste      50       50
(  82, 152)   coste      52       52
(  33, 152)   coste      35       35
( 153, 154)   coste      58       58
( 155, 156)   coste      22       22
( 155, 157)   coste      12       12
( 155, 158)   coste      44       44
( 121, 159)   coste      66       66
( 159, 160)   coste      68       68
(  18, 161)   coste      71       71
( 107, 162)   coste      21       21
( 124, 162)   coste      64       64
( 162, 163)   coste      38       38
( 162, 164)   coste      42       42
( 162, 165)   coste      48       48
( 166, 167)   coste      68       68
( 166, 168)   coste      79       79
( 166, 169)   coste      69       69
( 166, 170)   coste      23       23
( 171, 172)   coste      41       41
(  24, 173)   coste      43       43
( 174, 175)   coste      33       33
( 174, 176)   coste      55       55
( 174, 177)   coste      62       62
(  83, 174)   coste       7        7
( 178, 179)   coste      60       60
( 178, 180)   coste      41       41
( 154, 181)   coste      31       31
( 181, 182)   coste      45       45
( 183, 184)   coste      45       45
(  97, 183)   coste      18       18
(  98, 183)   coste      34       34
( 185, 186)   coste      13       13
( 185, 187)   coste      12       12
( 107, 188)   coste      51       51
( 107, 189)   coste      60       60
( 107, 164)   coste      42       42
( 103, 190)   coste      49       49
( 103, 105)   coste      18       18
( 103, 127)   coste      44       44
(  61, 191)   coste      33       33
( 192, 193)   coste      80       80
( 192, 194)   coste      80       80
( 192, 195)   coste      22       22
( 196, 197)   coste      72       72
( 138, 140)   coste      37       37
( 198, 199)   coste      55       55
( 182, 198)   coste      57       57
( 134, 200)   coste      48       48
( 200, 201)   coste      35       35
( 200, 202)   coste      34       34
( 200, 203)   coste      30       30
(  31, 204)   coste      17       17
( 204, 205)   coste      79       79
( 190, 206)   coste      67       67
( 127, 190)   coste      39       39
( 190, 207)   coste      42       42
( 208, 209)   coste      47       47
( 208, 210)   coste      40       40
( 211, 212)   coste      60       60
( 213, 214)   coste      74       74
( 213, 215)   coste      23       23
( 213, 216)   coste      38       38
(  93, 217)   coste      69       69
( 217, 218)   coste      64       64
( 217, 219)   coste      55       55
(  45, 220)   coste      54       54
(  45,  46)   coste      53       53
( 221, 222)   coste      14       14
( 221, 223)   coste      23       23
( 224, 225)   coste      35       35
(  38, 212)   coste      60       60
(  38,  39)   coste      45       45
(  38, 226)   coste      64       64
( 227, 228)   coste      28       28
( 229, 230)   coste      98       98
( 222, 231)   coste      41       41
( 232, 233)   coste      51       51
( 232, 234)   coste      34       34
( 232, 235)   coste      35       35
( 232, 236)   coste      42       42
( 237, 238)   coste      43       43
( 139, 237)   coste      39       39
( 140, 237)   coste      72       72
( 184, 239)   coste      28       28
(  97, 184)   coste      29       29
(  98, 184)   coste      42       42
( 240, 241)   coste      35       35
( 240, 242)   coste      16       16
( 240, 243)   coste      53       53
( 244, 245)   coste      55       55
( 246, 247)   coste      66       66
( 246, 248)   coste      55       55
( 249, 250)   coste      50       50
( 249, 251)   coste      51       51
( 186, 249)   coste      21       21
( 187, 249)   coste      42       42
( 163, 252)   coste      42       42
( 188, 252)   coste      46       46
( 165, 252)   coste      31       31
(  21, 252)   coste      44       44
( 253, 254)   coste      39       39
( 253, 255)   coste      43       43
(  42, 256)   coste      62       62
( 256, 257)   coste      13       13
( 256, 258)   coste      30       30
( 259, 260)   coste      33       33
( 212, 261)   coste      41       41
( 262, 263)   coste      42       42
( 140, 262)   coste      28       28
( 264, 265)   coste      18       18
( 264, 266)   coste      46       46
(  74, 264)   coste      74       74
( 267, 268)   coste      41       41
( 269, 270)   coste      62       62
( 269, 271)   coste      35       35
( 260, 272)   coste      59       59
( 272, 273)   coste      46       46
( 272, 274)   coste      48       48
( 254, 275)   coste      50       50
(  94, 254)   coste      41       41
( 254, 276)   coste      40       40
( 179, 247)   coste      43       43
( 179, 277)   coste      38       38
( 179, 180)   coste      38       38
(  90, 179)   coste      45       45
( 278, 279)   coste      35       35
( 278, 280)   coste       4        4
(  74, 265)   coste      66       66
( 281, 282)   coste      63       63
( 281, 283)   coste      77       77
( 114, 284)   coste      25       25
( 114, 119)   coste      22       22
( 245, 285)   coste      51       51
( 286, 287)   coste      43       43
( 286, 288)   coste      32       32
( 118, 286)   coste      21       21
(  62, 286)   coste      45       45
(  53, 250)   coste      45       45
( 108, 124)   coste      58       58
( 124, 289)   coste      58       58
( 157, 290)   coste      39       39
( 160, 290)   coste      19       19
( 118, 287)   coste      37       37
( 287, 291)   coste      40       40
(  62, 287)   coste      46       46
( 292, 293)   coste      70       70
( 294, 295)   coste      28       28
( 294, 296)   coste      35       35
( 294, 297)   coste      66       66
( 294, 298)   coste      18       18
( 299, 300)   coste      86       86
( 299, 301)   coste      22       22
( 302, 303)   coste      50       50
( 175, 176)   coste      38       38
( 118, 288)   coste      33       33
( 132, 304)   coste      49       49
( 305, 306)   coste      74       74
( 305, 307)   coste      74       74
( 305, 308)   coste      70       70
( 305, 309)   coste      25       25
( 111, 279)   coste      71       71
( 279, 310)   coste      56       56
( 193, 311)   coste      39       39
( 194, 311)   coste      39       39
( 311, 312)   coste      13       13
( 133, 313)   coste      48       48
( 266, 314)   coste      65       65
( 266, 315)   coste      30       30
( 316, 317)   coste      62       62
( 316, 318)   coste      27       27
( 319, 320)   coste      22       22
( 319, 321)   coste      44       44
( 322, 323)   coste      20       20
( 322, 324)   coste      20       20
( 322, 325)   coste      18       18
( 322, 326)   coste      31       31
(  87, 327)   coste      33       33
(  88, 327)   coste      37       37
( 327, 328)   coste      56       56
(  91, 327)   coste      50       50
(  93, 218)   coste      31       31
(  93,  94)   coste      59       59
(  93, 329)   coste      61       61
( 330, 331)   coste      18       18
( 330, 332)   coste      72       72
( 330, 333)   coste      60       60
( 334, 335)   coste      60       60
( 334, 336)   coste      55       55
( 334, 337)   coste      54       54
( 101, 338)   coste      47       47
( 338, 339)   coste      39       39
( 167, 168)   coste      14       14
( 167, 268)   coste      74       74
(  59, 340)   coste      47       47
(  19,  59)   coste      47       47
(  59,  60)   coste      43       43
(  35,  82)   coste      37       37
(  82, 341)   coste      75       75
( 310, 342)   coste      67       67
(  89, 247)   coste      70       70
(  90, 247)   coste      50       50
( 343, 344)   coste      45       45
( 343, 345)   coste      53       53
( 343, 346)   coste      66       66
( 343, 347)   coste      42       42
(  64, 263)   coste      52       52
( 140, 263)   coste      24       24
(  31,  33)   coste      31       31
( 177, 340)   coste      58       58
(  60, 340)   coste       6        6
( 348, 349)   coste      48       48
( 348, 350)   coste      33       33
(  10,  11)   coste      48       48
(  10, 351)   coste      69       69
( 352, 353)   coste      52       52
( 352, 354)   coste      51       51
( 352, 355)   coste      55       55
( 291, 356)   coste      15       15
(  62, 356)   coste      55       55
( 261, 357)   coste      19       19
( 154, 209)   coste      60       60
(  87, 358)   coste      62       62
(  87,  91)   coste      19       19
(  20, 104)   coste      90       90
( 168, 268)   coste      79       79
( 331, 332)   coste      75       75
( 270, 359)   coste      24       24
( 359, 360)   coste      54       54
(  13, 359)   coste      53       53
( 177, 361)   coste      63       63
( 260, 362)   coste      17       17
( 260, 363)   coste      64       64
(  65, 260)   coste      29       29
(  94, 255)   coste      38       38
( 255, 276)   coste      42       42
(  64, 364)   coste      20       20
(  64, 365)   coste      19       19
( 242, 243)   coste      40       40
(  75, 366)   coste      27       27
(  41, 243)   coste      14       14
( 225, 300)   coste      34       34
( 353, 367)   coste      70       70
( 353, 368)   coste      71       71
( 344, 369)   coste      64       64
( 344, 347)   coste      34       34
( 370, 371)   coste      35       35
( 370, 372)   coste     100      100
( 156, 157)   coste      14       14
( 156, 373)   coste      31       31
( 156, 374)   coste      24       24
( 273, 362)   coste      69       69
(  65, 362)   coste      44       44
( 250, 375)   coste      13       13
( 157, 374)   coste      33       33
( 376, 377)   coste      36       36
( 376, 378)   coste      49       49
( 378, 379)   coste      78       78
( 379, 380)   coste      76       76
( 238, 364)   coste      69       69
( 364, 365)   coste      18       18
( 381, 382)   coste      55       55
( 383, 384)   coste      73       73
( 383, 385)   coste      37       37
( 383, 386)   coste      77       77
( 387, 388)   coste      10       10
( 387, 389)   coste      15       15
( 390, 391)   coste      47       47
(  27, 390)   coste      62       62
( 390, 392)   coste      37       37
( 393, 394)   coste      71       71
( 268, 393)   coste      37       37
( 393, 395)   coste      81       81
( 393, 396)   coste      78       78
( 206, 397)   coste      69       69
( 128, 206)   coste      67       67
(  88, 358)   coste      45       45
(  88, 351)   coste      68       68
(  88, 329)   coste      51       51
( 193, 398)   coste      40       40
( 193, 195)   coste      87       87
( 277, 399)   coste      60       60
( 399, 400)   coste      30       30
(  13, 270)   coste      53       53
( 170, 401)   coste      32       32
(  20, 402)   coste      48       48
( 402, 403)   coste      20       20
(  42, 404)   coste      20       20
(  72, 228)   coste      36       36
(  74, 228)   coste      49       49
(  11, 405)   coste      43       43
( 371, 405)   coste      78       78
(   6,   8)   coste      38       38
(  20, 391)   coste      74       74
(  13, 360)   coste      42       42
( 161, 165)   coste      44       44
( 161, 289)   coste      37       37
( 161, 406)   coste      31       31
(  21, 161)   coste      42       42
( 230, 407)   coste     107      107
( 230, 408)   coste      56       56
( 236, 349)   coste      34       34
( 349, 409)   coste      25       25
( 371, 410)   coste      70       70
( 410, 411)   coste      54       54
(  79, 176)   coste      15       15
( 176, 291)   coste      42       42
( 257, 258)   coste      31       31
( 412, 413)   coste      21       21
( 412, 414)   coste       8        8
( 412, 415)   coste      37       37
( 111, 416)   coste      59       59
( 111, 160)   coste      55       55
( 417, 418)   coste      51       51
( 258, 417)   coste      72       72
(  69, 417)   coste      61       61
( 151, 417)   coste      64       64
( 100, 419)   coste      61       61
( 100, 101)   coste      45       45
( 100, 420)   coste      41       41
( 100, 339)   coste      39       39
( 218, 421)   coste      77       77
( 421, 422)   coste      69       69
(  61, 423)   coste      33       33
(  96, 423)   coste      37       37
( 165, 188)   coste      41       41
( 354, 424)   coste      37       37
(  73, 354)   coste      17       17
( 354, 368)   coste      60       60
(  27,  28)   coste      39       39
(  27,  29)   coste      70       70
( 122, 413)   coste      55       55
( 413, 415)   coste      55       55
( 333, 413)   coste      44       44
(  77, 205)   coste      86       86
(  77, 425)   coste      54       54
( 408, 426)   coste      77       77
( 350, 426)   coste      39       39
( 427, 428)   coste      49       49
( 202, 427)   coste      49       49
( 105, 429)   coste      39       39
( 142, 332)   coste      69       69
( 323, 325)   coste      35       35
( 323, 326)   coste      16       16
( 323, 430)   coste      22       22
(   7, 431)   coste      42       42
(   7, 432)   coste      36       36
( 122, 414)   coste      47       47
( 122, 386)   coste      38       38
( 414, 433)   coste      58       58
( 238, 434)   coste      22       22
( 140, 238)   coste      42       42
( 225, 397)   coste      31       31
( 225, 369)   coste      66       66
(   3, 317)   coste      70       70
(   3, 231)   coste      38       38
(   3,  57)   coste      68       68
( 233, 234)   coste      35       35
( 116, 435)   coste      35       35
( 284, 435)   coste      32       32
( 296, 435)   coste      52       52
( 435, 436)   coste      11       11
(  56, 324)   coste      11       11
(  56, 325)   coste      26       26
( 248, 418)   coste      45       45
( 151, 418)   coste      23       23
( 125, 382)   coste      13       13
(  29, 437)   coste      61       61
( 195, 437)   coste      46       46
( 351, 419)   coste      64       64
( 339, 419)   coste      24       24
( 234, 438)   coste      38       38
( 235, 438)   coste      26       26
( 236, 438)   coste      37       37
( 234, 235)   coste      45       45
(  54, 234)   coste      34       34
( 130, 160)   coste      60       60
( 160, 373)   coste      37       37
( 128, 397)   coste      48       48
( 207, 397)   coste      37       37
( 345, 369)   coste      63       63
( 295, 298)   coste      37       37
(  13,  83)   coste      67       67
( 144, 145)   coste      11       11
( 439, 440)   coste      15       15
( 314, 440)   coste      61       61
( 314, 315)   coste      50       50
( 182, 199)   coste      13       13
( 214, 215)   coste      58       58
( 214, 271)   coste      45       45
( 214, 441)   coste      59       59
( 146, 442)   coste      52       52
( 442, 443)   coste      35       35
( 320, 444)   coste      41       41
(  32,  34)   coste      39       39
( 394, 445)   coste      83       83
( 396, 445)   coste      62       62
( 444, 446)   coste      40       40
(  25, 367)   coste      58       58
(  25, 173)   coste      31       31
(  25, 304)   coste      51       51
( 274, 447)   coste      54       54
( 363, 447)   coste      93       93
( 337, 447)   coste      53       53
( 447, 448)   coste      48       48
(  60, 449)   coste      43       43
(  96, 449)   coste      24       24
( 449, 450)   coste      62       62
( 321, 451)   coste      63       63
( 140, 434)   coste      62       62
( 164, 165)   coste      21       21
( 164, 406)   coste      38       38
( 452, 453)   coste      43       43
( 350, 452)   coste      57       57
(  39, 226)   coste      56       56
( 150, 248)   coste      51       51
( 351, 358)   coste      41       41
( 329, 358)   coste      44       44
( 116, 119)   coste       8        8
(  67, 116)   coste      31       31
(  97, 239)   coste      14       14
( 239, 429)   coste      53       53
( 355, 454)   coste      47       47
( 377, 378)   coste      20       20
( 377, 455)   coste      45       45
( 285, 456)   coste      34       34
( 431, 456)   coste      40       40
( 456, 457)   coste      47       47
( 456, 458)   coste      30       30
(  20, 459)   coste      55       55
(  20, 403)   coste      51       51
( 197, 460)   coste      70       70
( 197, 461)   coste      42       42
( 197, 425)   coste      45       45
( 398, 462)   coste      22       22
( 274, 363)   coste      47       47
( 274, 337)   coste      94       94
( 440, 451)   coste      52       52
( 315, 451)   coste      69       69
( 236, 409)   coste      38       38
( 307, 440)   coste      67       67
( 443, 463)   coste      55       55
( 373, 463)   coste      40       40
( 374, 463)   coste      46       46
( 117, 464)   coste      43       43
( 101, 271)   coste      31       31
( 333, 460)   coste      87       87
( 317, 396)   coste      70       70
( 407, 465)   coste      23       23
( 285, 458)   coste      47       47
( 407, 466)   coste      26       26
( 308, 467)   coste      10       10
( 308, 431)   coste      27       27
( 308, 468)   coste      15       15
( 127, 128)   coste      40       40
( 454, 469)   coste      29       29
( 367, 454)   coste      24       24
( 454, 470)   coste      44       44
( 337, 471)   coste      23       23
( 313, 472)   coste      50       50
( 472, 473)   coste       8        8
( 324, 325)   coste      17       17
( 324, 474)   coste      32       32
( 378, 474)   coste      49       49
( 119, 284)   coste       7        7
(  67, 284)   coste      36       36
( 101, 346)   coste      14       14
( 467, 468)   coste      13       13
( 303, 408)   coste      61       61
( 326, 475)   coste      51       51
( 170, 475)   coste      69       69
( 430, 475)   coste      32       32
( 476, 477)   coste      71       71
( 128, 207)   coste      38       38
( 329, 351)   coste      25       25
( 328, 351)   coste      49       49
( 471, 478)   coste      32       32
( 448, 471)   coste      46       46
( 112, 479)   coste      68       68
( 112, 480)   coste      78       78
( 443, 479)   coste      75       75
( 428, 481)   coste      24       24
( 277, 400)   coste      47       47
( 457, 482)   coste      34       34
(  48, 482)   coste      42       42
(  85, 483)   coste      37       37
( 148, 483)   coste      26       26
(  78, 461)   coste      51       51
( 388, 389)   coste      20       20
( 283, 388)   coste      28       28
(  33,  36)   coste      28       28
(  73, 424)   coste      43       43
( 296, 297)   coste      38       38
( 325, 474)   coste      25       25
( 173, 484)   coste      23       23
( 304, 484)   coste      48       48
(  34,  35)   coste      27       27
(  62, 464)   coste      56       56
(  72,  75)   coste      44       44
(  28, 195)   coste      81       81
( 448, 478)   coste      69       69
( 145, 480)   coste      31       31
( 145, 146)   coste      49       49
( 142, 210)   coste      20       20
(  46, 384)   coste      52       52
(  46,  47)   coste      35       35
(  15, 400)   coste      21       21
(  15,  16)   coste      25       25
(  85, 147)   coste      31       31
( 380, 400)   coste      11       11
( 315, 444)   coste      51       51
( 444, 473)   coste      13       13
( 146, 485)   coste      49       49
( 485, 486)   coste      61       61
( 201, 202)   coste      11       11
( 201, 203)   coste      42       42
( 219, 422)   coste      49       49
( 389, 411)   coste      12       12
( 333, 386)   coste      56       56
( 226, 261)   coste      53       53
(  78,  80)   coste      56       56
( 394, 487)   coste      26       26
(  79,  80)   coste      24       24
( 368, 488)   coste      11       11
( 210, 489)   coste      61       61
( 119, 436)   coste      30       30
( 169, 318)   coste      48       48
( 367, 469)   coste      10       10
( 469, 470)   coste      42       42
( 169, 394)   coste      68       68
( 394, 396)   coste      59       59
( 158, 443)   coste      44       44
( 146, 486)   coste      52       52
( 432, 490)   coste      58       58
( 309, 490)   coste      34       34
( 313, 470)   coste      45       45
( 289, 406)   coste      61       61
(   8, 432)   coste      35       35
( 350, 453)   coste      58       58
( 261, 347)   coste      64       64
(   8, 309)   coste      68       68
(  21, 406)   coste      62       62
( 283, 372)   coste      77       77
( 312, 398)   coste      26       26
( 139, 372)   coste      49       49
(  69, 151)   coste      29       29
( 202, 203)   coste      33       33
(  47, 457)   coste      36       36
(  47,  48)   coste      34       34
( 339, 420)   coste      31       31
( 443, 486)   coste      38       38
( 457, 458)   coste      37       37
(  98, 429)   coste      34       34
LISTA_ARISTAS_NOREQ :
(   1,  56)   coste      46       46
(   1,  57)   coste      25       25
(   2,   4)   coste      47       47
(   2,  49)   coste      47       47
(   2, 318)   coste      49       49
(   4,  51)   coste      44       44
(   4, 316)   coste      39       39
(   4, 317)   coste      49       49
(   4, 318)   coste      31       31
(   6,   7)   coste      18       18
(   6, 431)   coste      43       43
(   6, 432)   coste      30       30
(   7, 456)   coste      36       36
(   8, 490)   coste      41       41
(   9, 371)   coste      72       72
(   9, 405)   coste      38       38
(  10, 371)   coste      89       89
(  10, 410)   coste      75       75
(  10, 419)   coste      55       55
(  11, 336)   coste      78       78
(  11, 419)   coste      78       78
(  12, 253)   coste      33       33
(  12, 270)   coste      14       14
(  12, 275)   coste      22       22
(  12, 276)   coste      39       39
(  12, 359)   coste      36       36
(  12, 360)   coste      22       22
(  14, 379)   coste      68       68
(  14, 380)   coste      10       10
(  15, 380)   coste      11       11
(  15, 399)   coste      23       23
(  16, 380)   coste      33       33
(  16, 399)   coste       9        9
(  16, 400)   coste      37       37
(  17, 105)   coste      87       87
(  18,  21)   coste      34       34
(  18, 252)   coste      42       42
(  19,  96)   coste      38       38
(  19, 191)   coste      33       33
(  19, 423)   coste      30       30
(  19, 449)   coste      49       49
(  21, 165)   coste      61       61
(  22, 173)   coste      18       18
(  22, 257)   coste      61       61
(  23,  24)   coste      24       24
(  24, 257)   coste      57       57
(  24, 258)   coste      57       57
(  25, 484)   coste      35       35
(  26, 390)   coste      47       47
(  26, 392)   coste      14       14
(  27, 392)   coste      37       37
(  28,  29)   coste      36       36
(  28, 392)   coste      34       34
(  29, 192)   coste      89       89
(  29, 195)   coste      70       70
(  31,  35)   coste      24       24
(  31,  36)   coste      10       10
(  31, 152)   coste      43       43
(  32,  33)   coste      18       18
(  32,  36)   coste      33       33
(  32,  93)   coste      70       70
(  32,  94)   coste      93       93
(  33,  34)   coste      22       22
(  34, 152)   coste      16       16
(  35, 152)   coste      22       22
(  35, 204)   coste      15       15
(  37, 299)   coste      16       16
(  37, 301)   coste       8        8
(  38, 299)   coste      35       35
(  38, 300)   coste      66       66
(  38, 301)   coste      33       33
(  39, 301)   coste      27       27
(  40, 242)   coste      53       53
(  40, 243)   coste      23       23
(  40, 404)   coste       9        9
(  40, 422)   coste      30       30
(  41,  42)   coste      41       41
(  42,  68)   coste      13       13
(  42,  69)   coste      40       40
(  42, 151)   coste      49       49
(  43, 384)   coste      43       43
(  43, 482)   coste      45       45
(  44,  46)   coste      13       13
(  44,  48)   coste      38       38
(  44, 457)   coste      45       45
(  45, 142)   coste      59       59
(  45, 384)   coste      11       11
(  45, 385)   coste      47       47
(  46, 457)   coste      47       47
(  46, 482)   coste      47       47
(  47, 482)   coste      14       14
(  49, 475)   coste      35       35
(  50,  51)   coste      40       40
(  50, 166)   coste      69       69
(  50, 169)   coste       1        1
(  50, 170)   coste      61       61
(  50, 401)   coste      31       31
(  51, 169)   coste      40       40
(  51, 318)   coste      23       23
(  52, 234)   coste      53       53
(  52, 412)   coste      51       51
(  52, 415)   coste      18       18
(  53,  55)   coste      49       49
(  53, 251)   coste      63       63
(  53, 433)   coste      57       57
(  54,  55)   coste      32       32
(  54, 185)   coste      48       48
(  54, 186)   coste      46       46
(  55, 250)   coste      46       46
(  55, 375)   coste      54       54
(  56,  57)   coste      50       50
(  56, 322)   coste      20       20
(  56, 323)   coste      38       38
(  57, 324)   coste      51       51
(  57, 474)   coste      64       64
(  58, 191)   coste      42       42
(  58, 340)   coste      44       44
(  59,  61)   coste      20       20
(  59, 191)   coste      36       36
(  59, 423)   coste      18       18
(  59, 449)   coste      35       35
(  61,  62)   coste      42       42
(  61, 464)   coste      61       61
(  62, 288)   coste      34       34
(  63, 259)   coste      57       57
(  63, 364)   coste      38       38
(  64,  65)   coste      47       47
(  65, 259)   coste      21       21
(  66, 348)   coste      44       44
(  66, 349)   coste      41       41
(  66, 452)   coste      31       31
(  67, 297)   coste      26       26
(  67, 435)   coste      21       21
(  67, 436)   coste      14       14
(  68, 151)   coste      55       55
(  68, 404)   coste      14       14
(  68, 422)   coste      12       12
(  69, 256)   coste      58       58
(  69, 258)   coste      51       51
(  69, 418)   coste      44       44
(  70, 395)   coste     119      119
(  70, 424)   coste      66       66
(  71,  73)   coste      74       74
(  71,  74)   coste      68       68
(  71,  75)   coste      71       71
(  71, 395)   coste      78       78
(  71, 424)   coste      51       51
(  72,  74)   coste      59       59
(  72, 470)   coste      61       61
(  73,  75)   coste      25       25
(  73, 366)   coste       3        3
(  74, 227)   coste      66       66
(  75, 355)   coste      44       44
(  75, 395)   coste     130      130
(  76, 461)   coste      48       48
(  77,  78)   coste      78       78
(  77, 197)   coste      65       65
(  77, 461)   coste      49       49
(  78,  79)   coste      57       57
(  78, 341)   coste      46       46
(  79, 174)   coste      64       64
(  79, 291)   coste      51       51
(  80, 176)   coste      36       36
(  80, 291)   coste      58       58
(  81, 152)   coste      60       60
(  81, 341)   coste      50       50
(  82, 204)   coste      30       30
(  82, 205)   coste      53       53
(  84, 145)   coste      53       53
(  84, 147)   coste      38       38
(  84, 483)   coste      81       81
(  86, 327)   coste      41       41
(  87,  90)   coste      62       62
(  88, 218)   coste      50       50
(  89, 150)   coste      42       42
(  89, 248)   coste      89       89
(  90,  91)   coste      52       52
(  90, 178)   coste      46       46
(  90, 180)   coste       8        8
(  91, 178)   coste      61       61
(  91, 180)   coste      57       57
(  92, 217)   coste      72       72
(  92, 218)   coste      26       26
(  92, 329)   coste      57       57
(  94, 339)   coste      57       57
(  95, 183)   coste      15       15
(  95, 239)   coste      19       19
(  96, 183)   coste      46       46
(  98, 239)   coste      22       22
(  99, 338)   coste      43       43
(  99, 346)   coste      19       19
( 100, 255)   coste      48       48
( 100, 338)   coste      32       32
( 102, 190)   coste      63       63
( 103, 104)   coste      78       78
( 103, 429)   coste      41       41
( 104, 105)   coste      68       68
( 104, 402)   coste      94       94
( 105, 127)   coste      55       55
( 106, 162)   coste      53       53
( 107, 163)   coste      39       39
( 107, 165)   coste      55       55
( 108, 293)   coste      30       30
( 109, 189)   coste      58       58
( 109, 292)   coste      18       18
( 110, 416)   coste      45       45
( 110, 479)   coste      87       87
( 111, 112)   coste      80       80
( 111, 310)   coste      56       56
( 113, 286)   coste      44       44
( 113, 381)   coste      31       31
( 114, 118)   coste      17       17
( 114, 286)   coste      34       34
( 115, 116)   coste      52       52
( 115, 117)   coste      46       46
( 115, 381)   coste      27       27
( 116, 284)   coste      11       11
( 116, 381)   coste      34       34
( 116, 436)   coste      25       25
( 117, 123)   coste      57       57
( 117, 289)   coste      41       41
( 119, 381)   coste      38       38
( 120, 129)   coste      59       59
( 120, 386)   coste      47       47
( 121, 122)   coste      30       30
( 121, 129)   coste      59       59
( 121, 386)   coste      53       53
( 121, 433)   coste      30       30
( 122, 412)   coste      51       51
( 122, 433)   coste      26       26
( 124, 406)   coste      59       59
( 125, 453)   coste      23       23
( 126, 184)   coste      38       38
( 126, 190)   coste      25       25
( 126, 224)   coste      52       52
( 126, 397)   coste      44       44
( 127, 184)   coste      35       35
( 127, 429)   coste      33       33
( 128, 190)   coste      11       11
( 128, 224)   coste      51       51
( 129, 136)   coste       2        2
( 130, 159)   coste      34       34
( 130, 290)   coste      51       51
( 131, 446)   coste      57       57
( 132, 134)   coste      52       52
( 132, 203)   coste      40       40
( 132, 427)   coste      50       50
( 132, 428)   coste      24       24
( 133, 135)   coste      34       34
( 133, 304)   coste      34       34
( 133, 469)   coste      59       59
( 134, 154)   coste     119      119
( 134, 203)   coste      52       52
( 134, 208)   coste     115      115
( 134, 209)   coste      75       75
( 135, 313)   coste      54       54
( 135, 446)   coste      44       44
( 136, 159)   coste      28       28
( 137, 238)   coste      81       81
( 137, 262)   coste      43       43
( 137, 336)   coste      83       83
( 138, 262)   coste      18       18
( 138, 263)   coste      57       57
( 139, 238)   coste      79       79
( 140, 364)   coste      53       53
( 141, 210)   coste      31       31
( 141, 332)   coste      43       43
( 141, 385)   coste      50       50
( 142, 208)   coste      45       45
( 142, 220)   coste      29       29
( 143, 480)   coste      58       58
( 143, 483)   coste      44       44
( 143, 485)   coste      56       56
( 144, 146)   coste      44       44
( 144, 147)   coste      43       43
( 144, 480)   coste      21       21
( 145, 147)   coste      34       34
( 146, 480)   coste      50       50
( 147, 483)   coste      50       50
( 148, 485)   coste      50       50
( 149, 248)   coste      72       72
( 149, 418)   coste      41       41
( 150, 418)   coste      53       53
( 153, 198)   coste      63       63
( 153, 208)   coste      61       61
( 153, 209)   coste      44       44
( 153, 220)   coste      37       37
( 154, 198)   coste      46       46
( 154, 200)   coste      97       97
( 154, 201)   coste     121      121
( 155, 160)   coste      47       47
( 155, 290)   coste      30       30
( 155, 373)   coste      11       11
( 155, 374)   coste      44       44
( 155, 463)   coste      31       31
( 156, 158)   coste      49       49
( 156, 463)   coste      26       26
( 157, 373)   coste      20       20
( 157, 463)   coste      34       34
( 158, 373)   coste      50       50
( 158, 442)   coste      60       60
( 158, 463)   coste      25       25
( 158, 479)   coste      56       56
( 158, 486)   coste      77       77
( 160, 479)   coste      75       75
( 161, 252)   coste      51       51
( 162, 406)   coste      46       46
( 163, 164)   coste       5        5
( 163, 165)   coste      19       19
( 163, 406)   coste      34       34
( 164, 188)   coste      23       23
( 164, 252)   coste      39       39
( 165, 406)   coste      20       20
( 166, 401)   coste      46       46
( 167, 267)   coste      63       63
( 168, 267)   coste      61       61
( 169, 487)   coste      58       58
( 171, 293)   coste     112      112
( 171, 312)   coste      41       41
( 171, 462)   coste      24       24
( 171, 476)   coste       2        2
( 172, 189)   coste      64       64
( 172, 292)   coste      14       14
( 172, 293)   coste      72       72
( 173, 257)   coste      58       58
( 175, 177)   coste      31       31
( 176, 177)   coste      55       55
( 177, 291)   coste      43       43
( 177, 356)   coste      50       50
( 178, 282)   coste      67       67
( 179, 399)   coste      48       48
( 180, 247)   coste      50       50
( 181, 198)   coste      23       23
( 181, 199)   coste      47       47
( 181, 319)   coste      64       64
( 182, 319)   coste      53       53
( 182, 321)   coste      42       42
( 183, 239)   coste      20       20
( 185, 249)   coste      33       33
( 185, 407)   coste      46       46
( 185, 465)   coste      30       30
( 186, 187)   coste      24       24
( 186, 375)   coste      55       55
( 186, 407)   coste      46       46
( 186, 465)   coste      25       25
( 186, 466)   coste      47       47
( 187, 230)   coste     102      102
( 187, 407)   coste      44       44
( 187, 465)   coste      33       33
( 189, 292)   coste      61       61
( 191, 423)   coste      30       30
( 192, 437)   coste      51       51
( 193, 194)   coste       3        3
( 193, 437)   coste      51       51
( 194, 398)   coste      41       41
( 194, 437)   coste      52       52
( 196, 294)   coste      54       54
( 196, 296)   coste      29       29
( 196, 297)   coste      57       57
( 196, 435)   coste      66       66
( 199, 244)   coste      51       51
( 199, 321)   coste      52       52
( 199, 440)   coste      63       63
( 200, 208)   coste      93       93
( 200, 209)   coste      51       51
( 201, 209)   coste      77       77
( 201, 489)   coste      50       50
( 203, 427)   coste      40       40
( 205, 341)   coste      75       75
( 206, 207)   coste      36       36
( 206, 224)   coste      54       54
( 207, 224)   coste      26       26
( 208, 220)   coste      44       44
( 208, 489)   coste      41       41
( 209, 220)   coste      60       60
( 209, 489)   coste      74       74
( 210, 220)   coste      45       45
( 211, 261)   coste      32       32
( 211, 343)   coste      61       61
( 211, 344)   coste      35       35
( 211, 357)   coste      48       48
( 211, 369)   coste      36       36
( 212, 226)   coste      14       14
( 212, 357)   coste      49       49
( 213, 361)   coste      59       59
( 213, 450)   coste      50       50
( 214, 216)   coste      61       61
( 214, 269)   coste      32       32
( 214, 345)   coste      40       40
( 215, 216)   coste      46       46
( 215, 269)   coste      60       60
( 215, 450)   coste      68       68
( 216, 345)   coste      57       57
( 216, 441)   coste      41       41
( 217, 421)   coste      16       16
( 219, 240)   coste      33       33
( 219, 242)   coste      47       47
( 219, 421)   coste      41       41
( 221, 231)   coste      31       31
( 221, 376)   coste      53       53
( 221, 455)   coste      63       63
( 222, 223)   coste      13       13
( 222, 376)   coste      61       61
( 222, 417)   coste      65       65
( 223, 246)   coste      64       64
( 223, 376)   coste      58       58
( 223, 417)   coste      55       55
( 223, 455)   coste      59       59
( 224, 300)   coste      63       63
( 224, 397)   coste      17       17
( 226, 301)   coste      75       75
( 226, 357)   coste      58       58
( 226, 448)   coste      74       74
( 227, 264)   coste      14       14
( 227, 265)   coste      26       26
( 227, 266)   coste      45       45
( 228, 265)   coste      47       47
( 228, 266)   coste      62       62
( 229, 293)   coste     118      118
( 229, 408)   coste      63       63
( 229, 477)   coste      26       26
( 230, 303)   coste      61       61
( 231, 376)   coste      71       71
( 232, 409)   coste      65       65
( 232, 438)   coste      11       11
( 233, 235)   coste      33       33
( 233, 302)   coste      33       33
( 233, 303)   coste      68       68
( 233, 438)   coste      47       47
( 235, 302)   coste      22       22
( 236, 348)   coste      44       44
( 237, 263)   coste      77       77
( 237, 372)   coste      84       84
( 237, 434)   coste      27       27
( 238, 263)   coste      37       37
( 240, 422)   coste      60       60
( 241, 242)   coste      25       25
( 241, 243)   coste      52       52
( 244, 439)   coste      64       64
( 244, 458)   coste      45       45
( 245, 307)   coste      57       57
( 245, 308)   coste      44       44
( 245, 439)   coste      45       45
( 245, 467)   coste      36       36
( 245, 468)   coste      47       47
( 246, 455)   coste      38       38
( 247, 277)   coste      21       21
( 248, 417)   coste      28       28
( 249, 375)   coste      40       40
( 249, 407)   coste      44       44
( 249, 465)   coste      22       22
( 249, 466)   coste      34       34
( 250, 251)   coste      24       24
( 251, 342)   coste      54       54
( 251, 375)   coste      17       17
( 252, 406)   coste      45       45
( 253, 270)   coste      43       43
( 253, 275)   coste      19       19
( 253, 276)   coste      10       10
( 254, 255)   coste       9        9
( 259, 362)   coste      41       41
( 260, 273)   coste      59       59
( 261, 344)   coste      34       34
( 262, 364)   coste      54       54
( 263, 364)   coste      35       35
( 266, 473)   coste      58       58
( 270, 275)   coste      35       35
( 270, 360)   coste      35       35
( 271, 346)   coste      20       20
( 272, 362)   coste      56       56
( 272, 363)   coste      36       36
( 273, 363)   coste      14       14
( 273, 365)   coste      51       51
( 275, 360)   coste      15       15
( 278, 310)   coste      53       53
( 279, 416)   coste      19       19
( 280, 310)   coste      55       55
( 280, 342)   coste      54       54
( 281, 372)   coste      97       97
( 281, 388)   coste      99       99
( 282, 283)   coste      33       33
( 282, 387)   coste      38       38
( 282, 388)   coste      41       41
( 283, 387)   coste      35       35
( 284, 381)   coste      44       44
( 284, 436)   coste      26       26
( 285, 431)   coste      20       20
( 285, 468)   coste       6        6
( 286, 464)   coste      47       47
( 287, 288)   coste      14       14
( 287, 356)   coste      26       26
( 288, 356)   coste      36       36
( 289, 464)   coste      55       55
( 290, 373)   coste      20       20
( 293, 350)   coste     113      113
( 293, 426)   coste      84       84
( 293, 453)   coste      98       98
( 293, 476)   coste     112      112
( 293, 477)   coste     103      103
( 295, 296)   coste      31       31
( 295, 297)   coste      44       44
( 295, 349)   coste      65       65
( 295, 409)   coste      58       58
( 297, 435)   coste      16       16
( 297, 436)   coste      24       24
( 298, 409)   coste      67       67
( 300, 369)   coste      44       44
( 304, 428)   coste      44       44
( 304, 481)   coste      57       57
( 306, 307)   coste      21       21
( 306, 439)   coste      76       76
( 306, 440)   coste      83       83
( 307, 439)   coste      58       58
( 308, 309)   coste      64       64
( 308, 432)   coste      41       41
( 309, 432)   coste      69       69
( 310, 416)   coste      61       61
( 311, 398)   coste      16       16
( 311, 462)   coste      27       27
( 312, 462)   coste      25       25
( 312, 476)   coste      40       40
( 313, 469)   coste      47       47
( 314, 321)   coste      48       48
( 314, 451)   coste      21       21
( 315, 472)   coste      47       47
( 315, 473)   coste      40       40
( 316, 396)   coste      45       45
( 316, 487)   coste      35       35
( 317, 368)   coste      67       67
( 318, 487)   coste      50       50
( 319, 444)   coste      60       60
( 319, 446)   coste      33       33
( 320, 321)   coste      56       56
( 320, 446)   coste      13       13
( 320, 472)   coste      47       47
( 320, 473)   coste      50       50
( 323, 475)   coste      40       40
( 324, 326)   coste      49       49
( 325, 326)   coste      39       39
( 326, 430)   coste      23       23
( 327, 358)   coste      35       35
( 328, 329)   coste      64       64
( 328, 358)   coste      30       30
( 328, 410)   coste      37       37
( 330, 383)   coste      80       80
( 330, 460)   coste      37       37
( 331, 333)   coste      75       75
( 331, 460)   coste      21       21
( 332, 383)   coste      36       36
( 332, 385)   coste      26       26
( 334, 471)   coste      54       54
( 334, 478)   coste      60       60
( 335, 357)   coste      47       47
( 335, 471)   coste      47       47
( 335, 478)   coste      17       17
( 336, 405)   coste      46       46
( 337, 448)   coste      47       47
( 338, 419)   coste      49       49
( 338, 420)   coste      15       15
( 340, 361)   coste      47       47
( 340, 449)   coste      42       42
( 340, 450)   coste      51       51
( 344, 357)   coste      35       35
( 345, 441)   coste      28       28
( 347, 357)   coste      57       57
( 348, 452)   coste      48       48
( 352, 488)   coste      14       14
( 353, 454)   coste      59       59
( 353, 488)   coste      63       63
( 354, 355)   coste      39       39
( 354, 366)   coste      15       15
( 354, 488)   coste      53       53
( 355, 366)   coste      31       31
( 357, 478)   coste      53       53
( 361, 450)   coste      20       20
( 366, 424)   coste      45       45
( 366, 488)   coste      65       65
( 367, 470)   coste      49       49
( 369, 441)   coste      63       63
( 370, 388)   coste      61       61
( 370, 389)   coste      65       65
( 370, 410)   coste      63       63
( 370, 411)   coste      64       64
( 376, 455)   coste      24       24
( 377, 400)   coste      76       76
( 378, 455)   coste      63       63
( 379, 474)   coste      69       69
( 380, 399)   coste      29       29
( 382, 426)   coste      70       70
( 382, 452)   coste      31       31
( 382, 453)   coste      21       21
( 384, 385)   coste      43       43
( 386, 413)   coste      61       61
( 388, 411)   coste      31       31
( 390, 459)   coste      58       58
( 391, 403)   coste      52       52
( 391, 459)   coste      21       21
( 393, 445)   coste      36       36
( 395, 424)   coste      68       68
( 395, 445)   coste      57       57
( 396, 487)   coste      45       45
( 401, 475)   coste      45       45
( 402, 459)   coste      65       65
( 403, 459)   coste      49       49
( 404, 422)   coste      22       22
( 408, 477)   coste      84       84
( 412, 433)   coste      58       58
( 413, 414)   coste      15       15
( 419, 420)   coste      35       35
( 423, 449)   coste      30       30
( 425, 460)   coste      43       43
( 425, 461)   coste      69       69
( 426, 453)   coste      51       51
( 427, 481)   coste      52       52
( 428, 484)   coste      51       51
( 431, 432)   coste      17       17
( 431, 467)   coste      31       31
( 431, 468)   coste      21       21
( 431, 490)   coste      68       68
( 442, 479)   coste      58       58
( 442, 486)   coste      25       25
( 444, 469)   coste     101      101
( 444, 470)   coste      86       86
( 444, 472)   coste       7        7
( 447, 471)   coste      70       70
( 462, 476)   coste      25       25
( 465, 466)   coste      24       24
( 469, 473)   coste     103      103
( 470, 472)   coste      83       83
( 470, 473)   coste      88       88
( 479, 480)   coste      57       57
( 481, 484)   coste      40       40
( 483, 485)   coste      60       60
