NOMBRE : UR562
COMENTARIO :  53  componentes 
VERTICES :  416
ARISTAS_REQ :  405
ARISTAS_NOREQ :  998
LISTA_ARISTAS_REQ :
(   1,   2)   coste      47       47
(   3,   4)   coste      73       73
(   5,   6)   coste      46       46
(   7,   8)   coste      19       19
(   9,  10)   coste      58       58
(  11,  12)   coste     102      102
(  11,  13)   coste      11       11
(  11,  14)   coste      76       76
(  11,  15)   coste      38       38
(  16,  17)   coste      15       15
(  18,  19)   coste      47       47
(  20,  21)   coste      52       52
(  22,  23)   coste      35       35
(  24,  25)   coste      56       56
(  24,  26)   coste       9        9
(  27,  28)   coste      22       22
(  29,  30)   coste      37       37
(  31,  32)   coste      63       63
(   2,  33)   coste      67       67
(  33,  34)   coste      69       69
(  35,  36)   coste      36       36
(  35,  37)   coste      68       68
(  35,  38)   coste      85       85
(  39,  40)   coste      25       25
(  39,  41)   coste      60       60
(  39,  42)   coste      13       13
(  39,  43)   coste      27       27
(  39,  44)   coste      44       44
(  45,  46)   coste      38       38
(  45,  47)   coste      42       42
(  45,  48)   coste      44       44
(   2,  49)   coste      83       83
(  49,  50)   coste      40       40
(  51,  52)   coste      28       28
(  53,  54)   coste      46       46
(  53,  55)   coste      14       14
(   4,  56)   coste      59       59
(   4,  57)   coste      55       55
(   4,  58)   coste      50       50
(  59,  60)   coste      64       64
(  59,  61)   coste      44       44
(  59,  62)   coste      62       62
(  59,  63)   coste      60       60
(  64,  65)   coste      47       47
(  64,  66)   coste      48       48
(  64,  67)   coste      26       26
(  68,  69)   coste      62       62
(  68,  70)   coste      32       32
(  68,  71)   coste      38       38
(  68,  72)   coste      69       69
(  73,  74)   coste      24       24
(  73,  75)   coste      61       61
(  73,  76)   coste      25       25
(  77,  78)   coste      50       50
(  79,  80)   coste      74       74
(  79,  81)   coste      76       76
(  82,  83)   coste      18       18
(  82,  84)   coste      38       38
(  85,  86)   coste      15       15
(  85,  87)   coste      50       50
(  88,  89)   coste      52       52
(  88,  90)   coste      70       70
(  91,  92)   coste      59       59
(  60,  93)   coste      31       31
(  60,  94)   coste      50       50
(  95,  96)   coste      57       57
(  46,  97)   coste      19       19
(  98,  99)   coste      73       73
(  98, 100)   coste      62       62
( 101, 102)   coste      57       57
(  25,  26)   coste      57       57
(  25, 103)   coste      65       65
( 104, 105)   coste      63       63
( 104, 106)   coste      24       24
( 104, 107)   coste      45       45
( 108, 109)   coste      57       57
(   6, 110)   coste      22       22
( 111, 112)   coste      97       97
( 111, 113)   coste      53       53
( 114, 115)   coste       6        6
( 114, 116)   coste      28       28
( 114, 117)   coste      70       70
( 114, 118)   coste      61       61
( 119, 120)   coste      72       72
( 119, 121)   coste      43       43
( 122, 123)   coste      56       56
(  13, 122)   coste      62       62
( 124, 125)   coste      60       60
( 126, 127)   coste      46       46
( 126, 128)   coste      59       59
( 129, 130)   coste      17       17
( 131, 132)   coste      64       64
( 131, 133)   coste      76       76
( 131, 134)   coste      59       59
( 131, 135)   coste      46       46
( 136, 137)   coste      44       44
( 136, 138)   coste      11       11
( 136, 139)   coste       9        9
( 140, 141)   coste      46       46
( 140, 142)   coste      45       45
( 140, 143)   coste      45       45
( 144, 145)   coste      37       37
( 106, 144)   coste      46       46
(  74, 146)   coste      46       46
( 146, 147)   coste      57       57
( 148, 149)   coste      64       64
(  23, 150)   coste      29       29
( 150, 151)   coste      42       42
( 112, 152)   coste      51       51
(  99, 112)   coste      59       59
( 153, 154)   coste      32       32
(  21, 153)   coste      51       51
( 153, 155)   coste      40       40
( 156, 157)   coste      65       65
( 158, 159)   coste      43       43
( 158, 160)   coste      71       71
( 158, 161)   coste      28       28
( 158, 162)   coste      70       70
( 158, 163)   coste      65       65
( 164, 165)   coste      30       30
( 164, 166)   coste      70       70
( 167, 168)   coste      15       15
( 165, 169)   coste      56       56
(  96, 169)   coste      11       11
( 169, 170)   coste      46       46
( 171, 172)   coste      47       47
( 173, 174)   coste      62       62
( 173, 175)   coste      52       52
( 176, 177)   coste       9        9
( 116, 176)   coste      41       41
( 178, 179)   coste      32       32
( 103, 180)   coste      55       55
( 180, 181)   coste      21       21
( 177, 182)   coste      36       36
(  57, 182)   coste      10       10
( 127, 183)   coste      59       59
( 183, 184)   coste      60       60
( 183, 185)   coste      36       36
( 183, 186)   coste      12       12
(  52,  80)   coste      52       52
(  52, 187)   coste      14       14
( 145, 188)   coste      53       53
( 188, 189)   coste      37       37
( 102, 190)   coste      46       46
(   8, 191)   coste      25       25
( 192, 193)   coste      22       22
(   6, 194)   coste      42       42
(  46, 109)   coste      55       55
(  46, 195)   coste      47       47
( 196, 197)   coste      23       23
( 198, 199)   coste      25       25
( 113, 200)   coste      51       51
( 200, 201)   coste      48       48
( 200, 202)   coste      77       77
(  36, 203)   coste      63       63
( 203, 204)   coste      77       77
( 149, 205)   coste      64       64
( 206, 207)   coste      34       34
(  10, 105)   coste      49       49
( 105, 208)   coste      43       43
( 105, 209)   coste      58       58
( 210, 211)   coste      38       38
( 100, 113)   coste      52       52
( 113, 212)   coste      75       75
( 213, 214)   coste      42       42
( 215, 216)   coste      74       74
( 217, 218)   coste      42       42
( 217, 219)   coste      69       69
( 220, 221)   coste      59       59
( 220, 222)   coste      25       25
(  80,  81)   coste      33       33
(  69,  70)   coste      38       38
(  69, 223)   coste      41       41
(  36, 224)   coste      60       60
(  86,  87)   coste      50       50
( 225, 226)   coste      45       45
(  14, 225)   coste      51       51
( 227, 228)   coste      34       34
( 229, 230)   coste      30       30
( 229, 231)   coste      53       53
( 229, 232)   coste      10       10
( 229, 233)   coste      39       39
( 234, 235)   coste      15       15
( 234, 236)   coste      36       36
( 234, 237)   coste      33       33
( 238, 239)   coste      63       63
( 239, 240)   coste      18       18
( 239, 241)   coste      89       89
(  47, 242)   coste      37       37
(  93, 243)   coste      43       43
( 243, 244)   coste      26       26
( 243, 245)   coste      21       21
( 243, 246)   coste      54       54
( 159, 166)   coste      36       36
( 159, 247)   coste      83       83
( 159, 161)   coste      25       25
( 159, 248)   coste      50       50
( 159, 163)   coste      41       41
( 249, 250)   coste      44       44
( 246, 251)   coste      63       63
( 252, 253)   coste      55       55
(  78, 252)   coste      44       44
( 253, 254)   coste      51       51
(  56, 255)   coste      28       28
( 142, 256)   coste      41       41
( 201, 257)   coste      83       83
( 247, 258)   coste      76       76
( 259, 260)   coste      33       33
( 259, 261)   coste      34       34
( 170, 259)   coste      51       51
( 262, 263)   coste      18       18
( 264, 265)   coste      56       56
(  10, 107)   coste      44       44
(  54, 266)   coste      57       57
( 154, 267)   coste      44       44
( 268, 269)   coste      63       63
( 268, 270)   coste      72       72
( 120, 269)   coste      35       35
( 271, 272)   coste      22       22
( 273, 274)   coste      90       90
( 116, 177)   coste      43       43
(  57, 177)   coste      41       41
( 177, 275)   coste      65       65
( 103, 276)   coste      64       64
( 277, 278)   coste      81       81
( 230, 277)   coste      72       72
( 270, 279)   coste      29       29
( 221, 222)   coste      54       54
(  57, 221)   coste      65       65
(  41, 280)   coste      48       48
( 281, 282)   coste      64       64
(  75, 281)   coste      46       46
(  76, 281)   coste      40       40
( 281, 283)   coste      45       45
(  17, 151)   coste      28       28
( 175, 284)   coste      44       44
( 284, 285)   coste      43       43
(  19, 199)   coste      44       44
(  63, 199)   coste      37       37
( 286, 287)   coste      35       35
( 288, 289)   coste      39       39
( 272, 288)   coste       8        8
( 157, 290)   coste      15       15
( 291, 292)   coste      52       52
( 120, 291)   coste      37       37
( 133, 293)   coste      51       51
(  83,  84)   coste      24       24
( 160, 161)   coste      96       96
( 160, 294)   coste      94       94
( 278, 295)   coste      24       24
( 289, 296)   coste      36       36
( 297, 298)   coste      29       29
( 133, 299)   coste      96       96
( 212, 299)   coste      74       74
(  30, 300)   coste      39       39
( 301, 302)   coste      54       54
(  99, 303)   coste      41       41
(  99, 304)   coste      23       23
(  99, 305)   coste      95       95
( 137, 306)   coste      24       24
( 306, 307)   coste      36       36
( 241, 303)   coste      61       61
(  67, 308)   coste      33       33
( 309, 310)   coste      34       34
( 282, 311)   coste      69       69
( 312, 313)   coste      44       44
( 314, 315)   coste      28       28
( 314, 316)   coste      49       49
( 168, 317)   coste       4        4
( 174, 316)   coste      60       60
( 174, 318)   coste      55       55
( 109, 319)   coste      46       46
(  12, 123)   coste      53       53
( 320, 321)   coste      58       58
( 315, 322)   coste      65       65
( 315, 316)   coste      36       36
( 323, 324)   coste      67       67
(  40,  43)   coste      42       42
(  40, 325)   coste      23       23
( 326, 327)   coste      13       13
(  56, 328)   coste      50       50
(  56, 329)   coste      34       34
(  56,  58)   coste      18       18
( 330, 331)   coste      67       67
( 230, 232)   coste      29       29
(  32, 332)   coste      50       50
(  74, 147)   coste      82       82
( 287, 333)   coste      35       35
(   8, 334)   coste       6        6
( 334, 335)   coste      33       33
( 121, 172)   coste      37       37
( 263, 336)   coste      21       21
( 337, 338)   coste      28       28
( 219, 337)   coste      70       70
( 337, 339)   coste      45       45
( 123, 340)   coste      61       61
( 329, 341)   coste      92       92
( 117, 342)   coste      72       72
( 117, 118)   coste      57       57
( 117, 343)   coste      31       31
( 185, 344)   coste      46       46
( 211, 344)   coste      47       47
( 236, 261)   coste      59       59
( 170, 345)   coste      58       58
( 170, 346)   coste      43       43
( 185, 347)   coste      29       29
( 347, 348)   coste      16       16
( 331, 349)   coste      38       38
( 350, 351)   coste      42       42
( 195, 352)   coste      33       33
(  94, 353)   coste      62       62
( 292, 354)   coste      35       35
( 240, 267)   coste      48       48
( 254, 355)   coste      48       48
( 107, 224)   coste      36       36
( 185, 356)   coste      25       25
( 348, 356)   coste      21       21
( 186, 356)   coste      38       38
( 142, 319)   coste      65       65
( 357, 358)   coste      19       19
( 359, 360)   coste      74       74
( 359, 361)   coste      81       81
( 359, 362)   coste      60       60
( 363, 364)   coste      54       54
(  81, 187)   coste      68       68
( 338, 365)   coste      54       54
( 338, 366)   coste      59       59
( 338, 367)   coste      66       66
( 218, 365)   coste      30       30
(  13,  15)   coste      34       34
( 216, 368)   coste       4        4
( 242, 369)   coste      35       35
( 317, 322)   coste      17       17
( 175, 318)   coste      58       58
(  21, 307)   coste      54       54
( 155, 307)   coste      44       44
( 362, 370)   coste      85       85
(  72, 370)   coste      72       72
( 364, 371)   coste      43       43
( 372, 373)   coste      73       73
( 246, 298)   coste      43       43
( 360, 361)   coste      25       25
( 360, 374)   coste      50       50
( 274, 375)   coste      42       42
( 369, 375)   coste      77       77
( 231, 376)   coste      26       26
( 377, 378)   coste      52       52
( 379, 380)   coste      58       58
( 147, 381)   coste      64       64
( 381, 382)   coste      45       45
(  57,  58)   coste      49       49
( 365, 367)   coste      39       39
( 184, 197)   coste      51       51
( 125, 383)   coste      52       52
(  63, 384)   coste      34       34
( 294, 385)   coste      62       62
( 294, 378)   coste      21       21
( 318, 386)   coste      62       62
( 311, 387)   coste      38       38
(  58, 328)   coste      54       54
( 302, 388)   coste      63       63
( 186, 389)   coste      44       44
( 346, 390)   coste      38       38
(  41, 391)   coste      56       56
(  71, 392)   coste      18       18
( 285, 393)   coste      45       45
( 316, 393)   coste      59       59
( 342, 394)   coste      44       44
( 147, 327)   coste      73       73
( 285, 318)   coste      49       49
(  42,  43)   coste      32       32
(  42, 325)   coste      11       11
( 310, 395)   coste      24       24
(  43, 325)   coste      24       24
( 245, 246)   coste      55       55
( 396, 397)   coste      57       57
( 125, 324)   coste      70       70
( 398, 399)   coste      37       37
( 185, 348)   coste      28       28
( 185, 186)   coste      39       39
( 128, 400)   coste      52       52
( 120, 400)   coste      62       62
( 295, 401)   coste      85       85
(  89, 402)   coste      33       33
(  90, 402)   coste      31       31
(  94, 403)   coste      61       61
(  62,  94)   coste      13       13
( 250, 394)   coste      46       46
( 404, 405)   coste      52       52
( 107, 406)   coste      55       55
( 343, 407)   coste      54       54
( 343, 408)   coste      76       76
( 333, 339)   coste      75       75
(  48,  72)   coste      45       45
( 349, 409)   coste      80       80
( 300, 410)   coste      42       42
( 367, 405)   coste      51       51
( 405, 411)   coste      55       55
( 265, 412)   coste      35       35
( 374, 413)   coste      45       45
( 151, 410)   coste      67       67
( 371, 414)   coste      42       42
( 275, 409)   coste      19       19
(  14, 321)   coste      63       63
( 415, 416)   coste      67       67
LISTA_ARISTAS_NOREQ :
(   1,   4)   coste     224      224
(   1,  49)   coste      47       47
(   1,  50)   coste      58       58
(   1, 222)   coste      87       87
(   1, 273)   coste      57       57
(   2,  34)   coste     134      134
(   2, 273)   coste      24       24
(   3,  56)   coste     116      116
(   3,  58)   coste     114      114
(   3, 329)   coste      94       94
(   3, 341)   coste       6        6
(   4, 182)   coste      54       54
(   4, 255)   coste      82       82
(   4, 329)   coste      62       62
(   4, 341)   coste      76       76
(   5, 110)   coste      64       64
(   5, 130)   coste      30       30
(   5, 162)   coste     128      128
(   5, 259)   coste      39       39
(   5, 294)   coste     180      180
(   5, 377)   coste     153      153
(   5, 378)   coste     198      198
(   5, 390)   coste      54       54
(   6, 129)   coste      36       36
(   6, 130)   coste      35       35
(   6, 259)   coste      78       78
(   6, 261)   coste      73       73
(   7, 188)   coste      49       49
(   7, 189)   coste      48       48
(   7, 191)   coste      24       24
(   7, 211)   coste     131      131
(   7, 256)   coste     106      106
(   7, 268)   coste     132      132
(   7, 279)   coste     141      141
(   7, 335)   coste      30       30
(   8, 188)   coste      62       62
(   8, 256)   coste      90       90
(   8, 335)   coste      31       31
(   9,  19)   coste      40       40
(   9, 144)   coste      23       23
(   9, 145)   coste      57       57
(   9, 198)   coste      45       45
(   9, 406)   coste      19       19
(  10,  94)   coste      65       65
(  10, 403)   coste      14       14
(  10, 406)   coste      41       41
(  11, 122)   coste      70       70
(  11, 123)   coste      64       64
(  11, 225)   coste      30       30
(  11, 226)   coste      25       25
(  12,  15)   coste      86       86
(  12, 278)   coste     107      107
(  12, 340)   coste      36       36
(  13,  14)   coste      83       83
(  13, 123)   coste      65       65
(  13, 225)   coste      34       34
(  13, 226)   coste      15       15
(  14, 320)   coste     118      118
(  14, 396)   coste      89       89
(  15, 122)   coste      38       38
(  15, 123)   coste      35       35
(  15, 226)   coste      29       29
(  16, 110)   coste      57       57
(  16, 150)   coste      27       27
(  16, 151)   coste      34       34
(  16, 194)   coste      42       42
(  16, 300)   coste      46       46
(  17,  27)   coste      54       54
(  17, 150)   coste      16       16
(  17, 351)   coste      29       29
(  18,  63)   coste      21       21
(  18, 199)   coste      17       17
(  18, 206)   coste      69       69
(  18, 207)   coste      65       65
(  18, 335)   coste      60       60
(  18, 384)   coste      48       48
(  19,  62)   coste      55       55
(  19,  63)   coste      49       49
(  19,  94)   coste      63       63
(  19, 144)   coste      61       61
(  19, 198)   coste      47       47
(  19, 384)   coste      36       36
(  19, 406)   coste      55       55
(  20, 136)   coste      31       31
(  20, 137)   coste      36       36
(  20, 138)   coste      24       24
(  20, 139)   coste      31       31
(  20, 306)   coste      34       34
(  20, 323)   coste      22       22
(  21,  44)   coste     119      119
(  21, 137)   coste      41       41
(  21, 154)   coste      44       44
(  21, 214)   coste      65       65
(  21, 267)   coste      55       55
(  22,  27)   coste      50       50
(  22,  28)   coste      35       35
(  22, 234)   coste      56       56
(  22, 235)   coste      47       47
(  22, 236)   coste      29       29
(  22, 237)   coste      29       29
(  22, 261)   coste      47       47
(  23,  28)   coste       5        5
(  24,  37)   coste      63       63
(  24, 192)   coste     155      155
(  24, 193)   coste     155      155
(  24, 203)   coste      99       99
(  24, 204)   coste      57       57
(  24, 358)   coste      64       64
(  25, 180)   coste      42       42
(  25, 181)   coste      49       49
(  25, 192)   coste     125      125
(  25, 193)   coste     127      127
(  26,  37)   coste      69       69
(  26, 103)   coste      49       49
(  26, 192)   coste     162      162
(  26, 193)   coste     162      162
(  26, 203)   coste     105      105
(  26, 204)   coste      51       51
(  26, 358)   coste      58       58
(  27, 150)   coste      41       41
(  27, 236)   coste      75       75
(  27, 237)   coste      73       73
(  28, 150)   coste      32       32
(  28, 236)   coste      58       58
(  28, 237)   coste      56       56
(  29, 288)   coste      74       74
(  29, 296)   coste      40       40
(  29, 392)   coste      59       59
(  29, 410)   coste      21       21
(  30, 370)   coste      91       91
(  30, 410)   coste      21       21
(  31, 276)   coste      57       57
(  31, 337)   coste      55       55
(  31, 338)   coste      51       51
(  31, 366)   coste      54       54
(  31, 386)   coste      57       57
(  32, 103)   coste      67       67
(  32, 180)   coste      70       70
(  32, 197)   coste      87       87
(  32, 276)   coste      24       24
(  33, 273)   coste      51       51
(  33, 274)   coste      79       79
(  33, 379)   coste      56       56
(  33, 380)   coste      70       70
(  34, 273)   coste     113      113
(  34, 274)   coste      64       64
(  34, 360)   coste      34       34
(  34, 361)   coste      55       55
(  34, 374)   coste      44       44
(  34, 375)   coste      86       86
(  34, 379)   coste      27       27
(  35, 203)   coste      38       38
(  36,  38)   coste      71       71
(  36, 208)   coste     111      111
(  36, 209)   coste      58       58
(  37, 203)   coste      39       39
(  37, 204)   coste      70       70
(  38,  43)   coste      93       93
(  38,  44)   coste      79       79
(  38, 105)   coste      98       98
(  38, 107)   coste     119      119
(  38, 155)   coste      42       42
(  38, 208)   coste      80       80
(  38, 215)   coste      80       80
(  38, 224)   coste     101      101
(  38, 307)   coste      58       58
(  39, 212)   coste      86       86
(  39, 325)   coste       5        5
(  40,  41)   coste      46       46
(  40,  42)   coste      13       13
(  40,  44)   coste      64       64
(  40, 280)   coste      69       69
(  40, 391)   coste      93       93
(  41,  42)   coste      53       53
(  41, 212)   coste      60       60
(  41, 299)   coste      74       74
(  43,  44)   coste      24       24
(  43, 155)   coste      72       72
(  43, 215)   coste      35       35
(  44, 153)   coste      82       82
(  44, 154)   coste      79       79
(  44, 155)   coste      58       58
(  44, 215)   coste      40       40
(  44, 267)   coste     120      120
(  44, 325)   coste      43       43
(  45,  69)   coste      51       51
(  45,  97)   coste      54       54
(  45, 108)   coste      37       37
(  45, 140)   coste      44       44
(  45, 143)   coste      46       46
(  45, 223)   coste      37       37
(  45, 242)   coste      59       59
(  45, 408)   coste     149      149
(  46, 108)   coste       8        8
(  46, 142)   coste      61       61
(  46, 369)   coste     131      131
(  46, 408)   coste     156      156
(  47,  48)   coste      20       20
(  47,  72)   coste      62       62
(  47, 223)   coste      26       26
(  47, 413)   coste     130      130
(  48, 143)   coste      29       29
(  48, 223)   coste      11       11
(  48, 413)   coste     148      148
(  49, 220)   coste      70       70
(  49, 221)   coste      89       89
(  49, 222)   coste      47       47
(  49, 273)   coste      80       80
(  49, 342)   coste      71       71
(  50, 221)   coste      51       51
(  50, 222)   coste      39       39
(  51,  79)   coste       4        4
(  51, 129)   coste      64       64
(  51, 187)   coste      38       38
(  52,  79)   coste      25       25
(  52,  81)   coste      61       61
(  52, 262)   coste     134      134
(  52, 263)   coste     139      139
(  52, 370)   coste     139      139
(  53,  86)   coste     133      133
(  53,  87)   coste     112      112
(  53, 156)   coste      49       49
(  53, 157)   coste      76       76
(  53, 266)   coste      78       78
(  53, 282)   coste     122      122
(  53, 290)   coste      68       68
(  53, 311)   coste     140      140
(  53, 312)   coste     115      115
(  53, 372)   coste      96       96
(  54,  55)   coste      57       57
(  54,  86)   coste     157      157
(  54, 156)   coste      88       88
(  54, 297)   coste     123      123
(  54, 312)   coste     139      139
(  54, 372)   coste      91       91
(  55,  86)   coste     122      122
(  55,  87)   coste     101      101
(  55, 135)   coste     146      146
(  55, 156)   coste      36       36
(  55, 282)   coste     125      125
(  55, 290)   coste      62       62
(  55, 311)   coste     143      143
(  55, 312)   coste     104      104
(  56, 341)   coste     117      117
(  57, 176)   coste      36       36
(  58, 182)   coste      40       40
(  58, 329)   coste      47       47
(  58, 341)   coste     115      115
(  59,  78)   coste     120      120
(  59, 102)   coste      64       64
(  59, 206)   coste      77       77
(  59, 355)   coste     112      112
(  59, 384)   coste      35       35
(  59, 408)   coste     243      243
(  60,  61)   coste      37       37
(  60,  62)   coste      48       48
(  60, 243)   coste      60       60
(  60, 244)   coste      46       46
(  60, 251)   coste      76       76
(  61,  62)   coste      69       69
(  61,  93)   coste      57       57
(  61, 102)   coste      43       43
(  61, 244)   coste      35       35
(  62, 384)   coste      57       57
(  63, 206)   coste      55       55
(  63, 207)   coste      61       61
(  64, 186)   coste      57       57
(  64, 301)   coste      60       60
(  64, 308)   coste      29       29
(  65,  67)   coste      23       23
(  65, 167)   coste      77       77
(  65, 175)   coste     102      102
(  65, 285)   coste     130      130
(  65, 308)   coste      40       40
(  66,  83)   coste     110      110
(  66,  84)   coste      96       96
(  66, 172)   coste      49       49
(  66, 301)   coste      14       14
(  66, 308)   coste      28       28
(  66, 397)   coste     104      104
(  67, 183)   coste      71       71
(  67, 186)   coste      66       66
(  68, 141)   coste      71       71
(  68, 143)   coste      68       68
(  68, 268)   coste      79       79
(  68, 392)   coste      42       42
(  69,  72)   coste      66       66
(  69, 140)   coste      27       27
(  69, 141)   coste      52       52
(  69, 143)   coste      24       24
(  70,  71)   coste      68       68
(  70, 140)   coste      56       56
(  70, 141)   coste      41       41
(  70, 143)   coste      54       54
(  71, 268)   coste      60       60
(  71, 289)   coste      54       54
(  71, 296)   coste      47       47
(  72, 143)   coste      47       47
(  72, 223)   coste      49       49
(  73, 253)   coste      48       48
(  73, 281)   coste      17       17
(  73, 283)   coste      52       52
(  73, 382)   coste      15       15
(  74,  76)   coste       6        6
(  74, 253)   coste      30       30
(  74, 281)   coste      40       40
(  74, 381)   coste      65       65
(  74, 382)   coste      27       27
(  75,  78)   coste      88       88
(  75, 264)   coste       8        8
(  75, 265)   coste      53       53
(  75, 283)   coste      35       35
(  76, 146)   coste      49       49
(  76, 253)   coste      25       25
(  76, 382)   coste      31       31
(  77, 195)   coste     122      122
(  77, 252)   coste       9        9
(  77, 319)   coste     105      105
(  77, 352)   coste      95       95
(  77, 355)   coste      42       42
(  77, 408)   coste     106      106
(  78, 101)   coste      95       95
(  78, 102)   coste      93       93
(  78, 254)   coste      38       38
(  78, 264)   coste      95       95
(  78, 265)   coste      79       79
(  78, 355)   coste      20       20
(  79, 187)   coste      36       36
(  79, 370)   coste     147      147
(  80, 187)   coste      51       51
(  80, 262)   coste     168      168
(  80, 263)   coste     173      173
(  80, 309)   coste     103      103
(  80, 362)   coste      43       43
(  81, 362)   coste      36       36
(  81, 370)   coste      84       84
(  82, 225)   coste      67       67
(  82, 226)   coste      72       72
(  82, 396)   coste      24       24
(  82, 397)   coste      72       72
(  83, 171)   coste      91       91
(  83, 301)   coste     100      100
(  83, 302)   coste     121      121
(  83, 320)   coste     163      163
(  83, 396)   coste      27       27
(  83, 397)   coste      58       58
(  84, 171)   coste      72       72
(  84, 301)   coste      86       86
(  84, 302)   coste     107      107
(  84, 397)   coste      67       67
(  85,  91)   coste      44       44
(  85, 132)   coste      12       12
(  85, 134)   coste      34       34
(  86,  91)   coste      56       56
(  86, 246)   coste      57       57
(  86, 298)   coste      37       37
(  86, 312)   coste      24       24
(  87, 131)   coste      64       64
(  87, 132)   coste      51       51
(  87, 135)   coste      56       56
(  87, 156)   coste      81       81
(  87, 266)   coste      68       68
(  87, 297)   coste      67       67
(  87, 298)   coste      75       75
(  87, 312)   coste      58       58
(  88,  95)   coste     108      108
(  88, 164)   coste      94       94
(  88, 165)   coste     104      104
(  88, 402)   coste      42       42
(  89,  90)   coste      32       32
(  89,  95)   coste      62       62
(  89, 165)   coste     137      137
(  89, 235)   coste     100      100
(  89, 236)   coste      91       91
(  89, 345)   coste      33       33
(  90, 235)   coste      96       96
(  90, 236)   coste      87       87
(  90, 345)   coste      51       51
(  91, 132)   coste      39       39
(  91, 134)   coste      25       25
(  91, 251)   coste      87       87
(  92, 131)   coste      98       98
(  92, 133)   coste      82       82
(  92, 134)   coste      58       58
(  92, 280)   coste      62       62
(  92, 293)   coste      93       93
(  92, 299)   coste      88       88
(  92, 391)   coste      44       44
(  93, 244)   coste      44       44
(  93, 246)   coste      59       59
(  93, 251)   coste      54       54
(  95, 164)   coste      48       48
(  95, 169)   coste      54       54
(  95, 170)   coste      17       17
(  95, 259)   coste      64       64
(  95, 260)   coste      51       51
(  95, 345)   coste      50       50
(  95, 346)   coste      57       57
(  96, 162)   coste     136      136
(  96, 170)   coste      45       45
(  96, 248)   coste      17       17
(  96, 294)   coste     188      188
(  96, 346)   coste      12       12
(  96, 377)   coste     161      161
(  96, 378)   coste     206      206
(  96, 390)   coste      48       48
(  97, 108)   coste      26       26
(  97, 109)   coste      41       41
(  97, 195)   coste      31       31
(  97, 369)   coste     129      129
(  98, 111)   coste      51       51
(  98, 112)   coste      51       51
(  98, 303)   coste      70       70
(  98, 304)   coste      53       53
(  99, 152)   coste      19       19
(  99, 241)   coste      76       76
( 100, 111)   coste      23       23
( 100, 178)   coste      66       66
( 100, 200)   coste      53       53
( 100, 257)   coste      29       29
( 101, 190)   coste      14       14
( 101, 254)   coste      94       94
( 101, 265)   coste      18       18
( 101, 283)   coste      77       77
( 101, 412)   coste      18       18
( 102, 244)   coste      52       52
( 102, 319)   coste     148      148
( 102, 352)   coste     145      145
( 102, 355)   coste      85       85
( 102, 408)   coste     216      216
( 102, 412)   coste      56       56
( 103, 332)   coste      63       63
( 104, 209)   coste      25       25
( 104, 224)   coste      48       48
( 105, 107)   coste      23       23
( 105, 224)   coste      31       31
( 105, 353)   coste      57       57
( 105, 403)   coste      54       54
( 106, 107)   coste      55       55
( 106, 145)   coste      45       45
( 106, 406)   coste      60       60
( 107, 209)   coste      49       49
( 107, 353)   coste      60       60
( 107, 403)   coste      54       54
( 108, 140)   coste      32       32
( 108, 142)   coste      55       55
( 108, 195)   coste      51       51
( 108, 408)   coste     162      162
( 109, 142)   coste      63       63
( 109, 195)   coste      14       14
( 109, 352)   coste      22       22
( 110, 194)   coste      34       34
( 110, 259)   coste      77       77
( 110, 261)   coste      72       72
( 111, 178)   coste      50       50
( 111, 179)   coste      60       60
( 111, 200)   coste      72       72
( 111, 257)   coste      38       38
( 111, 303)   coste      60       60
( 112, 303)   coste      85       85
( 112, 304)   coste      38       38
( 113, 178)   coste      43       43
( 113, 202)   coste      69       69
( 113, 257)   coste      25       25
( 114, 220)   coste      34       34
( 114, 326)   coste      47       47
( 114, 327)   coste      56       56
( 115, 116)   coste      24       24
( 115, 176)   coste      59       59
( 115, 220)   coste      36       36
( 115, 221)   coste      67       67
( 115, 326)   coste      46       46
( 115, 327)   coste      54       54
( 116, 326)   coste      28       28
( 116, 327)   coste      32       32
( 117, 146)   coste     116      116
( 117, 408)   coste     100      100
( 118, 220)   coste      43       43
( 118, 222)   coste      52       52
( 118, 342)   coste      30       30
( 118, 343)   coste      66       66
( 119, 126)   coste      60       60
( 119, 291)   coste      62       62
( 119, 388)   coste      53       53
( 119, 400)   coste      55       55
( 120, 271)   coste       9        9
( 120, 272)   coste      25       25
( 120, 288)   coste      28       28
( 120, 289)   coste      22       22
( 121, 171)   coste      75       75
( 121, 302)   coste      50       50
( 121, 388)   coste      26       26
( 122, 168)   coste      63       63
( 122, 226)   coste      49       49
( 122, 284)   coste      83       83
( 122, 314)   coste      63       63
( 122, 315)   coste      55       55
( 122, 322)   coste      52       52
( 124, 139)   coste      35       35
( 124, 323)   coste      36       36
( 124, 324)   coste      37       37
( 124, 416)   coste      71       71
( 125, 357)   coste      81       81
( 125, 416)   coste      50       50
( 126, 172)   coste      46       46
( 126, 388)   coste      25       25
( 127, 128)   coste      28       28
( 127, 185)   coste      43       43
( 127, 186)   coste      52       52
( 127, 210)   coste      43       43
( 127, 279)   coste      58       58
( 128, 210)   coste      44       44
( 128, 211)   coste      49       49
( 128, 270)   coste      40       40
( 128, 279)   coste      32       32
( 129, 261)   coste     108      108
( 131, 266)   coste     105      105
( 132, 134)   coste      23       23
( 132, 135)   coste      88       88
( 133, 201)   coste      82       82
( 133, 280)   coste     134      134
( 133, 391)   coste     107      107
( 135, 156)   coste     126      126
( 135, 266)   coste      62       62
( 136, 306)   coste      24       24
( 136, 323)   coste      19       19
( 137, 138)   coste      34       34
( 137, 154)   coste      72       72
( 137, 307)   coste      24       24
( 138, 139)   coste      18       18
( 138, 306)   coste      16       16
( 138, 307)   coste      50       50
( 138, 323)   coste      22       22
( 139, 323)   coste      13       13
( 139, 324)   coste      70       70
( 141, 142)   coste      35       35
( 141, 256)   coste      41       41
( 143, 223)   coste      21       21
( 144, 198)   coste      48       48
( 144, 406)   coste      25       25
( 145, 198)   coste      50       50
( 146, 253)   coste      51       51
( 146, 343)   coste     102      102
( 146, 382)   coste      65       65
( 146, 407)   coste     147      147
( 146, 408)   coste     134      134
( 147, 275)   coste      70       70
( 147, 326)   coste      69       69
( 148, 205)   coste       4        4
( 148, 231)   coste      71       71
( 148, 277)   coste      40       40
( 148, 363)   coste      59       59
( 148, 364)   coste      86       86
( 148, 401)   coste      41       41
( 149, 277)   coste      49       49
( 149, 278)   coste      67       67
( 149, 295)   coste      58       58
( 149, 340)   coste      78       78
( 149, 401)   coste      32       32
( 150, 194)   coste      60       60
( 150, 236)   coste      89       89
( 150, 237)   coste      87       87
( 151, 292)   coste      48       48
( 151, 300)   coste      28       28
( 151, 351)   coste       2        2
( 152, 304)   coste      26       26
( 152, 305)   coste      95       95
( 153, 307)   coste      48       48
( 154, 307)   coste      71       71
( 155, 215)   coste      59       59
( 156, 266)   coste      98       98
( 156, 290)   coste      67       67
( 156, 297)   coste      42       42
( 156, 311)   coste     177      177
( 157, 264)   coste      58       58
( 158, 166)   coste      67       67
( 158, 247)   coste      68       68
( 158, 258)   coste      88       88
( 159, 165)   coste      59       59
( 159, 258)   coste     127      127
( 160, 247)   coste      90       90
( 160, 258)   coste      37       37
( 160, 378)   coste     100      100
( 161, 162)   coste      61       61
( 161, 163)   coste      62       62
( 161, 166)   coste      59       59
( 161, 247)   coste      87       87
( 161, 248)   coste      59       59
( 162, 294)   coste      63       63
( 162, 377)   coste      62       62
( 162, 390)   coste      91       91
( 163, 166)   coste      11       11
( 163, 247)   coste      62       62
( 163, 258)   coste     127      127
( 164, 169)   coste      40       40
( 164, 170)   coste      53       53
( 164, 248)   coste      48       48
( 165, 166)   coste      43       43
( 165, 248)   coste      58       58
( 167, 175)   coste      70       70
( 167, 284)   coste      43       43
( 167, 314)   coste      60       60
( 167, 317)   coste      12       12
( 167, 322)   coste      21       21
( 168, 322)   coste      18       18
( 169, 248)   coste      14       14
( 169, 346)   coste      22       22
( 170, 260)   coste      47       47
( 171, 301)   coste      18       18
( 171, 302)   coste      40       40
( 171, 397)   coste      85       85
( 172, 301)   coste      44       44
( 172, 302)   coste      45       45
( 172, 388)   coste      27       27
( 173, 285)   coste      51       51
( 173, 318)   coste      13       13
( 173, 393)   coste      72       72
( 174, 284)   coste      53       53
( 174, 285)   coste      23       23
( 174, 314)   coste      57       57
( 174, 393)   coste      23       23
( 175, 285)   coste      30       30
( 176, 182)   coste      32       32
( 176, 326)   coste      55       55
( 176, 327)   coste      48       48
( 177, 326)   coste      52       52
( 177, 327)   coste      43       43
( 178, 212)   coste      76       76
( 178, 241)   coste      75       75
( 178, 257)   coste      55       55
( 178, 303)   coste      46       46
( 179, 241)   coste      55       55
( 179, 257)   coste      80       80
( 179, 303)   coste      17       17
( 180, 197)   coste      55       55
( 180, 332)   coste      25       25
( 181, 196)   coste      59       59
( 181, 197)   coste      39       39
( 181, 332)   coste      31       31
( 183, 356)   coste      29       29
( 183, 389)   coste      35       35
( 184, 186)   coste      68       68
( 184, 196)   coste      30       30
( 184, 356)   coste      67       67
( 185, 210)   coste      30       30
( 185, 389)   coste      21       21
( 187, 262)   coste     122      122
( 187, 263)   coste     127      127
( 187, 309)   coste      87       87
( 188, 335)   coste      38       38
( 189, 192)   coste      61       61
( 189, 193)   coste      41       41
( 189, 335)   coste      60       60
( 190, 244)   coste      48       48
( 190, 245)   coste      49       49
( 190, 412)   coste      12       12
( 191, 207)   coste      98       98
( 191, 211)   coste     112      112
( 191, 256)   coste      95       95
( 191, 268)   coste     113      113
( 191, 279)   coste     122      122
( 191, 334)   coste      29       29
( 192, 211)   coste      80       80
( 192, 344)   coste      47       47
( 192, 347)   coste      62       62
( 193, 211)   coste      98       98
( 193, 344)   coste      67       67
( 194, 259)   coste     106      106
( 194, 261)   coste     101      101
( 195, 408)   coste     112      112
( 197, 276)   coste     108      108
( 197, 332)   coste      44       44
( 199, 335)   coste      54       54
( 199, 384)   coste      57       57
( 200, 257)   coste      38       38
( 200, 293)   coste      83       83
( 201, 202)   coste      65       65
( 201, 293)   coste      41       41
( 201, 299)   coste      72       72
( 202, 212)   coste      71       71
( 202, 293)   coste      53       53
( 202, 299)   coste      12       12
( 203, 357)   coste      82       82
( 204, 357)   coste      24       24
( 204, 358)   coste      11       11
( 205, 231)   coste      73       73
( 205, 277)   coste      43       43
( 205, 363)   coste      58       58
( 205, 364)   coste      85       85
( 205, 401)   coste      39       39
( 206, 319)   coste      60       60
( 206, 384)   coste      75       75
( 207, 211)   coste     209      209
( 207, 256)   coste      59       59
( 207, 268)   coste     210      210
( 207, 279)   coste     219      219
( 207, 334)   coste      71       71
( 208, 215)   coste      59       59
( 208, 216)   coste      68       68
( 208, 224)   coste      58       58
( 209, 224)   coste      32       32
( 210, 279)   coste      51       51
( 210, 344)   coste      31       31
( 210, 347)   coste      32       32
( 210, 348)   coste      43       43
( 211, 256)   coste     199      199
( 211, 268)   coste     113      113
( 211, 279)   coste      28       28
( 213, 238)   coste      40       40
( 213, 239)   coste      34       34
( 213, 240)   coste      17       17
( 213, 267)   coste      35       35
( 214, 238)   coste       8        8
( 214, 239)   coste      68       68
( 214, 240)   coste      56       56
( 214, 267)   coste      52       52
( 215, 325)   coste      57       57
( 215, 353)   coste     127      127
( 215, 368)   coste      75       75
( 216, 251)   coste      85       85
( 216, 353)   coste      70       70
( 217, 367)   coste      39       39
( 217, 404)   coste      76       76
( 217, 405)   coste      29       29
( 218, 219)   coste      29       29
( 218, 367)   coste      24       24
( 218, 405)   coste      64       64
( 219, 286)   coste      78       78
( 219, 333)   coste      49       49
( 219, 365)   coste      28       28
( 219, 367)   coste      51       51
( 220, 342)   coste      70       70
( 225, 321)   coste      98       98
( 225, 396)   coste      69       69
( 227, 309)   coste     104      104
( 227, 360)   coste      54       54
( 227, 361)   coste      32       32
( 227, 379)   coste      65       65
( 227, 380)   coste      75       75
( 227, 395)   coste      70       70
( 228, 309)   coste      98       98
( 228, 380)   coste      78       78
( 228, 395)   coste      51       51
( 229, 376)   coste      65       65
( 230, 231)   coste      71       71
( 230, 233)   coste      48       48
( 230, 295)   coste      80       80
( 231, 232)   coste      46       46
( 231, 233)   coste      27       27
( 231, 363)   coste      84       84
( 231, 364)   coste     130      130
( 231, 401)   coste     111      111
( 232, 233)   coste      30       30
( 232, 277)   coste      75       75
( 232, 376)   coste      61       61
( 233, 277)   coste      54       54
( 233, 376)   coste      51       51
( 234, 302)   coste     145      145
( 234, 397)   coste     163      163
( 234, 398)   coste      56       56
( 234, 399)   coste      42       42
( 235, 236)   coste      23       23
( 235, 237)   coste      20       20
( 235, 345)   coste      86       86
( 235, 399)   coste      51       51
( 235, 402)   coste     122      122
( 236, 237)   coste       4        4
( 236, 345)   coste      77       77
( 236, 402)   coste     113      113
( 238, 240)   coste      52       52
( 238, 267)   coste      56       56
( 239, 305)   coste      42       42
( 240, 305)   coste      57       57
( 241, 305)   coste      75       75
( 242, 370)   coste     122      122
( 242, 408)   coste     144      144
( 242, 413)   coste     106      106
( 243, 313)   coste      49       49
( 243, 412)   coste      46       46
( 244, 245)   coste      42       42
( 244, 412)   coste      46       46
( 245, 265)   coste      70       70
( 245, 313)   coste      40       40
( 245, 412)   coste      38       38
( 246, 312)   coste      56       56
( 246, 313)   coste      25       25
( 248, 346)   coste      28       28
( 248, 390)   coste      57       57
( 249, 342)   coste      31       31
( 249, 343)   coste      72       72
( 249, 394)   coste      20       20
( 249, 407)   coste      42       42
( 250, 375)   coste      62       62
( 250, 407)   coste      30       30
( 250, 408)   coste     110      110
( 251, 368)   coste      83       83
( 252, 254)   coste      31       31
( 252, 319)   coste     109      109
( 252, 352)   coste      99       99
( 252, 355)   coste      39       39
( 254, 265)   coste      78       78
( 254, 283)   coste      31       31
( 255, 328)   coste      54       54
( 255, 329)   coste      27       27
( 255, 330)   coste     103      103
( 255, 349)   coste      67       67
( 256, 279)   coste     209      209
( 256, 319)   coste      78       78
( 256, 334)   coste      87       87
( 260, 261)   coste      29       29
( 260, 345)   coste      37       37
( 261, 345)   coste      59       59
( 262, 336)   coste      16       16
( 262, 377)   coste      78       78
( 262, 385)   coste      33       33
( 263, 309)   coste      71       71
( 263, 310)   coste      69       69
( 263, 395)   coste      91       91
( 264, 281)   coste      48       48
( 264, 282)   coste      69       69
( 265, 283)   coste      61       61
( 266, 297)   coste     110      110
( 269, 270)   coste      49       49
( 269, 271)   coste      42       42
( 269, 289)   coste      36       36
( 269, 400)   coste      37       37
( 270, 400)   coste      22       22
( 271, 288)   coste      23       23
( 271, 289)   coste      18       18
( 271, 291)   coste      38       38
( 271, 296)   coste      44       44
( 271, 392)   coste      69       69
( 272, 291)   coste      19       19
( 272, 350)   coste      40       40
( 272, 354)   coste      28       28
( 274, 359)   coste     124      124
( 274, 374)   coste      58       58
( 274, 380)   coste     146      146
( 274, 394)   coste      62       62
( 274, 413)   coste     100      100
( 275, 326)   coste      55       55
( 275, 327)   coste      44       44
( 275, 328)   coste      47       47
( 275, 387)   coste     138      138
( 276, 332)   coste      69       69
( 276, 337)   coste     103      103
( 276, 338)   coste      96       96
( 277, 295)   coste      59       59
( 277, 363)   coste      97       97
( 277, 364)   coste     124      124
( 277, 401)   coste      49       49
( 278, 340)   coste      76       76
( 280, 293)   coste     132      132
( 280, 391)   coste      30       30
( 281, 381)   coste      65       65
( 281, 382)   coste      26       26
( 282, 290)   coste      67       67
( 282, 381)   coste      68       68
( 282, 387)   coste      53       53
( 284, 314)   coste      25       25
( 284, 317)   coste      49       49
( 284, 322)   coste      38       38
( 286, 333)   coste      31       31
( 286, 376)   coste      77       77
( 287, 337)   coste      91       91
( 287, 339)   coste      54       54
( 287, 414)   coste      47       47
( 288, 291)   coste      26       26
( 288, 296)   coste      51       51
( 288, 350)   coste      40       40
( 288, 354)   coste      30       30
( 289, 392)   coste      53       53
( 290, 311)   coste     114      114
( 290, 372)   coste     115      115
( 291, 350)   coste      34       34
( 291, 354)   coste      21       21
( 292, 350)   coste      26       26
( 292, 351)   coste      47       47
( 292, 410)   coste     101      101
( 293, 299)   coste      53       53
( 293, 391)   coste     105      105
( 294, 377)   coste      40       40
( 294, 390)   coste     141      141
( 295, 340)   coste      91       91
( 296, 392)   coste      35       35
( 296, 410)   coste      51       51
( 297, 312)   coste      29       29
( 297, 313)   coste      51       51
( 298, 312)   coste      18       18
( 298, 313)   coste      27       27
( 299, 391)   coste      62       62
( 300, 350)   coste      60       60
( 300, 351)   coste      29       29
( 300, 354)   coste      72       72
( 301, 397)   coste      94       94
( 302, 397)   coste     115      115
( 302, 398)   coste     109      109
( 302, 399)   coste     144      144
( 303, 304)   coste      49       49
( 309, 361)   coste     120      120
( 309, 395)   coste      51       51
( 310, 361)   coste     111      111
( 311, 372)   coste      69       69
( 311, 373)   coste      32       32
( 314, 322)   coste      46       46
( 316, 401)   coste      52       52
( 318, 393)   coste      61       61
( 319, 352)   coste      33       33
( 319, 355)   coste      94       94
( 320, 397)   coste     124      124
( 320, 398)   coste     173      173
( 320, 399)   coste     181      181
( 321, 396)   coste      86       86
( 321, 397)   coste     104      104
( 321, 398)   coste     174      174
( 321, 399)   coste     182      182
( 324, 416)   coste      51       51
( 328, 331)   coste      60       60
( 328, 349)   coste      68       68
( 328, 387)   coste     149      149
( 328, 409)   coste      39       39
( 330, 349)   coste      42       42
( 330, 372)   coste     169      169
( 330, 373)   coste     105      105
( 331, 373)   coste     102      102
( 331, 387)   coste     115      115
( 331, 409)   coste      52       52
( 333, 365)   coste      63       63
( 333, 371)   coste     120      120
( 333, 414)   coste      81       81
( 336, 378)   coste      85       85
( 336, 385)   coste      38       38
( 337, 365)   coste      47       47
( 337, 366)   coste      35       35
( 339, 366)   coste      16       16
( 339, 371)   coste      49       49
( 339, 386)   coste      52       52
( 339, 414)   coste      20       20
( 342, 343)   coste      68       68
( 342, 407)   coste      64       64
( 344, 347)   coste      22       22
( 344, 348)   coste      37       37
( 347, 389)   coste      27       27
( 348, 389)   coste      14       14
( 350, 354)   coste      14       14
( 350, 410)   coste      85       85
( 352, 355)   coste      89       89
( 352, 408)   coste     114      114
( 353, 403)   coste      10       10
( 354, 410)   coste      97       97
( 356, 389)   coste       8        8
( 357, 383)   coste      41       41
( 357, 411)   coste     103      103
( 357, 415)   coste      85       85
( 358, 411)   coste     118      118
( 358, 415)   coste     100      100
( 359, 374)   coste      68       68
( 359, 413)   coste      27       27
( 360, 379)   coste      46       46
( 360, 413)   coste      68       68
( 361, 379)   coste      57       57
( 363, 371)   coste      40       40
( 363, 376)   coste      95       95
( 363, 414)   coste      44       44
( 364, 376)   coste     141      141
( 364, 386)   coste      60       60
( 364, 393)   coste      26       26
( 366, 371)   coste      52       52
( 366, 386)   coste      46       46
( 366, 414)   coste      35       35
( 369, 370)   coste     125      125
( 369, 408)   coste     149      149
( 369, 413)   coste      81       81
( 370, 413)   coste     166      166
( 371, 386)   coste      29       29
( 371, 393)   coste      62       62
( 373, 387)   coste      57       57
( 374, 375)   coste      47       47
( 375, 394)   coste      69       69
( 375, 413)   coste      73       73
( 377, 385)   coste      51       51
( 377, 390)   coste     114      114
( 378, 385)   coste      52       52
( 378, 390)   coste     159      159
( 381, 387)   coste      64       64
( 382, 387)   coste      95       95
( 383, 415)   coste      54       54
( 383, 416)   coste      69       69
( 386, 414)   coste      57       57
( 387, 409)   coste     121      121
( 394, 407)   coste      56       56
( 396, 399)   coste     190      190
( 397, 398)   coste     109      109
( 397, 399)   coste     137      137
( 404, 411)   coste      69       69
( 404, 415)   coste      69       69
( 407, 408)   coste      85       85
( 411, 415)   coste      36       36
