NOMBRE : UR567
COMENTARIO :   1  componentes 
VERTICES :  499
ARISTAS_REQ : 1157
ARISTAS_NOREQ :  369
LISTA_ARISTAS_REQ :
(   1,   2)   coste      15       15
(   1,   3)   coste      40       40
(   1,   4)   coste      34       34
(   5,   6)   coste      76       76
(   5,   7)   coste      76       76
(   5,   8)   coste      38       38
(   5,   9)   coste      68       68
(   5,  10)   coste      52       52
(  11,  12)   coste      56       56
(  11,  13)   coste      41       41
(  11,  14)   coste      15       15
(  11,  15)   coste      29       29
(  11,  16)   coste      51       51
(   6,  17)   coste      37       37
(   6,  18)   coste      27       27
(   6,  19)   coste      48       48
(   6,  20)   coste      19       19
(  21,  22)   coste      29       29
(  21,  23)   coste       7        7
(  19,  21)   coste      68       68
(  10,  21)   coste      55       55
(  21,  24)   coste      39       39
(  25,  26)   coste      71       71
(  25,  27)   coste      28       28
(  25,  28)   coste      46       46
(  25,  29)   coste      44       44
(  25,  30)   coste      45       45
(  25,  31)   coste      49       49
(  25,  32)   coste      49       49
(  33,  34)   coste      33       33
(  33,  35)   coste      67       67
(  33,  36)   coste      66       66
(  33,  37)   coste      66       66
(  38,  39)   coste      17       17
(  38,  40)   coste      42       42
(  41,  42)   coste       7        7
(  41,  43)   coste       8        8
(  41,  44)   coste      48       48
(  41,  45)   coste      48       48
(  41,  46)   coste      40       40
(  41,  47)   coste       3        3
(  48,  49)   coste      40       40
(  48,  50)   coste      13       13
(  48,  51)   coste      45       45
(  48,  52)   coste      68       68
(  53,  54)   coste      49       49
(  53,  55)   coste      54       54
(  39,  53)   coste      36       36
(  53,  56)   coste      16       16
(  40,  53)   coste      48       48
(  53,  57)   coste      22       22
(  53,  58)   coste      31       31
(  59,  60)   coste      71       71
(  59,  61)   coste      64       64
(  59,  62)   coste      49       49
(  59,  63)   coste      23       23
(  64,  65)   coste      59       59
(  64,  66)   coste      39       39
(  64,  67)   coste      79       79
(  64,  68)   coste      77       77
(  69,  70)   coste      40       40
(  69,  71)   coste      32       32
(  69,  72)   coste      25       25
(  69,  73)   coste      32       32
(  74,  75)   coste      37       37
(  74,  76)   coste      37       37
(  74,  77)   coste      42       42
(  62,  74)   coste      61       61
(  74,  78)   coste      37       37
(  74,  79)   coste      44       44
(  80,  81)   coste      51       51
(  80,  82)   coste      74       74
(  80,  83)   coste      63       63
(  76,  84)   coste      37       37
(  84,  85)   coste      10       10
(  58,  84)   coste      30       30
(  84,  86)   coste      29       29
(  87,  88)   coste      50       50
(  87,  89)   coste      12       12
(  87,  90)   coste      20       20
(  87,  91)   coste      36       36
(  92,  93)   coste      39       39
(  92,  94)   coste      16       16
(  92,  95)   coste      21       21
(  96,  97)   coste      56       56
(  96,  98)   coste      13       13
(  96,  99)   coste      51       51
(  96, 100)   coste      47       47
(  96, 101)   coste      39       39
( 102, 103)   coste      67       67
( 102, 104)   coste      15       15
( 102, 105)   coste      42       42
( 102, 106)   coste      43       43
( 107, 108)   coste      62       62
( 107, 109)   coste      74       74
( 107, 110)   coste      40       40
( 107, 111)   coste      25       25
( 107, 112)   coste      18       18
( 113, 114)   coste      43       43
( 113, 115)   coste      59       59
( 113, 116)   coste      75       75
( 113, 117)   coste      79       79
( 118, 119)   coste      37       37
( 118, 120)   coste      48       48
( 118, 121)   coste      25       25
( 118, 122)   coste      17       17
( 118, 123)   coste      42       42
( 118, 124)   coste      42       42
( 125, 126)   coste      78       78
( 125, 127)   coste      68       68
( 125, 128)   coste      64       64
( 125, 129)   coste      67       67
( 125, 130)   coste      49       49
( 131, 132)   coste      43       43
( 131, 133)   coste      53       53
( 134, 135)   coste      33       33
( 134, 136)   coste     102      102
( 134, 137)   coste      14       14
(  17, 138)   coste      22       22
(  18, 138)   coste      25       25
( 138, 139)   coste      29       29
( 138, 140)   coste       7        7
( 138, 141)   coste      18       18
( 138, 142)   coste      38       38
(  26,  27)   coste      63       63
(  26, 143)   coste      90       90
(  26, 144)   coste      77       77
(  26, 145)   coste      95       95
(  26, 146)   coste      75       75
(  26, 147)   coste      65       65
(  26,  30)   coste      39       39
(  26, 148)   coste      88       88
(  12, 149)   coste      44       44
(  12,  13)   coste      49       49
(  12, 150)   coste      39       39
(  12, 151)   coste      48       48
(  12, 152)   coste      28       28
( 153, 154)   coste      44       44
( 153, 155)   coste      28       28
( 153, 156)   coste      44       44
( 153, 157)   coste      81       81
( 153, 158)   coste      32       32
( 153, 159)   coste      28       28
( 153, 160)   coste      31       31
( 153, 161)   coste      19       19
( 153, 162)   coste      41       41
( 163, 164)   coste      31       31
( 163, 165)   coste      12       12
( 163, 166)   coste      29       29
( 163, 167)   coste      24       24
( 168, 169)   coste      20       20
( 168, 170)   coste      61       61
( 168, 171)   coste      30       30
( 172, 173)   coste      19       19
( 172, 174)   coste      90       90
( 172, 175)   coste      62       62
( 172, 176)   coste      42       42
( 172, 177)   coste      33       33
( 172, 178)   coste      50       50
( 179, 180)   coste      35       35
( 179, 181)   coste      45       45
( 179, 182)   coste      64       64
( 179, 183)   coste      18       18
( 179, 184)   coste      43       43
( 185, 186)   coste      52       52
( 185, 187)   coste      48       48
( 185, 188)   coste      70       70
( 185, 189)   coste      38       38
(  28, 190)   coste      48       48
( 190, 191)   coste      52       52
( 190, 192)   coste       9        9
(  29, 190)   coste      34       34
( 190, 193)   coste      60       60
( 194, 195)   coste      27       27
( 194, 196)   coste      36       36
(   4, 194)   coste      61       61
( 194, 197)   coste      14       14
( 194, 198)   coste      49       49
( 195, 196)   coste      17       17
( 195, 197)   coste      31       31
( 195, 198)   coste      23       23
( 195, 199)   coste      60       60
( 195, 200)   coste      45       45
( 114, 201)   coste      48       48
( 114, 116)   coste      51       51
( 114, 202)   coste      73       73
( 203, 204)   coste      46       46
( 203, 205)   coste      54       54
( 203, 206)   coste      51       51
( 203, 207)   coste      70       70
( 203, 208)   coste      32       32
( 209, 210)   coste      28       28
( 209, 211)   coste      16       16
( 209, 212)   coste      25       25
( 209, 213)   coste      49       49
( 164, 214)   coste      40       40
( 164, 165)   coste      32       32
( 164, 166)   coste      14       14
( 164, 215)   coste      40       40
( 164, 216)   coste      40       40
(  17, 141)   coste      11       11
(  17,  19)   coste      29       29
(  17, 217)   coste      48       48
(  17,  20)   coste      20       20
( 218, 219)   coste      69       69
( 218, 220)   coste      63       63
( 218, 221)   coste      69       69
( 218, 222)   coste      64       64
(  18, 140)   coste      24       24
(  18, 223)   coste      64       64
(  18, 224)   coste      67       67
(  18,  20)   coste      25       25
( 119, 225)   coste      44       44
( 121, 225)   coste      68       68
( 225, 226)   coste      52       52
( 225, 227)   coste      49       49
( 225, 228)   coste      60       60
( 123, 225)   coste      59       59
( 225, 229)   coste     109      109
( 210, 230)   coste      58       58
( 210, 211)   coste      42       42
( 210, 212)   coste      39       39
( 210, 231)   coste      43       43
( 232, 233)   coste      34       34
( 166, 232)   coste      50       50
( 232, 234)   coste      23       23
( 232, 235)   coste      24       24
( 232, 236)   coste      65       65
( 237, 238)   coste      21       21
( 109, 237)   coste      23       23
( 237, 239)   coste      98       98
( 237, 240)   coste      51       51
( 237, 241)   coste      20       20
( 112, 237)   coste      89       89
(  93, 242)   coste      60       60
(  93,  94)   coste      45       45
(  93,  95)   coste      45       45
(  42,  43)   coste      13       13
(  42,  44)   coste      47       47
(  42,  45)   coste      43       43
(  42, 243)   coste      54       54
(  42,  46)   coste      34       34
( 244, 245)   coste      65       65
( 244, 246)   coste      62       62
(  61, 244)   coste      53       53
( 103, 247)   coste      44       44
( 103, 105)   coste      36       36
( 103, 106)   coste      31       31
( 248, 249)   coste      77       77
( 246, 248)   coste      51       51
( 248, 250)   coste      14       14
( 248, 251)   coste      21       21
( 115, 252)   coste      48       48
(  65, 115)   coste      37       37
( 115, 202)   coste      21       21
( 204, 253)   coste      49       49
( 253, 254)   coste      63       63
( 253, 255)   coste      46       46
( 109, 256)   coste      77       77
(  88, 256)   coste      70       70
( 256, 257)   coste      73       73
( 112, 256)   coste      93       93
( 258, 259)   coste      34       34
( 258, 260)   coste      10       10
( 226, 258)   coste     116      116
( 258, 261)   coste     109      109
( 258, 262)   coste      25       25
(   2,   3)   coste      28       28
(   2, 263)   coste      55       55
(   2, 220)   coste      56       56
(  39, 264)   coste      78       78
( 264, 265)   coste      64       64
( 264, 266)   coste      64       64
( 264, 267)   coste      55       55
(  97, 268)   coste      56       56
(  97, 269)   coste      64       64
(  97, 270)   coste      19       19
(  97, 271)   coste      15       15
(  97, 272)   coste      62       62
(   7,   8)   coste      83       83
(   7, 224)   coste      70       70
(   7, 273)   coste      79       79
(  27,  28)   coste      59       59
(  27,  30)   coste      26       26
(  27,  31)   coste      48       48
(  27, 193)   coste      61       61
(  27, 130)   coste      67       67
( 274, 275)   coste      27       27
( 274, 276)   coste      17       17
( 151, 274)   coste      44       44
( 277, 278)   coste      85       85
( 277, 279)   coste      91       91
( 277, 280)   coste      89       89
( 277, 281)   coste      76       76
(  43, 243)   coste      52       52
(  36,  43)   coste      20       20
(  43, 282)   coste      62       62
( 173, 283)   coste      68       68
( 173, 175)   coste      50       50
( 173, 177)   coste      15       15
( 173, 178)   coste      33       33
( 284, 285)   coste      28       28
( 265, 284)   coste      50       50
( 284, 286)   coste      50       50
( 267, 284)   coste      62       62
( 184, 284)   coste      63       63
( 259, 260)   coste      31       31
( 259, 287)   coste     129      129
( 259, 288)   coste      39       39
( 259, 262)   coste      52       52
(  62,  75)   coste      37       37
(  75, 289)   coste      41       41
(  75,  86)   coste      22       22
( 290, 291)   coste      59       59
( 290, 292)   coste      83       83
( 290, 293)   coste      54       54
( 188, 290)   coste      78       78
( 290, 294)   coste      52       52
( 290, 295)   coste      38       38
( 290, 296)   coste      46       46
( 192, 245)   coste      51       51
( 132, 252)   coste      77       77
( 132, 297)   coste      66       66
( 132, 298)   coste      68       68
( 132, 299)   coste      61       61
( 291, 300)   coste      56       56
( 291, 292)   coste      38       38
( 291, 301)   coste      56       56
( 291, 294)   coste      45       45
( 291, 296)   coste      39       39
( 120, 149)   coste      49       49
( 149, 302)   coste      48       48
( 149, 150)   coste      22       22
( 149, 151)   coste      34       34
( 149, 152)   coste      30       30
( 124, 149)   coste      42       42
( 303, 304)   coste       8        8
(  55, 303)   coste      12       12
( 303, 305)   coste      35       35
(  57, 303)   coste      41       41
(  55, 304)   coste      15       15
( 304, 305)   coste      41       41
( 238, 240)   coste      45       45
( 238, 241)   coste      15       15
( 238, 306)   coste      80       80
( 307, 308)   coste      30       30
( 307, 309)   coste      59       59
( 307, 310)   coste      71       71
( 186, 311)   coste      63       63
( 186, 189)   coste      16       16
( 186, 312)   coste      71       71
( 186, 269)   coste      50       50
( 186, 272)   coste      62       62
( 154, 313)   coste      19       19
( 154, 287)   coste      73       73
( 154, 314)   coste      33       33
( 154, 315)   coste      46       46
( 154, 316)   coste      43       43
( 154, 161)   coste      27       27
( 154, 317)   coste      69       69
( 154, 318)   coste      38       38
( 249, 319)   coste      44       44
( 146, 249)   coste      71       71
( 249, 320)   coste      48       48
(  39,  54)   coste      29       29
(  54,  57)   coste      45       45
(  22,  60)   coste      58       58
(  60, 321)   coste      47       47
(  10,  60)   coste      45       45
(  24,  60)   coste      39       39
( 187, 322)   coste      68       68
( 187, 323)   coste      47       47
( 187, 295)   coste      51       51
( 187, 324)   coste      45       45
(  16, 187)   coste      42       42
(   3, 220)   coste      48       48
( 283, 325)   coste      21       21
( 175, 283)   coste      22       22
( 176, 283)   coste      37       37
( 233, 326)   coste      13       13
( 233, 234)   coste      25       25
( 233, 327)   coste      56       56
( 233, 328)   coste      55       55
( 329, 330)   coste      55       55
( 329, 331)   coste      61       61
( 329, 332)   coste      32       32
( 251, 329)   coste      81       81
( 330, 331)   coste      76       76
( 139, 330)   coste      66       66
( 142, 330)   coste      83       83
( 214, 333)   coste      44       44
( 214, 215)   coste      38       38
( 101, 214)   coste      48       48
( 155, 334)   coste      48       48
( 156, 334)   coste      39       39
( 314, 334)   coste      37       37
( 159, 334)   coste      35       35
( 316, 334)   coste      32       32
( 278, 335)   coste      19       19
(  28, 319)   coste      69       69
( 144, 319)   coste      45       45
( 192, 319)   coste      68       68
( 146, 319)   coste      38       38
( 319, 320)   coste      66       66
(  81, 336)   coste      79       79
(  81, 337)   coste      45       45
(  81, 338)   coste      56       56
( 311, 339)   coste      52       52
( 311, 312)   coste      71       71
( 269, 311)   coste      25       25
( 270, 311)   coste      56       56
(  44,  45)   coste      24       24
(  44, 243)   coste      50       50
(  44, 340)   coste      37       37
(  44, 341)   coste      30       30
(  44,  47)   coste      49       49
( 198, 342)   coste      26       26
( 199, 342)   coste      19       19
( 242, 343)   coste      30       30
(  95, 242)   coste      96       96
( 188, 344)   coste      56       56
( 344, 345)   coste      11       11
( 230, 254)   coste      63       63
( 230, 346)   coste      58       58
( 230, 347)   coste      24       24
( 230, 231)   coste      31       31
( 155, 158)   coste      41       41
( 155, 348)   coste      77       77
( 155, 161)   coste      38       38
( 349, 350)   coste      11       11
( 349, 351)   coste       9        9
( 349, 352)   coste      29       29
( 156, 160)   coste      33       33
(  49,  50)   coste      30       30
(  49,  51)   coste      53       53
( 353, 354)   coste      31       31
( 309, 353)   coste      74       74
( 353, 355)   coste      76       76
( 353, 356)   coste      29       29
(  50,  51)   coste      50       50
(  50, 247)   coste      50       50
(  13, 357)   coste      39       39
(  13, 150)   coste      38       38
(  13, 358)   coste      15       15
(  13, 359)   coste      40       40
(  13, 124)   coste      35       35
( 174, 326)   coste      62       62
( 174, 360)   coste      60       60
( 219, 221)   coste      25       25
( 219, 222)   coste      33       33
( 219, 361)   coste       8        8
( 207, 219)   coste      36       36
( 219, 362)   coste      45       45
(  61, 246)   coste      51       51
( 246, 251)   coste      51       51
( 246, 363)   coste      52       52
(  14,  15)   coste      34       34
(  14,  16)   coste      48       48
( 175, 325)   coste      41       41
( 222, 325)   coste      53       53
( 176, 325)   coste      56       56
( 325, 364)   coste      75       75
( 108, 365)   coste      67       67
( 108, 111)   coste      39       39
( 108, 112)   coste      70       70
( 108, 366)   coste      48       48
( 119, 121)   coste      48       48
( 119, 227)   coste      30       30
( 119, 367)   coste      65       65
( 119, 123)   coste      18       18
( 365, 368)   coste      28       28
( 368, 369)   coste      14       14
( 368, 370)   coste      57       57
( 368, 371)   coste      14       14
( 368, 372)   coste      25       25
( 157, 158)   coste      72       72
( 157, 373)   coste      82       82
( 157, 374)   coste      56       56
( 157, 317)   coste      65       65
( 165, 375)   coste      31       31
( 375, 376)   coste      41       41
( 375, 377)   coste      32       32
( 167, 375)   coste       9        9
( 109, 239)   coste      84       84
( 109, 257)   coste       9        9
( 109, 112)   coste      69       69
( 378, 379)   coste      42       42
( 104, 378)   coste      54       54
( 378, 380)   coste      27       27
( 120, 381)   coste      34       34
( 120, 150)   coste      61       61
( 120, 228)   coste      59       59
(  70, 382)   coste       9        9
(  70,  71)   coste      44       44
(  70, 373)   coste      34       34
(  70, 383)   coste      55       55
(  70, 384)   coste      71       71
( 250, 331)   coste      15       15
( 250, 332)   coste      57       57
( 250, 251)   coste      30       30
( 385, 386)   coste      65       65
( 340, 385)   coste      38       38
( 385, 387)   coste      52       52
( 385, 388)   coste      37       37
( 385, 389)   coste      24       24
( 331, 332)   coste      60       60
( 251, 331)   coste      22       22
( 331, 363)   coste      44       44
( 390, 391)   coste      44       44
(  68, 390)   coste      70       70
( 263, 369)   coste      57       57
( 263, 370)   coste      12       12
( 263, 392)   coste      32       32
( 204, 205)   coste      20       20
( 204, 393)   coste      74       74
( 204, 255)   coste      61       61
(  37, 204)   coste      71       71
( 394, 395)   coste      17       17
( 339, 394)   coste      36       36
( 394, 396)   coste      51       51
( 394, 397)   coste      41       41
( 394, 398)   coste      66       66
( 143, 145)   coste      20       20
( 143, 147)   coste     112      112
(  30, 143)   coste     107      107
( 143, 148)   coste      14       14
( 399, 400)   coste      55       55
( 279, 399)   coste      33       33
( 328, 399)   coste      29       29
( 275, 401)   coste      20       20
( 151, 275)   coste      64       64
( 300, 357)   coste      63       63
( 300, 301)   coste      11       11
( 294, 300)   coste      30       30
( 296, 300)   coste      36       36
(  15, 300)   coste      68       68
( 229, 300)   coste      93       93
( 139, 402)   coste      41       41
( 140, 402)   coste      52       52
( 142, 402)   coste      16       16
( 402, 403)   coste      42       42
(  22, 404)   coste      72       72
( 217, 404)   coste      25       25
( 201, 252)   coste      39       39
( 117, 201)   coste      48       48
( 201, 202)   coste      83       83
( 211, 405)   coste      45       45
( 202, 252)   coste      47       47
( 365, 369)   coste      41       41
( 110, 365)   coste      74       74
( 365, 406)   coste      78       78
( 365, 371)   coste      31       31
( 365, 372)   coste       5        5
( 339, 395)   coste      38       38
( 169, 395)   coste      74       74
( 312, 395)   coste      77       77
( 395, 397)   coste      52       52
( 345, 395)   coste      51       51
( 171, 395)   coste      66       66
( 395, 407)   coste      54       54
( 292, 293)   coste      31       31
( 292, 301)   coste      89       89
( 180, 408)   coste      22       22
( 180, 265)   coste      33       33
( 180, 409)   coste      28       28
( 180, 183)   coste      47       47
( 180, 410)   coste      37       37
( 180, 184)   coste      46       46
(  28, 144)   coste      72       72
(  28, 192)   coste      54       54
(  28, 146)   coste      35       35
(  28, 147)   coste      79       79
(  28,  30)   coste      52       52
( 205, 206)   coste      82       82
( 205, 255)   coste      79       79
(  37, 205)   coste      53       53
( 369, 411)   coste      47       47
( 369, 371)   coste      14       14
( 369, 392)   coste      48       48
( 393, 412)   coste      72       72
( 362, 412)   coste      34       34
( 255, 412)   coste      59       59
( 158, 159)   coste      56       56
( 158, 348)   coste      54       54
( 158, 162)   coste      39       39
( 104, 379)   coste      25       25
( 379, 413)   coste      52       52
( 379, 414)   coste      79       79
( 139, 142)   coste      27       27
( 139, 217)   coste      60       60
( 144, 146)   coste      61       61
( 144, 405)   coste      61       61
( 144, 147)   coste      32       32
( 165, 327)   coste      16       16
( 165, 167)   coste      34       34
( 302, 415)   coste      36       36
( 302, 416)   coste      16       16
( 151, 302)   coste      20       20
( 152, 302)   coste      40       40
( 116, 117)   coste      25       25
(  90, 116)   coste      26       26
( 116, 417)   coste      28       28
(  91, 116)   coste      66       66
( 116, 366)   coste      72       72
( 360, 418)   coste      64       64
( 418, 419)   coste      57       57
( 418, 420)   coste      38       38
( 199, 418)   coste      73       73
( 336, 386)   coste      74       74
( 386, 421)   coste      22       22
( 322, 386)   coste      72       72
( 332, 347)   coste      52       52
( 332, 422)   coste      69       69
(  71, 382)   coste      42       42
(  72, 382)   coste       7        7
(  73, 382)   coste      34       34
( 382, 423)   coste      31       31
( 212, 424)   coste      66       66
( 391, 424)   coste      45       45
( 405, 424)   coste      42       42
( 140, 223)   coste      63       63
( 140, 224)   coste      73       73
( 140, 403)   coste      51       51
( 234, 326)   coste      34       34
( 326, 328)   coste      53       53
( 339, 396)   coste      48       48
( 100, 339)   coste      33       33
( 339, 397)   coste      25       25
(  19, 141)   coste      39       39
(  20, 141)   coste      21       21
(  82, 336)   coste      67       67
(  82, 337)   coste      44       44
(  82, 421)   coste      77       77
(  82, 425)   coste      39       39
(  22,  61)   coste      41       41
(  22,  23)   coste      26       26
(  22,  24)   coste      21       21
( 135, 426)   coste      48       48
( 426, 427)   coste      71       71
( 426, 428)   coste      48       48
( 254, 393)   coste      35       35
( 133, 254)   coste      78       78
( 254, 422)   coste      58       58
( 429, 430)   coste      20       20
( 429, 431)   coste      72       72
( 429, 432)   coste      70       70
(  63, 429)   coste      73       73
(  32, 429)   coste      71       71
( 279, 400)   coste      24       24
( 280, 400)   coste      10       10
( 400, 433)   coste      84       84
( 328, 400)   coste      79       79
(  45, 336)   coste      75       75
( 336, 337)   coste      44       44
( 393, 422)   coste      77       77
( 255, 393)   coste      19       19
( 434, 435)   coste      60       60
( 104, 436)   coste      59       59
(  51, 436)   coste      18       18
(  52, 436)   coste      49       49
( 105, 436)   coste      49       49
(  45, 340)   coste      57       57
(  45, 341)   coste      43       43
(  45, 437)   coste      36       36
(  45,  47)   coste      49       49
( 279, 280)   coste      17       17
( 279, 281)   coste      83       83
( 181, 182)   coste      70       70
( 181, 409)   coste      43       43
( 181, 286)   coste      37       37
( 181, 183)   coste      29       29
( 181, 438)   coste      62       62
( 181, 439)   coste      47       47
(  71, 440)   coste      54       54
(  71,  72)   coste      39       39
(  71, 383)   coste      53       53
(  71, 273)   coste      45       45
(  71, 384)   coste      59       59
(  71, 441)   coste      69       69
( 308, 309)   coste      44       44
( 308, 406)   coste      78       78
( 308, 442)   coste      91       91
( 308, 356)   coste      49       49
( 293, 296)   coste      48       48
( 373, 423)   coste      48       48
( 373, 383)   coste      48       48
( 443, 444)   coste      44       44
( 443, 445)   coste      46       46
( 268, 443)   coste      51       51
( 338, 443)   coste      19       19
(  83, 443)   coste      56       56
(  65, 446)   coste      80       80
(  65,  66)   coste      95       95
(  65,  67)   coste      38       38
(  65,  68)   coste      38       38
(  65, 202)   coste      28       28
( 383, 440)   coste      34       34
( 440, 441)   coste      81       81
( 438, 440)   coste      48       48
( 182, 409)   coste      70       70
( 182, 438)   coste      67       67
( 220, 447)   coste      52       52
(  36, 243)   coste      40       40
(  47, 243)   coste      46       46
( 435, 448)   coste      78       78
( 448, 449)   coste      32       32
( 448, 450)   coste      21       21
( 448, 451)   coste      61       61
( 448, 452)   coste      36       36
( 340, 388)   coste      14       14
( 285, 453)   coste      74       74
( 321, 453)   coste      42       42
(   9, 453)   coste      13       13
( 289, 453)   coste      51       51
( 104, 105)   coste      45       45
( 104, 106)   coste      55       55
( 191, 192)   coste      52       52
(  63, 191)   coste      57       57
(  32, 191)   coste      27       27
( 239, 241)   coste     102      102
(  88, 239)   coste      85       85
( 239, 257)   coste      78       78
( 240, 257)   coste      69       69
( 240, 306)   coste      40       40
( 322, 401)   coste      68       68
( 276, 401)   coste      41       41
( 401, 416)   coste      51       51
( 152, 401)   coste      57       57
( 376, 444)   coste      50       50
( 377, 444)   coste      58       58
( 167, 444)   coste      67       67
( 126, 454)   coste      73       73
( 127, 454)   coste      48       48
(  94, 454)   coste      20       20
( 128, 454)   coste      47       47
(  95, 454)   coste      21       21
( 454, 455)   coste      14       14
( 456, 457)   coste      35       35
( 413, 456)   coste      62       62
( 456, 458)   coste      22       22
( 398, 456)   coste      50       50
( 241, 257)   coste      37       37
(  40,  55)   coste      54       54
(  55,  57)   coste      34       34
( 215, 459)   coste      44       44
( 216, 459)   coste      21       21
( 101, 459)   coste      32       32
( 196, 197)   coste      45       45
( 196, 198)   coste      17       17
( 374, 381)   coste      57       57
( 374, 460)   coste      11       11
( 374, 461)   coste      32       32
( 169, 170)   coste      49       49
( 169, 345)   coste      48       48
( 169, 171)   coste      11       11
(  76, 305)   coste      44       44
( 305, 462)   coste      31       31
(  76,  78)   coste       6        6
(  76, 463)   coste      31       31
(  58,  76)   coste      42       42
(  98,  99)   coste      45       45
(  98, 396)   coste      48       48
(  98, 100)   coste      46       46
(  98, 101)   coste      33       33
(  88,  89)   coste      44       44
( 309, 354)   coste      76       76
( 310, 354)   coste      59       59
( 464, 465)   coste      76       76
(  52, 464)   coste      26       26
( 145, 446)   coste     108      108
(  66, 145)   coste      99       99
( 145, 147)   coste     104      104
( 212, 297)   coste      62       62
( 212, 298)   coste      56       56
( 126, 128)   coste      36       36
( 309, 466)   coste      64       64
( 467, 468)   coste      13       13
( 380, 467)   coste      46       46
( 467, 469)   coste       8        8
( 467, 470)   coste      19       19
( 458, 467)   coste      56       56
( 407, 467)   coste      38       38
( 370, 411)   coste      57       57
( 371, 411)   coste      56       56
( 350, 411)   coste      62       62
( 392, 411)   coste      22       22
( 352, 411)   coste      34       34
( 127, 471)   coste      47       47
( 127, 129)   coste      17       17
( 127, 130)   coste      66       66
( 121, 124)   coste      38       38
(  77, 462)   coste      66       66
(  77,  78)   coste      33       33
(  77, 451)   coste      38       38
(  77, 472)   coste      22       22
( 370, 372)   coste      77       77
( 370, 392)   coste      37       37
( 322, 421)   coste      60       60
( 323, 421)   coste      55       55
( 389, 421)   coste      64       64
( 350, 473)   coste      42       42
( 299, 473)   coste      34       34
( 133, 473)   coste      24       24
( 473, 474)   coste      39       39
( 351, 473)   coste      40       40
(  72,  73)   coste      30       30
(  72, 423)   coste      34       34
(  72, 475)   coste      53       53
(  73, 476)   coste      73       73
(  73, 475)   coste      35       35
( 381, 477)   coste      35       35
( 381, 415)   coste      37       37
( 381, 478)   coste      43       43
( 287, 313)   coste      56       56
( 313, 314)   coste      50       50
( 261, 313)   coste      76       76
( 313, 317)   coste      55       55
( 313, 318)   coste      44       44
(  39,  40)   coste      41       41
(  39,  57)   coste      46       46
( 166, 216)   coste      51       51
(  94, 128)   coste      55       55
(  94,  95)   coste       6        6
(  94, 455)   coste      31       31
( 268, 445)   coste      17       17
(  83, 445)   coste      40       40
( 270, 445)   coste      41       41
( 271, 445)   coste      30       30
( 272, 445)   coste      44       44
( 170, 457)   coste      63       63
( 170, 171)   coste      41       41
( 261, 287)   coste      27       27
( 287, 367)   coste      51       51
( 287, 317)   coste      20       20
( 206, 479)   coste      41       41
( 479, 480)   coste      59       59
( 479, 481)   coste      37       37
( 479, 482)   coste      46       46
( 208, 479)   coste      47       47
( 314, 316)   coste      18       18
( 161, 314)   coste      24       24
( 314, 318)   coste      31       31
( 226, 227)   coste      91       91
( 226, 262)   coste      97       97
( 123, 226)   coste     107      107
( 226, 229)   coste     108      108
( 146, 192)   coste      39       39
(  29, 192)   coste      40       40
(  32, 192)   coste      42       42
( 227, 261)   coste      74       74
( 261, 367)   coste      43       43
( 123, 261)   coste      91       91
( 261, 317)   coste      45       45
( 301, 357)   coste      69       69
( 357, 359)   coste       6        6
( 124, 357)   coste      60       60
( 229, 357)   coste      97       97
( 110, 406)   coste      59       59
( 110, 111)   coste      21       21
( 234, 235)   coste       6        6
( 406, 466)   coste      61       61
( 306, 406)   coste      94       94
( 175, 176)   coste      33       33
( 175, 177)   coste      40       40
( 175, 483)   coste      36       36
( 175, 364)   coste      57       57
( 222, 361)   coste      36       36
( 222, 481)   coste      68       68
( 146, 147)   coste      82       82
(   8, 285)   coste      75       75
( 266, 285)   coste      19       19
(  52, 465)   coste      77       77
( 465, 484)   coste      59       59
( 236, 465)   coste      64       64
( 423, 478)   coste      54       54
( 391, 446)   coste      81       81
(  68, 446)   coste      79       79
( 117, 366)   coste      65       65
( 296, 301)   coste      44       44
( 229, 301)   coste      86       86
( 188, 189)   coste      75       75
( 188, 312)   coste      30       30
( 188, 345)   coste      60       60
(  51, 247)   coste      43       43
(  51, 105)   coste      42       42
( 361, 447)   coste      58       58
( 207, 361)   coste      33       33
(  89,  91)   coste      41       41
(  83, 268)   coste      24       24
( 268, 269)   coste      63       63
( 268, 270)   coste      45       45
( 268, 272)   coste      30       30
(  19,  23)   coste      63       63
(  23,  24)   coste      39       39
( 159, 160)   coste       4        4
( 159, 161)   coste      23       23
( 265, 408)   coste      30       30
( 408, 409)   coste      49       49
( 408, 410)   coste      19       19
( 267, 408)   coste      25       25
( 408, 485)   coste      14       14
( 343, 435)   coste      83       83
( 343, 486)   coste       8        8
(   9, 321)   coste      36       36
( 321, 487)   coste      64       64
( 321, 488)   coste      46       46
( 289, 321)   coste      33       33
(  10, 321)   coste      42       42
( 142, 403)   coste      44       44
(  62,  79)   coste      49       49
(  62,  63)   coste      64       64
( 297, 391)   coste      61       61
(  67, 391)   coste      43       43
(  68, 391)   coste      41       41
( 333, 484)   coste      15       15
( 101, 333)   coste      68       68
(  35,  46)   coste      31       31
(  46, 437)   coste      32       32
( 206, 489)   coste      31       31
( 206, 208)   coste      37       37
(  37, 206)   coste      75       75
( 451, 490)   coste      63       63
( 452, 490)   coste      51       51
( 320, 346)   coste      16       16
( 320, 347)   coste      60       60
( 213, 320)   coste      36       36
( 147, 405)   coste      68       68
( 380, 468)   coste      42       42
( 468, 469)   coste       9        9
( 396, 468)   coste      52       52
( 468, 470)   coste       9        9
( 415, 477)   coste      25       25
( 460, 477)   coste      35       35
( 360, 420)   coste      78       78
( 198, 360)   coste      72       72
( 199, 360)   coste      35       35
(  78, 462)   coste      66       66
( 224, 491)   coste      24       24
( 403, 491)   coste      52       52
( 273, 491)   coste      78       78
( 387, 476)   coste      54       54
( 387, 389)   coste      70       70
( 315, 316)   coste      32       32
( 315, 318)   coste      11       11
( 123, 227)   coste      25       25
( 294, 295)   coste      64       64
( 294, 296)   coste       8        8
(  31, 471)   coste      51       51
( 129, 471)   coste      43       43
( 193, 471)   coste      81       81
( 316, 318)   coste      22       22
( 322, 323)   coste      35       35
( 322, 389)   coste      63       63
(  16, 322)   coste      65       65
( 128, 455)   coste      57       57
( 128, 129)   coste      58       58
( 489, 492)   coste      56       56
( 481, 492)   coste      48       48
( 208, 492)   coste      25       25
( 380, 470)   coste      35       35
( 380, 458)   coste      55       55
( 493, 494)   coste       4        4
( 392, 493)   coste      60       60
( 493, 495)   coste      54       54
( 352, 493)   coste      68       68
( 111, 112)   coste      40       40
( 111, 366)   coste      81       81
( 415, 416)   coste      42       42
( 415, 478)   coste      23       23
( 460, 461)   coste      22       22
( 430, 432)   coste      68       68
(  63, 430)   coste      59       59
( 265, 410)   coste      48       48
( 265, 267)   coste      15       15
( 265, 485)   coste      26       26
( 420, 433)   coste      42       42
( 427, 433)   coste      36       36
( 297, 298)   coste      19       19
( 297, 299)   coste      66       66
( 346, 347)   coste      51       51
( 231, 346)   coste      35       35
( 298, 299)   coste      51       51
( 133, 298)   coste      63       63
( 298, 474)   coste      49       49
( 442, 466)   coste      88       88
( 356, 442)   coste      50       50
(  66,  68)   coste     102      102
( 123, 367)   coste      50       50
( 317, 367)   coste      57       57
( 105, 247)   coste      46       46
(  95, 455)   coste      34       34
( 431, 451)   coste      14       14
( 431, 452)   coste      36       36
( 431, 472)   coste      30       30
( 431, 432)   coste      19       19
( 189, 272)   coste      72       72
( 189, 324)   coste      40       40
(  30, 496)   coste      63       63
(  31, 496)   coste      84       84
( 148, 496)   coste      95       95
( 130, 496)   coste      20       20
( 306, 466)   coste      74       74
( 356, 466)   coste      70       70
( 231, 347)   coste      39       39
( 347, 422)   coste      23       23
( 480, 489)   coste      32       32
( 482, 489)   coste      62       62
( 208, 489)   coste      66       66
(  37, 489)   coste      81       81
( 122, 150)   coste      44       44
( 150, 358)   coste      38       38
( 150, 152)   coste      41       41
( 124, 150)   coste      25       25
(  99, 396)   coste       4        4
(  99, 100)   coste      23       23
(  99, 397)   coste      24       24
(  34, 480)   coste      45       45
(  35, 480)   coste      42       42
( 480, 482)   coste      48       48
( 135, 419)   coste      82       82
( 419, 427)   coste       9        9
(   4, 200)   coste      65       65
( 135, 427)   coste      81       81
( 135, 428)   coste      75       75
( 135, 497)   coste      43       43
( 135, 137)   coste      35       35
(  29, 193)   coste      28       28
(  29,  32)   coste       6        6
(  58, 463)   coste      25       25
(  86, 463)   coste      35       35
( 183, 409)   coste      20       20
( 184, 409)   coste      38       38
( 100, 396)   coste      26       26
( 396, 407)   coste      47       47
( 435, 486)   coste      87       87
( 286, 498)   coste      69       69
( 439, 498)   coste      37       37
( 383, 384)   coste      19       19
( 223, 224)   coste      18       18
( 223, 403)   coste      47       47
( 286, 439)   coste      39       39
( 122, 228)   coste      29       29
( 124, 228)   coste      51       51
( 122, 123)   coste      57       57
( 122, 124)   coste      29       29
( 198, 199)   coste      40       40
(   8,   9)   coste      51       51
(   8,  10)   coste      69       69
( 129, 455)   coste      59       59
(   9, 488)   coste      13       13
(   9, 289)   coste      54       54
(   9,  10)   coste      54       54
( 371, 372)   coste      30       30
( 475, 476)   coste      41       41
( 273, 476)   coste      67       67
( 447, 494)   coste      53       53
( 362, 447)   coste      62       62
(  19, 217)   coste      23       23
( 273, 475)   coste      47       47
( 487, 488)   coste      29       29
( 289, 487)   coste      59       59
( 449, 450)   coste      30       30
( 449, 452)   coste      62       62
(  79,  85)   coste      42       42
(  58,  85)   coste      31       31
( 428, 497)   coste      72       72
( 137, 428)   coste      65       65
( 200, 428)   coste      58       58
( 133, 299)   coste      27       27
( 299, 474)   coste      29       29
( 414, 457)   coste      56       56
( 398, 457)   coste      28       28
( 407, 457)   coste      72       72
(  90, 417)   coste       3        3
(  90, 366)   coste      79       79
( 215, 216)   coste      28       28
( 101, 215)   coste      40       40
( 348, 438)   coste      54       54
(  40,  57)   coste      36       36
( 266, 267)   coste      59       59
(  52, 335)   coste      77       77
(  83, 272)   coste      33       33
(  34,  35)   coste      59       59
(  35, 437)   coste      51       51
( 176, 177)   coste      42       42
(  79, 289)   coste      27       27
(  79,  86)   coste      11       11
( 358, 359)   coste      35       35
( 124, 358)   coste      26       26
( 183, 184)   coste      36       36
( 364, 481)   coste      49       49
( 481, 482)   coste      48       48
( 136, 497)   coste      92       92
( 136, 355)   coste      63       63
( 269, 270)   coste      47       47
( 269, 272)   coste      36       36
( 236, 335)   coste      64       64
( 236, 499)   coste      46       46
( 133, 474)   coste      16       16
( 224, 441)   coste      73       73
( 231, 422)   coste      42       42
( 213, 231)   coste      21       21
( 177, 483)   coste      23       23
( 177, 178)   coste      27       27
( 151, 416)   coste      27       27
( 306, 355)   coste      80       80
( 451, 452)   coste      32       32
( 451, 472)   coste      19       19
( 432, 451)   coste      22       22
( 461, 478)   coste      20       20
( 281, 499)   coste      38       38
( 376, 377)   coste      11       11
( 167, 376)   coste      46       46
( 178, 376)   coste      53       53
(  67,  68)   coste       4        4
(  91, 417)   coste      42       42
( 366, 417)   coste      78       78
( 137, 497)   coste       9        9
( 392, 495)   coste      28       28
( 352, 392)   coste      47       47
( 295, 296)   coste      62       62
(  16, 295)   coste      53       53
(  36,  47)   coste      20       20
(  36, 282)   coste      46       46
( 251, 363)   coste      23       23
( 207, 362)   coste      10       10
( 398, 414)   coste      79       79
( 267, 410)   coste      39       39
( 410, 485)   coste      32       32
( 101, 216)   coste      39       39
( 282, 403)   coste      55       55
( 341, 389)   coste      57       57
(  68, 202)   coste      45       45
( 273, 441)   coste      52       52
( 452, 472)   coste      48       48
(  30, 148)   coste      99       99
(  30, 130)   coste      73       73
( 364, 483)   coste      52       52
( 178, 483)   coste      29       29
( 355, 356)   coste      57       57
( 100, 397)   coste      14       14
( 270, 271)   coste      21       21
( 270, 272)   coste      45       45
( 267, 485)   coste      29       29
(  31, 129)   coste      62       62
(  31, 193)   coste      41       41
( 271, 272)   coste      55       55
( 384, 438)   coste      36       36
( 384, 439)   coste      71       71
(  15, 359)   coste      33       33
( 129, 130)   coste      53       53
( 124, 359)   coste      57       57
( 229, 359)   coste      94       94
(  91, 366)   coste      79       79
(  32, 193)   coste      29       29
( 171, 345)   coste      47       47
( 167, 377)   coste      38       38
LISTA_ARISTAS_NOREQ :
(   1, 263)   coste      62       62
(   1, 310)   coste      30       30
(   1, 370)   coste      61       61
(   2,   4)   coste      40       40
(   3,   4)   coste      43       43
(   3, 310)   coste      62       62
(   4, 197)   coste      63       63
(   4, 310)   coste      29       29
(   5, 488)   coste      76       76
(   6, 138)   coste      49       49
(   6, 141)   coste      32       32
(   7, 441)   coste      31       31
(   7, 498)   coste      62       62
(   8, 488)   coste      53       53
(  13,  14)   coste      54       54
(  13,  15)   coste      30       30
(  14, 295)   coste      55       55
(  15, 357)   coste      28       28
(  15, 358)   coste      38       38
(  16, 323)   coste      66       66
(  17, 139)   coste      38       38
(  17, 140)   coste      28       28
(  18, 141)   coste      14       14
(  19,  20)   coste      30       30
(  19, 404)   coste      47       47
(  21,  60)   coste      59       59
(  23,  60)   coste      64       64
(  24,  59)   coste      60       60
(  24,  61)   coste      49       49
(  25, 193)   coste      40       40
(  26,  28)   coste      46       46
(  27, 496)   coste      64       64
(  29,  31)   coste      67       67
(  32, 190)   coste      37       37
(  33,  43)   coste      62       62
(  33, 282)   coste      63       63
(  34,  37)   coste      65       65
(  34, 206)   coste      57       57
(  34, 489)   coste      35       35
(  38,  54)   coste      26       26
(  38,  57)   coste      59       59
(  38, 264)   coste      65       65
(  39,  56)   coste      50       50
(  40,  54)   coste      17       17
(  42, 437)   coste      51       51
(  43,  46)   coste      40       40
(  43,  47)   coste       9        9
(  48, 247)   coste      55       55
(  48, 436)   coste      55       55
(  49, 247)   coste      27       27
(  50, 436)   coste      64       64
(  51,  52)   coste      62       62
(  51, 103)   coste      68       68
(  55, 305)   coste      44       44
(  56,  57)   coste      30       30
(  56,  58)   coste      18       18
(  56, 303)   coste      57       57
(  56, 305)   coste      45       45
(  56, 463)   coste      42       42
(  57, 304)   coste      47       47
(  59, 244)   coste      30       30
(  60,  62)   coste      43       43
(  61, 363)   coste      48       48
(  63, 244)   coste      30       30
(  64, 446)   coste      40       40
(  66, 446)   coste      28       28
(  67, 202)   coste      42       42
(  69, 273)   coste      42       42
(  69, 475)   coste      34       34
(  70, 423)   coste      32       32
(  73, 423)   coste      36       36
(  74,  86)   coste      39       39
(  75,  79)   coste      15       15
(  77, 431)   coste      43       43
(  78, 305)   coste      42       42
(  80, 338)   coste       9        9
(  80, 425)   coste      51       51
(  80, 443)   coste      25       25
(  81, 425)   coste      44       44
(  82,  83)   coste      65       65
(  84, 289)   coste      41       41
(  84, 463)   coste       8        8
(  85,  86)   coste      33       33
(  85, 289)   coste      37       37
(  85, 463)   coste      16       16
(  86, 289)   coste      29       29
(  87, 417)   coste      18       18
(  88,  91)   coste      37       37
(  88, 417)   coste      65       65
(  89,  90)   coste      31       31
(  91, 112)   coste      75       75
(  92, 435)   coste      68       68
(  92, 449)   coste      55       55
(  92, 454)   coste      30       30
(  92, 455)   coste      36       36
(  93, 434)   coste      39       39
(  93, 435)   coste      51       51
(  95, 126)   coste      66       66
(  95, 127)   coste      66       66
(  95, 128)   coste      51       51
(  98, 397)   coste      58       58
(  99, 339)   coste      48       48
( 100, 311)   coste      64       64
( 102, 379)   coste      23       23
( 102, 413)   coste      50       50
( 104, 380)   coste      55       55
( 104, 464)   coste      73       73
( 105, 106)   coste      35       35
( 106, 379)   coste      62       62
( 106, 413)   coste      47       47
( 108, 110)   coste      46       46
( 109, 238)   coste      43       43
( 109, 240)   coste      64       64
( 109, 241)   coste      41       41
( 113, 202)   coste      78       78
( 113, 252)   coste      64       64
( 114, 115)   coste      65       65
( 114, 117)   coste      42       42
( 114, 252)   coste      35       35
( 117, 252)   coste      66       66
( 118, 227)   coste      65       65
( 118, 228)   coste      13       13
( 119, 228)   coste      27       27
( 120, 122)   coste      41       41
( 121, 122)   coste      31       31
( 121, 228)   coste      23       23
( 121, 358)   coste      49       49
( 123, 228)   coste      37       37
( 125, 496)   coste      59       59
( 127, 128)   coste      43       43
( 127, 455)   coste      46       46
( 131, 298)   coste      67       67
( 131, 299)   coste      28       28
( 131, 473)   coste      47       47
( 132, 201)   coste      53       53
( 134, 426)   coste      50       50
( 134, 428)   coste      53       53
( 136, 137)   coste      98       98
( 136, 308)   coste      56       56
( 136, 353)   coste      32       32
( 136, 354)   coste      60       60
( 136, 356)   coste       9        9
( 136, 442)   coste      48       48
( 139, 140)   coste      34       34
( 139, 141)   coste      42       42
( 140, 141)   coste      21       21
( 140, 142)   coste      38       38
( 146, 190)   coste      39       39
( 151, 152)   coste      21       21
( 151, 401)   coste      58       58
( 152, 416)   coste      45       45
( 153, 314)   coste      39       39
( 155, 156)   coste      17       17
( 155, 159)   coste      25       25
( 155, 162)   coste      18       18
( 156, 159)   coste      30       30
( 156, 162)   coste      23       23
( 157, 460)   coste      64       64
( 160, 161)   coste      24       24
( 160, 314)   coste      16       16
( 160, 316)   coste      30       30
( 160, 334)   coste      32       32
( 162, 348)   coste      62       62
( 163, 327)   coste      26       26
( 163, 375)   coste      23       23
( 163, 377)   coste      53       53
( 165, 166)   coste      24       24
( 165, 377)   coste      56       56
( 166, 235)   coste      36       36
( 166, 327)   coste      16       16
( 168, 312)   coste      91       91
( 168, 345)   coste      62       62
( 170, 395)   coste      76       76
( 170, 398)   coste      47       47
( 173, 176)   coste      41       41
( 174, 199)   coste      78       78
( 174, 328)   coste      72       72
( 175, 178)   coste      62       62
( 176, 483)   coste      54       54
( 179, 409)   coste       8        8
( 180, 485)   coste       9        9
( 181, 184)   coste      25       25
( 182, 183)   coste      55       55
( 182, 348)   coste      51       51
( 184, 286)   coste      19       19
( 184, 439)   coste      50       50
( 185, 295)   coste      73       73
( 185, 323)   coste      74       74
( 185, 324)   coste      21       21
( 186, 188)   coste      73       73
( 191, 193)   coste      49       49
( 191, 244)   coste      61       61
( 191, 245)   coste      67       67
( 191, 429)   coste      64       64
( 191, 430)   coste      66       66
( 193, 429)   coste      61       61
( 193, 430)   coste      77       77
( 196, 342)   coste      41       41
( 197, 200)   coste      18       18
( 205, 253)   coste      57       57
( 206, 492)   coste      36       36
( 207, 412)   coste      43       43
( 207, 447)   coste      65       65
( 208, 219)   coste      65       65
( 209, 405)   coste      43       43
( 209, 424)   coste      58       58
( 210, 213)   coste      26       26
( 210, 405)   coste      64       64
( 211, 212)   coste      21       21
( 211, 391)   coste      73       73
( 211, 424)   coste      48       48
( 213, 230)   coste      46       46
( 213, 346)   coste      46       46
( 214, 216)   coste      11       11
( 214, 459)   coste      22       22
( 216, 333)   coste      52       52
( 217, 330)   coste      68       68
( 218, 361)   coste      63       63
( 218, 447)   coste      31       31
( 220, 494)   coste      23       23
( 220, 495)   coste      54       54
( 221, 222)   coste      10       10
( 221, 361)   coste      29       29
( 221, 481)   coste      66       66
( 223, 491)   coste      15       15
( 227, 367)   coste      40       40
( 230, 422)   coste      12       12
( 231, 320)   coste      33       33
( 232, 327)   coste      48       48
( 235, 327)   coste      27       27
( 236, 278)   coste      55       55
( 236, 281)   coste      17       17
( 236, 399)   coste      76       76
( 237, 257)   coste      22       22
( 238, 257)   coste      42       42
( 239, 256)   coste      18       18
( 242, 434)   coste      27       27
( 245, 246)   coste      40       40
( 245, 249)   coste      63       63
( 248, 329)   coste      78       78
( 248, 331)   coste      20       20
( 249, 346)   coste      45       45
( 250, 329)   coste      66       66
( 251, 404)   coste      57       57
( 253, 393)   coste      45       45
( 253, 422)   coste      65       65
( 259, 261)   coste     110      110
( 260, 288)   coste      47       47
( 261, 262)   coste      92       92
( 263, 495)   coste       7        7
( 264, 285)   coste      75       75
( 265, 266)   coste      51       51
( 266, 284)   coste      18       18
( 268, 271)   coste      43       43
( 274, 401)   coste      36       36
( 274, 416)   coste      22       22
( 275, 276)   coste      24       24
( 275, 416)   coste      48       48
( 276, 416)   coste      37       37
( 277, 499)   coste      57       57
( 278, 281)   coste      56       56
( 278, 484)   coste      76       76
( 278, 499)   coste      31       31
( 279, 328)   coste      59       59
( 281, 335)   coste      69       69
( 281, 399)   coste      67       67
( 282, 402)   coste      27       27
( 283, 364)   coste      69       69
( 285, 487)   coste      62       62
( 285, 488)   coste      70       70
( 288, 315)   coste     163      163
( 291, 293)   coste      15       15
( 294, 301)   coste      39       39
( 295, 324)   coste      83       83
( 302, 381)   coste      46       46
( 303, 462)   coste      35       35
( 304, 462)   coste      35       35
( 307, 353)   coste      22       22
( 307, 354)   coste      20       20
( 308, 353)   coste      35       35
( 308, 355)   coste      67       67
( 308, 466)   coste      48       48
( 309, 406)   coste      51       51
( 312, 344)   coste      30       30
( 312, 345)   coste      38       38
( 313, 315)   coste      48       48
( 323, 324)   coste      57       57
( 326, 327)   coste      61       61
( 330, 404)   coste      66       66
( 331, 404)   coste      67       67
( 333, 459)   coste      38       38
( 335, 465)   coste       2        2
( 336, 437)   coste      50       50
( 337, 425)   coste      14       14
( 338, 444)   coste      44       44
( 340, 341)   coste      19       19
( 341, 385)   coste      36       36
( 341, 386)   coste      74       74
( 341, 388)   coste      32       32
( 343, 434)   coste      36       36
( 344, 395)   coste      50       50
( 348, 384)   coste      83       83
( 350, 351)   coste       6        6
( 350, 352)   coste      30       30
( 351, 352)   coste      34       34
( 355, 442)   coste      52       52
( 355, 466)   coste      40       40
( 357, 358)   coste      36       36
( 361, 362)   coste      41       41
( 363, 404)   coste      42       42
( 364, 482)   coste      59       59
( 369, 370)   coste      50       50
( 371, 392)   coste      60       60
( 372, 406)   coste      78       78
( 378, 470)   coste      44       44
( 379, 380)   coste      33       33
( 381, 460)   coste      50       50
( 381, 461)   coste      42       42
( 383, 438)   coste      46       46
( 384, 440)   coste      19       19
( 385, 421)   coste      81       81
( 386, 389)   coste      54       54
( 387, 388)   coste      30       30
( 388, 476)   coste      73       73
( 390, 405)   coste      72       72
( 390, 424)   coste      37       37
( 390, 446)   coste      55       55
( 392, 494)   coste      60       60
( 394, 407)   coste      39       39
( 396, 397)   coste      24       24
( 396, 469)   coste      47       47
( 398, 407)   coste      55       55
( 398, 458)   coste      69       69
( 407, 469)   coste      39       39
( 409, 410)   coste      59       59
( 412, 447)   coste      78       78
( 413, 414)   coste      38       38
( 413, 458)   coste      47       47
( 414, 456)   coste      32       32
( 414, 458)   coste      32       32
( 418, 426)   coste      55       55
( 419, 420)   coste      23       23
( 419, 426)   coste      66       66
( 419, 433)   coste      37       37
( 420, 426)   coste      66       66
( 430, 431)   coste      65       65
( 432, 452)   coste      20       20
( 435, 449)   coste      53       53
( 435, 450)   coste      61       61
( 436, 464)   coste      38       38
( 439, 440)   coste      57       57
( 440, 498)   coste      64       64
( 441, 498)   coste      57       57
( 447, 493)   coste      53       53
( 448, 490)   coste      26       26
( 449, 490)   coste      51       51
( 450, 490)   coste      23       23
( 453, 487)   coste      27       27
( 453, 488)   coste       6        6
( 454, 471)   coste      65       65
( 455, 471)   coste      53       53
( 456, 467)   coste      65       65
( 461, 477)   coste      14       14
( 472, 490)   coste      63       63
( 476, 491)   coste      72       72
( 477, 478)   coste       9        9
( 479, 489)   coste      46       46
( 479, 492)   coste      23       23
( 494, 495)   coste      52       52
