NOMBRE : UR565
COMENTARIO :   2  componentes 
VERTICES :  496
ARISTAS_REQ :  793
ARISTAS_NOREQ :  720
LISTA_ARISTAS_REQ :
(   1,   2)   coste      76       76
(   3,   4)   coste      38       38
(   5,   6)   coste      21       21
(   7,   8)   coste     101      101
(   7,   9)   coste      46       46
(  10,  11)   coste      49       49
(  10,  12)   coste      53       53
(  10,  13)   coste      44       44
(  14,  15)   coste      13       13
(  14,  16)   coste      26       26
(  14,  17)   coste       3        3
(  18,  19)   coste      26       26
(  18,  20)   coste      17       17
(  18,  21)   coste      48       48
(  18,  22)   coste      47       47
(  23,  24)   coste      55       55
(  23,  25)   coste       6        6
(  23,  26)   coste      36       36
(  23,  27)   coste      65       65
(  23,  28)   coste      53       53
(  29,  30)   coste      60       60
(  29,  31)   coste      40       40
(  29,  32)   coste      79       79
(  29,  33)   coste      31       31
(  34,  35)   coste      49       49
(  34,  36)   coste      75       75
(  37,  38)   coste       6        6
(  37,  39)   coste      23       23
(  37,  40)   coste      43       43
(  37,  41)   coste      58       58
(  42,  43)   coste      47       47
(  42,  44)   coste      46       46
(  45,  46)   coste      53       53
(  45,  47)   coste      49       49
(  48,  49)   coste      50       50
(  48,  50)   coste      54       54
(  51,  52)   coste      47       47
(  51,  53)   coste      24       24
(  16,  54)   coste      23       23
(  17,  54)   coste      15       15
(  55,  56)   coste      15       15
(  55,  57)   coste      57       57
(  11,  58)   coste      51       51
(  58,  59)   coste      43       43
(  58,  60)   coste      29       29
(  24,  25)   coste      59       59
(  24,  61)   coste      46       46
(  24,  62)   coste      62       62
(  63,  64)   coste      60       60
(  63,  65)   coste      21       21
(  63,  66)   coste      82       82
(  63,  67)   coste      34       34
(  63,  68)   coste      37       37
(  63,  69)   coste      52       52
(  70,  71)   coste      63       63
(  70,  72)   coste      41       41
(   2,  73)   coste      85       85
(   2,  74)   coste      29       29
(  71,  72)   coste      28       28
(  71,  75)   coste      70       70
(  76,  77)   coste      61       61
(  76,  78)   coste       2        2
(  61,  62)   coste      18       18
(  61,  79)   coste      34       34
(  80,  81)   coste      58       58
(  72,  80)   coste      72       72
(  80,  82)   coste      64       64
(  22,  80)   coste      73       73
(  83,  84)   coste     110      110
(  38,  83)   coste      29       29
(  83,  85)   coste      70       70
(  83,  86)   coste      25       25
(  83,  87)   coste       9        9
(  88,  89)   coste      42       42
(  19,  21)   coste      25       25
(  19,  90)   coste      35       35
(  91,  92)   coste      25       25
(  91,  93)   coste      49       49
(  91,  94)   coste      44       44
(  20,  95)   coste      76       76
(  22,  95)   coste      42       42
(  96,  97)   coste      14       14
(  96,  98)   coste      40       40
(  96,  99)   coste      32       32
(  96, 100)   coste      30       30
(  33,  96)   coste      44       44
(  96, 101)   coste      51       51
( 102, 103)   coste      56       56
( 102, 104)   coste      11       11
(   6, 102)   coste      70       70
( 102, 105)   coste      19       19
( 106, 107)   coste      40       40
( 106, 108)   coste      23       23
( 106, 109)   coste      80       80
( 106, 110)   coste      26       26
( 106, 111)   coste      42       42
( 112, 113)   coste      59       59
( 112, 114)   coste      69       69
( 112, 115)   coste      49       49
( 112, 116)   coste      55       55
( 117, 118)   coste      60       60
( 117, 119)   coste      48       48
( 117, 120)   coste      65       65
( 121, 122)   coste      48       48
( 121, 123)   coste      13       13
( 121, 124)   coste      48       48
(  28, 121)   coste      43       43
( 121, 125)   coste      11       11
( 126, 127)   coste      80       80
( 126, 128)   coste      59       59
( 126, 129)   coste      63       63
( 126, 130)   coste      91       91
( 131, 132)   coste      37       37
( 131, 133)   coste      43       43
( 131, 134)   coste      71       71
( 131, 135)   coste      40       40
( 136, 137)   coste      55       55
( 138, 139)   coste      48       48
( 138, 140)   coste      40       40
(  47, 138)   coste      41       41
( 141, 142)   coste      43       43
( 141, 143)   coste      50       50
( 141, 144)   coste      31       31
( 145, 146)   coste      29       29
( 145, 147)   coste      28       28
( 145, 148)   coste      39       39
( 149, 150)   coste      66       66
( 149, 151)   coste      72       72
( 149, 152)   coste      32       32
( 153, 154)   coste      27       27
( 153, 155)   coste      61       61
(  35, 156)   coste      32       32
(  35, 157)   coste      57       57
(  35, 158)   coste      49       49
(  35, 159)   coste      63       63
( 160, 161)   coste      64       64
( 144, 160)   coste      55       55
( 160, 162)   coste      38       38
( 132, 163)   coste      54       54
( 133, 163)   coste      40       40
( 135, 163)   coste      29       29
( 163, 164)   coste      60       60
( 103, 165)   coste      20       20
( 103, 166)   coste      44       44
( 167, 168)   coste      34       34
( 167, 169)   coste      23       23
( 170, 171)   coste      34       34
( 170, 172)   coste      51       51
( 170, 173)   coste      41       41
(  36, 174)   coste      64       64
( 174, 175)   coste      51       51
( 150, 176)   coste      16       16
( 150, 177)   coste      27       27
( 150, 178)   coste      17       17
( 179, 180)   coste      56       56
( 179, 181)   coste      10       10
( 179, 182)   coste      58       58
( 179, 183)   coste      62       62
( 184, 185)   coste      14       14
( 184, 186)   coste      52       52
( 184, 187)   coste      54       54
(  50, 184)   coste      82       82
(  30,  31)   coste      54       54
(  30, 188)   coste      76       76
(  30, 119)   coste      81       81
(  49, 189)   coste      24       24
(  49, 190)   coste      38       38
(  49, 191)   coste      61       61
(  49, 192)   coste      49       49
(  49, 193)   coste      55       55
( 104, 105)   coste      29       29
(  52, 194)   coste      19       19
(  52, 195)   coste      27       27
(  52, 196)   coste      25       25
( 197, 198)   coste      47       47
( 197, 199)   coste      95       95
( 189, 200)   coste      48       48
( 185, 200)   coste      84       84
( 191, 200)   coste      45       45
(  50, 200)   coste      23       23
( 201, 202)   coste      70       70
( 201, 203)   coste      52       52
(  72,  81)   coste      93       93
( 204, 205)   coste      75       75
(  36, 204)   coste      28       28
( 204, 206)   coste      63       63
( 171, 173)   coste      44       44
( 171, 207)   coste      64       64
( 171, 208)   coste      65       65
( 171, 209)   coste      49       49
( 210, 211)   coste      11       11
( 210, 212)   coste      38       38
( 210, 213)   coste      33       33
( 180, 210)   coste      56       56
( 118, 214)   coste      30       30
( 215, 216)   coste      35       35
( 215, 217)   coste      53       53
( 215, 218)   coste      86       86
( 219, 220)   coste      56       56
( 195, 219)   coste      46       46
( 219, 221)   coste      21       21
( 206, 219)   coste      45       45
( 222, 223)   coste      38       38
( 137, 222)   coste      46       46
( 222, 224)   coste      46       46
( 172, 225)   coste      20       20
( 172, 226)   coste      54       54
( 172, 227)   coste      87       87
( 172, 228)   coste      48       48
( 189, 229)   coste      35       35
( 142, 230)   coste      48       48
( 230, 231)   coste      43       43
( 162, 230)   coste      73       73
( 230, 232)   coste       6        6
(   6, 233)   coste      58       58
(  11,  12)   coste      11       11
(  11, 234)   coste      56       56
( 235, 236)   coste      41       41
( 161, 235)   coste      54       54
( 235, 237)   coste      33       33
( 238, 239)   coste      22       22
( 238, 240)   coste      39       39
( 238, 241)   coste      16       16
( 238, 242)   coste      65       65
( 105, 243)   coste      76       76
( 225, 244)   coste      33       33
( 244, 245)   coste      48       48
( 244, 246)   coste      33       33
( 228, 244)   coste      36       36
( 247, 248)   coste      14       14
(  97, 247)   coste      39       39
(  99, 247)   coste      54       54
( 247, 249)   coste      41       41
( 247, 250)   coste      36       36
( 127, 166)   coste      42       42
( 127, 251)   coste      47       47
( 127, 252)   coste      44       44
( 253, 254)   coste      50       50
( 253, 255)   coste      18       18
( 256, 257)   coste      30       30
( 256, 258)   coste      44       44
( 256, 259)   coste      23       23
(  53, 260)   coste      62       62
( 132, 261)   coste      60       60
( 239, 262)   coste      61       61
( 155, 263)   coste      47       47
( 214, 264)   coste      25       25
(  41, 214)   coste      57       57
( 214, 265)   coste      55       55
( 119, 214)   coste      64       64
(  84,  85)   coste      79       79
(  84, 266)   coste      94       94
(  84, 267)   coste      86       86
(  84, 268)   coste      89       89
(  62,  92)   coste      43       43
(  92, 269)   coste      30       30
(  79,  92)   coste      30       30
(  92,  94)   coste      28       28
(  92, 270)   coste      72       72
( 271, 272)   coste      55       55
( 271, 273)   coste      37       37
( 274, 275)   coste      36       36
( 181, 274)   coste      69       69
(  72,  82)   coste      25       25
( 190, 276)   coste      29       29
( 190, 277)   coste      63       63
(  15, 122)   coste      47       47
( 122, 123)   coste      36       36
(  27, 122)   coste      60       60
( 122, 278)   coste      79       79
( 279, 280)   coste      70       70
( 279, 281)   coste      69       69
( 279, 282)   coste      16       16
( 283, 284)   coste      43       43
( 283, 285)   coste      29       29
( 284, 286)   coste      33       33
( 286, 287)   coste      60       60
( 286, 288)   coste      60       60
( 229, 276)   coste      60       60
( 139, 276)   coste      60       60
( 140, 276)   coste      57       57
( 289, 290)   coste      16       16
( 211, 291)   coste      17       17
( 211, 292)   coste      23       23
( 251, 293)   coste      75       75
( 294, 295)   coste      57       57
( 284, 294)   coste      35       35
( 294, 296)   coste      41       41
( 285, 294)   coste       8        8
(  31,  33)   coste      49       49
(  31, 101)   coste      56       56
( 297, 298)   coste      54       54
( 297, 299)   coste      68       68
( 297, 300)   coste      41       41
( 297, 301)   coste      59       59
( 297, 302)   coste      77       77
( 297, 303)   coste      43       43
( 130, 297)   coste      79       79
( 297, 304)   coste      91       91
(  97, 248)   coste      41       41
(  59, 248)   coste      19       19
( 240, 242)   coste      57       57
( 240, 305)   coste      35       35
( 207, 306)   coste      59       59
( 306, 307)   coste      34       34
( 209, 306)   coste      39       39
( 168, 308)   coste      61       61
( 137, 168)   coste      47       47
( 168, 169)   coste      39       39
( 128, 309)   coste      62       62
( 128, 310)   coste      69       69
( 128, 311)   coste      83       83
( 128, 129)   coste      20       20
( 312, 313)   coste      49       49
( 155, 312)   coste      60       60
( 312, 314)   coste      33       33
(  44, 312)   coste      68       68
(  43,  56)   coste      71       71
(  38,  87)   coste      31       31
( 205, 315)   coste      72       72
( 205, 316)   coste      53       53
( 158, 205)   coste      40       40
( 198, 231)   coste      48       48
( 198, 317)   coste      14       14
(  32, 318)   coste      52       52
(  59, 234)   coste      44       44
(  59, 319)   coste      27       27
( 320, 321)   coste      65       65
( 132, 133)   coste      56       56
( 132, 135)   coste      41       41
( 132, 164)   coste      20       20
( 254, 322)   coste      32       32
( 322, 323)   coste      60       60
( 255, 322)   coste      43       43
(  20, 186)   coste      77       77
(  62, 324)   coste      27       27
(  94, 324)   coste      23       23
( 324, 325)   coste       6        6
(  68, 290)   coste      25       25
( 326, 327)   coste      51       51
( 326, 328)   coste      61       61
( 305, 326)   coste      50       50
( 326, 329)   coste      58       58
( 154, 155)   coste      54       54
( 154, 314)   coste      72       72
(  73, 330)   coste      72       72
(  73, 134)   coste      70       70
( 331, 332)   coste      29       29
( 146, 333)   coste      40       40
( 146, 148)   coste      18       18
( 146, 334)   coste      50       50
( 223, 335)   coste      44       44
( 335, 336)   coste      59       59
( 224, 335)   coste      45       45
( 337, 338)   coste      53       53
( 337, 339)   coste      53       53
( 313, 314)   coste      24       24
(  44, 313)   coste      46       46
( 241, 242)   coste      67       67
( 241, 262)   coste      61       61
(  43,  57)   coste      42       42
(  43, 340)   coste      49       49
(  98, 100)   coste      48       48
(  33,  98)   coste       7        7
( 341, 342)   coste      67       67
( 299, 341)   coste      79       79
( 341, 343)   coste      69       69
( 155, 344)   coste      39       39
( 173, 208)   coste      53       53
( 173, 272)   coste      44       44
( 173, 245)   coste      46       46
( 173, 345)   coste      31       31
(  99, 346)   coste      13       13
( 207, 228)   coste      45       45
( 257, 347)   coste       7        7
( 108, 347)   coste      21       21
( 348, 349)   coste      65       65
( 348, 350)   coste      49       49
( 351, 352)   coste      61       61
( 157, 351)   coste      56       56
( 115, 151)   coste      80       80
( 151, 353)   coste      78       78
( 109, 354)   coste      49       49
( 291, 355)   coste      45       45
( 355, 356)   coste      28       28
( 107, 355)   coste      34       34
( 111, 355)   coste      45       45
( 236, 237)   coste      29       29
( 148, 236)   coste      39       39
( 236, 334)   coste      61       61
( 333, 357)   coste      62       62
( 333, 358)   coste      92       92
( 148, 333)   coste      47       47
(  62,  79)   coste      18       18
(  62, 270)   coste      65       65
(  26, 224)   coste      30       30
( 359, 360)   coste      64       64
( 281, 361)   coste      54       54
( 361, 362)   coste      16       16
( 361, 363)   coste      65       65
( 199, 361)   coste      44       44
(  39,  40)   coste      50       50
(  39, 267)   coste      51       51
(  39, 364)   coste       6        6
( 365, 366)   coste      32       32
( 143, 365)   coste      68       68
( 161, 365)   coste      78       78
( 144, 365)   coste      84       84
( 365, 367)   coste      41       41
(  15,  16)   coste      38       38
(  15, 368)   coste      74       74
(  15, 369)   coste      63       63
( 298, 301)   coste      29       29
( 298, 304)   coste      88       88
( 370, 371)   coste      75       75
( 370, 372)   coste      12       12
( 370, 373)   coste      79       79
( 295, 374)   coste      12       12
( 254, 375)   coste      63       63
( 254, 266)   coste      84       84
( 254, 255)   coste      43       43
( 254, 268)   coste      82       82
(  28, 123)   coste      47       47
(  17, 123)   coste      53       53
( 123, 125)   coste      20       20
( 280, 376)   coste      62       62
( 192, 229)   coste      38       38
( 229, 277)   coste      35       35
( 338, 377)   coste       6        6
( 339, 377)   coste      23       23
(  67, 377)   coste      39       39
( 377, 378)   coste      39       39
( 148, 379)   coste      15       15
( 212, 291)   coste      33       33
( 180, 291)   coste      35       35
( 182, 291)   coste      30       30
( 110, 225)   coste      33       33
( 225, 380)   coste      32       32
( 381, 382)   coste      21       21
( 265, 381)   coste      61       61
( 114, 381)   coste      47       47
( 120, 381)   coste      70       70
( 383, 384)   coste      59       59
( 383, 385)   coste      49       49
( 383, 386)   coste      19       19
( 264, 387)   coste      51       51
( 387, 388)   coste       8        8
( 216, 389)   coste      14       14
( 216, 321)   coste      58       58
( 371, 390)   coste      76       76
( 371, 373)   coste      88       88
(  86, 382)   coste      30       30
( 265, 382)   coste      79       79
( 114, 382)   coste      30       30
( 382, 391)   coste       7        7
(   4, 392)   coste      22       22
( 152, 176)   coste      53       53
( 176, 177)   coste      17       17
( 176, 178)   coste      20       20
( 393, 394)   coste      28       28
( 393, 395)   coste      23       23
( 264, 396)   coste      60       60
( 264, 397)   coste      49       49
( 142, 398)   coste      36       36
( 142, 232)   coste      52       52
( 399, 400)   coste      66       66
( 399, 401)   coste      40       40
( 399, 402)   coste      25       25
( 372, 390)   coste      95       95
( 181, 212)   coste      49       49
( 183, 212)   coste      62       62
(  77, 403)   coste      51       51
(  77, 404)   coste      74       74
(  77, 250)   coste      72       72
( 115, 152)   coste      66       66
( 220, 221)   coste      60       60
( 220, 405)   coste      56       56
( 143, 406)   coste      21       21
( 144, 406)   coste      45       45
( 137, 396)   coste      35       35
( 169, 396)   coste      67       67
( 137, 397)   coste      42       42
( 407, 408)   coste      88       88
( 407, 409)   coste      67       67
(  74, 407)   coste      51       51
( 410, 411)   coste      19       19
( 221, 410)   coste      64       64
( 206, 410)   coste      53       53
(  75, 412)   coste      73       73
( 412, 413)   coste      55       55
( 412, 414)   coste      82       82
(  47, 412)   coste      88       88
( 352, 415)   coste      25       25
( 352, 416)   coste      82       82
( 352, 417)   coste      66       66
( 352, 418)   coste      49       49
(  12, 419)   coste      27       27
( 165, 166)   coste      46       46
( 307, 420)   coste      73       73
( 375, 420)   coste      64       64
( 323, 420)   coste      72       72
( 162, 231)   coste      69       69
( 231, 317)   coste      35       35
( 349, 350)   coste      31       31
( 349, 421)   coste      20       20
( 349, 422)   coste      59       59
( 349, 423)   coste      47       47
(  40,  85)   coste      63       63
(  85,  86)   coste      70       70
( 213, 424)   coste      72       72
( 213, 292)   coste      13       13
(  75, 425)   coste      68       68
( 425, 426)   coste      70       70
( 425, 427)   coste      76       76
( 357, 366)   coste      81       81
( 357, 358)   coste      43       43
( 334, 357)   coste      64       64
(  28, 124)   coste      51       51
( 124, 125)   coste      48       48
( 428, 429)   coste      63       63
( 164, 428)   coste      61       61
( 226, 228)   coste      54       54
(  21, 430)   coste      23       23
(  21,  22)   coste      66       66
( 227, 390)   coste      16       16
( 373, 390)   coste      20       20
( 139, 140)   coste      21       21
( 342, 431)   coste      17       17
( 202, 431)   coste      40       40
( 343, 431)   coste      65       65
( 432, 433)   coste      65       65
(  79, 269)   coste      24       24
( 369, 434)   coste      58       58
( 278, 434)   coste      48       48
( 143, 366)   coste      58       58
( 334, 366)   coste      62       62
( 143, 161)   coste      21       21
( 270, 435)   coste      42       42
( 278, 435)   coste      36       36
( 202, 342)   coste      48       48
( 342, 436)   coste      44       44
( 413, 437)   coste      69       69
(  47, 437)   coste      27       27
( 113, 353)   coste      57       57
( 424, 438)   coste      89       89
( 109, 438)   coste      22       22
( 356, 439)   coste      54       54
( 259, 439)   coste       8        8
( 111, 439)   coste      19       19
(  79,  94)   coste      25       25
( 368, 440)   coste      64       64
( 440, 441)   coste      55       55
( 442, 443)   coste      49       49
( 442, 444)   coste      63       63
( 208, 273)   coste      68       68
( 208, 444)   coste      22       22
( 144, 398)   coste      40       40
(  57, 445)   coste      88       88
( 445, 446)   coste      41       41
(  53, 195)   coste      50       50
( 195, 288)   coste      58       58
( 195, 447)   coste      48       48
( 140, 402)   coste      44       44
( 318, 448)   coste      62       62
( 318, 360)   coste      87       87
( 318, 449)   coste      35       35
( 257, 258)   coste      17       17
( 107, 257)   coste      29       29
( 108, 257)   coste      21       21
( 299, 450)   coste      36       36
( 185, 451)   coste      32       32
( 185, 187)   coste      42       42
(   8, 209)   coste      88       88
( 452, 453)   coste      64       64
( 452, 454)   coste      56       56
( 452, 455)   coste      18       18
(  16,  17)   coste      24       24
(  16, 388)   coste      63       63
( 358, 367)   coste      27       27
( 334, 367)   coste      68       68
( 281, 362)   coste      59       59
(   9, 375)   coste      20       20
(  93, 233)   coste      52       52
( 453, 456)   coste      24       24
( 453, 457)   coste      34       34
( 453, 458)   coste      73       73
(  46, 402)   coste      46       46
(  46,  47)   coste      22       22
( 258, 424)   coste      72       72
( 107, 258)   coste      18       18
( 258, 376)   coste      45       45
( 162, 317)   coste      88       88
( 278, 368)   coste      75       75
(  40, 308)   coste      56       56
(  40, 267)   coste      63       63
( 137, 223)   coste      50       50
( 223, 459)   coste      60       60
( 338, 339)   coste      24       24
(  67, 338)   coste      44       44
( 419, 460)   coste      55       55
(  13, 460)   coste      48       48
( 327, 461)   coste      55       55
( 119, 327)   coste      66       66
( 328, 461)   coste      45       45
( 328, 329)   coste      20       20
(  93, 462)   coste      37       37
(  93, 270)   coste      69       69
( 463, 464)   coste      59       59
( 394, 426)   coste      49       49
(  33, 100)   coste      48       48
( 100, 319)   coste      30       30
( 100, 101)   coste      24       24
( 100, 249)   coste      40       40
(  60, 100)   coste      37       37
( 429, 465)   coste      92       92
( 272, 273)   coste      32       32
( 272, 356)   coste      34       34
( 111, 272)   coste      42       42
( 388, 461)   coste      21       21
( 329, 461)   coste      58       58
(  86, 466)   coste      45       45
(  86, 116)   coste      95       95
(  65,  68)   coste      30       30
(  65, 464)   coste      50       50
( 454, 456)   coste      37       37
(  44, 314)   coste      63       63
( 273, 345)   coste      28       28
( 345, 356)   coste      47       47
( 202, 362)   coste      36       36
( 199, 202)   coste      49       49
( 202, 467)   coste      72       72
( 242, 305)   coste      37       37
( 227, 380)   coste      64       64
(  75, 468)   coste      92       92
(  28, 125)   coste      33       33
(  28, 336)   coste      42       42
( 469, 470)   coste      16       16
( 417, 469)   coste      60       60
( 469, 471)   coste      51       51
( 386, 469)   coste      42       42
( 209, 245)   coste      62       62
( 245, 246)   coste      22       22
( 284, 287)   coste      60       60
( 310, 472)   coste       9        9
( 129, 472)   coste      83       83
( 334, 358)   coste      78       78
( 309, 413)   coste      77       77
(  47, 413)   coste      52       52
( 414, 468)   coste      22       22
( 391, 466)   coste      33       33
( 466, 473)   coste       5        5
( 304, 450)   coste      81       81
(  33, 101)   coste      49       49
(  69, 339)   coste      40       40
( 234, 250)   coste      57       57
( 268, 459)   coste      48       48
( 156, 350)   coste      73       73
( 350, 421)   coste      49       49
( 159, 350)   coste      35       35
( 350, 423)   coste      70       70
( 415, 474)   coste      13       13
( 209, 444)   coste      61       61
( 228, 246)   coste      22       22
( 384, 404)   coste      72       72
( 384, 457)   coste      49       49
( 384, 386)   coste      53       53
( 409, 411)   coste      51       51
( 409, 475)   coste      48       48
( 330, 409)   coste      82       82
( 310, 400)   coste      38       38
( 400, 476)   coste       5        5
( 300, 303)   coste      60       60
( 300, 467)   coste      57       57
( 130, 300)   coste      44       44
( 206, 411)   coste      68       68
( 108, 424)   coste      74       74
( 109, 424)   coste      77       77
( 376, 424)   coste      29       29
(  67, 378)   coste      48       48
( 323, 375)   coste      63       63
( 255, 375)   coste      55       55
( 107, 376)   coste      57       57
( 401, 477)   coste      68       68
( 243, 477)   coste      46       46
( 374, 477)   coste      72       72
( 180, 181)   coste      60       60
( 309, 478)   coste      43       43
( 301, 479)   coste      66       66
( 403, 404)   coste      25       25
( 250, 403)   coste      79       79
( 217, 218)   coste      50       50
( 217, 474)   coste      66       66
( 218, 480)   coste      70       70
( 218, 471)   coste      70       70
( 178, 360)   coste      48       48
(  89, 203)   coste      60       60
( 305, 481)   coste      44       44
( 401, 402)   coste      60       60
( 401, 482)   coste      43       43
( 243, 401)   coste      59       59
( 192, 277)   coste       5        5
( 186, 451)   coste      34       34
( 418, 474)   coste      52       52
(  87, 391)   coste      25       25
( 108, 376)   coste      56       56
(  44, 340)   coste      70       70
( 386, 483)   coste      72       72
( 193, 277)   coste      48       48
( 157, 421)   coste      57       57
( 421, 484)   coste      27       27
( 159, 421)   coste      36       36
( 421, 423)   coste      28       28
(  74, 475)   coste      53       53
( 385, 386)   coste      47       47
( 436, 485)   coste       6        6
( 303, 478)   coste      76       76
( 303, 486)   coste      52       52
( 129, 478)   coste      50       50
( 422, 423)   coste      15       15
( 169, 267)   coste      48       48
( 169, 268)   coste      66       66
( 164, 429)   coste       4        4
( 255, 323)   coste      22       22
( 323, 487)   coste      13       13
( 471, 480)   coste      23       23
(  68,  69)   coste      28       28
(  68, 464)   coste      26       26
( 454, 457)   coste      39       39
( 454, 455)   coste      72       72
( 330, 488)   coste      29       29
( 287, 330)   coste      71       71
( 317, 489)   coste      60       60
( 120, 265)   coste      22       22
( 443, 490)   coste      67       67
( 468, 486)   coste      48       48
( 426, 468)   coste      71       71
( 292, 376)   coste      57       57
( 270, 278)   coste      33       33
( 270, 441)   coste      55       55
( 119, 329)   coste      43       43
( 316, 405)   coste      59       59
( 206, 405)   coste      33       33
( 114, 353)   coste      75       75
( 114, 491)   coste      53       53
( 114, 116)   coste      94       94
( 101, 492)   coste      16       16
( 158, 316)   coste      69       69
( 316, 493)   coste       5        5
( 157, 484)   coste      44       44
( 157, 159)   coste      66       66
( 470, 471)   coste      64       64
( 243, 476)   coste      65       65
( 187, 433)   coste      47       47
( 416, 418)   coste      37       37
( 193, 488)   coste      61       61
( 193, 287)   coste      57       57
( 423, 484)   coste      25       25
( 203, 311)   coste      81       81
( 130, 311)   coste      84       84
( 182, 183)   coste      58       58
( 158, 493)   coste      69       69
( 166, 252)   coste       4        4
( 443, 444)   coste      27       27
( 251, 494)   coste      35       35
( 115, 353)   coste      42       42
( 115, 491)   coste      48       48
( 332, 458)   coste       8        8
( 473, 491)   coste      37       37
( 353, 491)   coste      62       62
( 395, 426)   coste      43       43
( 395, 427)   coste      17       17
( 287, 488)   coste      44       44
( 232, 398)   coste      63       63
( 252, 494)   coste      24       24
( 304, 436)   coste      90       90
( 392, 447)   coste      44       44
(  13,  60)   coste      32       32
( 232, 282)   coste      63       63
(  60, 249)   coste      36       36
( 340, 495)   coste      31       31
( 479, 486)   coste      64       64
( 175, 446)   coste      78       78
( 196, 447)   coste      33       33
( 255, 487)   coste      10       10
( 285, 374)   coste      45       45
( 267, 268)   coste      40       40
( 426, 479)   coste      65       65
( 125, 336)   coste      49       49
(  60, 492)   coste      29       29
( 159, 496)   coste      42       42
( 282, 489)   coste      30       30
( 427, 479)   coste      69       69
( 135, 164)   coste      56       56
LISTA_ARISTAS_NOREQ :
(   1,  74)   coste      71       71
(   1, 315)   coste      45       45
(   1, 405)   coste      69       69
(   1, 409)   coste      58       58
(   1, 475)   coste      36       36
(   2, 407)   coste      25       25
(   2, 408)   coste      74       74
(   2, 475)   coste      46       46
(   3, 263)   coste      57       57
(   3, 289)   coste      51       51
(   3, 290)   coste      47       47
(   3, 392)   coste      49       49
(   4, 289)   coste      59       59
(   4, 290)   coste      66       66
(   4, 296)   coste      71       71
(   5,  91)   coste      31       31
(   5,  93)   coste      21       21
(   5, 274)   coste      31       31
(   5, 275)   coste      40       40
(   5, 462)   coste      20       20
(   6,  93)   coste      22       22
(   6, 104)   coste      68       68
(   6, 274)   coste      43       43
(   6, 275)   coste      31       31
(   6, 462)   coste      24       24
(   7, 306)   coste      58       58
(   7, 375)   coste      47       47
(   7, 420)   coste      54       54
(   7, 442)   coste      13       13
(   7, 443)   coste      58       58
(   8, 306)   coste      53       53
(   8, 307)   coste      45       45
(   8, 420)   coste      58       58
(   9, 254)   coste      69       69
(   9, 335)   coste      67       67
(   9, 442)   coste      39       39
(   9, 490)   coste      48       48
(  10, 262)   coste      20       20
(  10, 460)   coste       8        8
(  11,  13)   coste      45       45
(  11, 460)   coste      45       45
(  12, 331)   coste      40       40
(  12, 458)   coste      71       71
(  12, 460)   coste      48       48
(  13,  58)   coste      56       56
(  13, 492)   coste      12       12
(  14,  54)   coste      13       13
(  14, 122)   coste      53       53
(  15,  54)   coste      18       18
(  15, 434)   coste      32       32
(  16, 387)   coste      64       64
(  17, 122)   coste      53       53
(  18,  95)   coste      65       65
(  19,  22)   coste      60       60
(  19,  95)   coste      59       59
(  19, 430)   coste      33       33
(  20,  22)   coste      49       49
(  20, 433)   coste      37       37
(  21,  80)   coste      76       76
(  21,  95)   coste      47       47
(  24,  27)   coste      48       48
(  24, 325)   coste      59       59
(  25,  26)   coste      33       33
(  25,  28)   coste      55       55
(  26,  28)   coste      46       46
(  26, 336)   coste      51       51
(  26, 490)   coste      57       57
(  27,  61)   coste      39       39
(  27,  62)   coste      55       55
(  27, 124)   coste      45       45
(  28, 224)   coste      50       50
(  29,  98)   coste      36       36
(  29, 101)   coste      72       72
(  29, 318)   coste      87       87
(  30,  32)   coste      74       74
(  30, 117)   coste      59       59
(  31, 492)   coste      52       52
(  32, 117)   coste      51       51
(  32, 120)   coste      79       79
(  32, 359)   coste      49       49
(  34, 156)   coste      73       73
(  34, 157)   coste      18       18
(  34, 351)   coste      62       62
(  34, 421)   coste      73       73
(  36, 158)   coste      83       83
(  36, 205)   coste      94       94
(  36, 493)   coste      55       55
(  37, 308)   coste      22       22
(  37, 364)   coste      23       23
(  38,  40)   coste      43       43
(  38,  41)   coste      60       60
(  39, 169)   coste      63       63
(  40,  83)   coste      42       42
(  40,  84)   coste      71       71
(  41, 265)   coste      64       64
(  41, 308)   coste      49       49
(  42, 313)   coste       7        7
(  42, 314)   coste      30       30
(  42, 340)   coste      32       32
(  42, 455)   coste      52       52
(  43,  44)   coste      41       41
(  43,  55)   coste      58       58
(  43, 455)   coste      38       38
(  43, 495)   coste      64       64
(  44, 452)   coste      20       20
(  44, 455)   coste       9        9
(  45, 138)   coste      72       72
(  45, 412)   coste      51       51
(  45, 413)   coste      55       55
(  46, 138)   coste      21       21
(  46, 139)   coste      55       55
(  46, 140)   coste      55       55
(  46, 437)   coste      35       35
(  47, 309)   coste      77       77
(  47, 402)   coste      61       61
(  48, 189)   coste      36       36
(  48, 191)   coste      16       16
(  48, 200)   coste      34       34
(  49, 229)   coste      15       15
(  49, 277)   coste      45       45
(  50, 139)   coste      58       58
(  50, 189)   coste      52       52
(  50, 190)   coste      71       71
(  51, 195)   coste      47       47
(  51, 196)   coste      23       23
(  51, 288)   coste      23       23
(  51, 392)   coste      54       54
(  51, 447)   coste      47       47
(  52, 447)   coste      22       22
(  52, 495)   coste      69       69
(  53, 196)   coste      37       37
(  53, 220)   coste      61       61
(  53, 288)   coste      10       10
(  54, 368)   coste      71       71
(  54, 369)   coste      54       54
(  54, 434)   coste      44       44
(  54, 481)   coste      71       71
(  55, 175)   coste      72       72
(  55, 445)   coste      44       44
(  55, 455)   coste      64       64
(  56, 175)   coste      72       72
(  56, 445)   coste      37       37
(  56, 446)   coste      51       51
(  56, 455)   coste      70       70
(  57, 194)   coste      73       73
(  57, 340)   coste      70       70
(  57, 495)   coste      64       64
(  58, 234)   coste       9        9
(  58, 249)   coste      35       35
(  59, 249)   coste      11       11
(  59, 250)   coste      29       29
(  60, 101)   coste      29       29
(  61, 325)   coste      31       31
(  62, 325)   coste      23       23
(  63, 377)   coste      41       41
(  63, 464)   coste      46       46
(  64,  65)   coste      63       63
(  64, 233)   coste      43       43
(  64, 338)   coste      36       36
(  64, 377)   coste      38       38
(  65,  67)   coste      14       14
(  65, 339)   coste      32       32
(  65, 377)   coste      31       31
(  66, 295)   coste      31       31
(  66, 374)   coste      38       38
(  66, 463)   coste      33       33
(  66, 477)   coste      61       61
(  67,  68)   coste      25       25
(  67,  69)   coste      20       20
(  67, 290)   coste      49       49
(  67, 339)   coste      30       30
(  68, 289)   coste      33       33
(  69, 263)   coste      60       60
(  69, 289)   coste      55       55
(  69, 290)   coste      41       41
(  69, 344)   coste      66       66
(  70,  81)   coste     104      104
(  70, 393)   coste      79       79
(  70, 394)   coste      59       59
(  70, 425)   coste      58       58
(  71,  82)   coste      16       16
(  71, 425)   coste      14       14
(  72, 394)   coste      79       79
(  72, 425)   coste      33       33
(  73, 407)   coste      77       77
(  73, 408)   coste      75       75
(  74, 408)   coste      86       86
(  75,  82)   coste      81       81
(  75, 426)   coste      78       78
(  76, 384)   coste      60       60
(  76, 403)   coste      20       20
(  77, 234)   coste      50       50
(  78, 403)   coste      21       21
(  78, 404)   coste      14       14
(  79, 324)   coste      14       14
(  79, 325)   coste      15       15
(  80,  95)   coste      37       37
(  81,  82)   coste     101      101
(  81,  95)   coste      92       92
(  82,  95)   coste      77       77
(  82, 425)   coste      29       29
(  85, 112)   coste      75       75
(  85, 114)   coste      76       76
(  85, 116)   coste      43       43
(  86,  87)   coste      21       21
(  86, 114)   coste      14       14
(  86, 391)   coste      24       24
(  87, 114)   coste      34       34
(  88, 183)   coste      52       52
(  88, 201)   coste      47       47
(  88, 203)   coste      21       21
(  89, 201)   coste      40       40
(  89, 280)   coste      43       43
(  89, 281)   coste      30       30
(  90, 430)   coste       6        6
(  91, 274)   coste      27       27
(  91, 462)   coste      37       37
(  92, 324)   coste      40       40
(  93, 275)   coste      51       51
(  93, 435)   coste      66       66
(  94, 269)   coste       3        3
(  96, 319)   coste      34       34
(  96, 346)   coste      25       25
(  97,  99)   coste      31       31
(  97, 100)   coste      31       31
(  97, 319)   coste      22       22
(  97, 346)   coste      31       31
(  98, 101)   coste      52       52
(  98, 346)   coste      49       49
(  98, 448)   coste      90       90
(  99, 100)   coste      60       60
(  99, 319)   coste      51       51
(  99, 448)   coste      86       86
( 102, 165)   coste      52       52
( 102, 275)   coste      52       52
( 103, 104)   coste      51       51
( 103, 105)   coste      58       58
( 103, 243)   coste      63       63
( 103, 252)   coste      47       47
( 103, 482)   coste      79       79
( 103, 494)   coste      24       24
( 104, 165)   coste      44       44
( 104, 275)   coste      46       46
( 105, 165)   coste      61       61
( 106, 256)   coste      18       18
( 106, 347)   coste       7        7
( 107, 213)   coste      47       47
( 107, 292)   coste      43       43
( 107, 347)   coste      34       34
( 108, 109)   coste      60       60
( 108, 110)   coste      41       41
( 108, 258)   coste      32       32
( 110, 256)   coste      21       21
( 110, 259)   coste      34       34
( 110, 380)   coste      60       60
( 110, 439)   coste      40       40
( 111, 256)   coste      26       26
( 111, 259)   coste      15       15
( 111, 356)   coste      40       40
( 112, 151)   coste      85       85
( 112, 353)   coste       9        9
( 112, 491)   coste      62       62
( 113, 115)   coste      36       36
( 113, 149)   coste      74       74
( 113, 491)   coste      13       13
( 114, 391)   coste      26       26
( 114, 466)   coste      35       35
( 114, 473)   coste      39       39
( 115, 149)   coste      45       45
( 116, 151)   coste     108      108
( 116, 353)   coste      61       61
( 117, 188)   coste      79       79
( 118, 119)   coste      38       38
( 118, 120)   coste      58       58
( 118, 264)   coste      47       47
( 118, 265)   coste      52       52
( 119, 188)   coste      46       46
( 119, 328)   coste      56       56
( 120, 214)   coste      71       71
( 121, 136)   coste      42       42
( 122, 124)   coste      19       19
( 122, 434)   coste      55       55
( 123, 124)   coste      37       37
( 125, 136)   coste      42       42
( 126, 251)   coste      88       88
( 126, 311)   coste      26       26
( 127, 400)   coste      43       43
( 127, 472)   coste      56       56
( 127, 476)   coste      42       42
( 127, 494)   coste      58       58
( 128, 472)   coste      66       66
( 129, 309)   coste      52       52
( 129, 311)   coste      84       84
( 130, 302)   coste      53       53
( 130, 467)   coste      21       21
( 131, 428)   coste      34       34
( 132, 428)   coste      47       47
( 132, 432)   coste      36       36
( 132, 465)   coste      93       93
( 133, 135)   coste      17       17
( 133, 261)   coste      35       35
( 134, 408)   coste     104      104
( 134, 428)   coste      43       43
( 134, 465)   coste      61       61
( 135, 261)   coste      28       28
( 135, 432)   coste      49       49
( 136, 222)   coste      49       49
( 136, 336)   coste      48       48
( 136, 387)   coste      69       69
( 137, 167)   coste      43       43
( 138, 399)   coste      42       42
( 138, 402)   coste      26       26
( 138, 437)   coste      40       40
( 140, 399)   coste      33       33
( 141, 161)   coste      35       35
( 141, 235)   coste      53       53
( 141, 398)   coste      18       18
( 141, 406)   coste      49       49
( 141, 438)   coste      80       80
( 142, 144)   coste      31       31
( 142, 160)   coste      40       40
( 142, 162)   coste      72       72
( 144, 161)   coste      12       12
( 145, 236)   coste      68       68
( 145, 371)   coste      31       31
( 146, 147)   coste      32       32
( 147, 333)   coste      56       56
( 147, 371)   coste      46       46
( 148, 237)   coste      64       64
( 148, 334)   coste      43       43
( 149, 176)   coste      78       78
( 150, 152)   coste      39       39
( 152, 178)   coste      52       52
( 153, 239)   coste      66       66
( 153, 241)   coste      65       65
( 153, 242)   coste      64       64
( 154, 239)   coste      70       70
( 154, 241)   coste      73       73
( 154, 312)   coste      50       50
( 155, 314)   coste      52       52
( 156, 158)   coste      73       73
( 156, 159)   coste      45       45
( 156, 496)   coste       8        8
( 158, 204)   coste      90       90
( 159, 349)   coste      20       20
( 159, 484)   coste      59       59
( 160, 230)   coste      64       64
( 161, 398)   coste      47       47
( 161, 406)   coste      34       34
( 163, 261)   coste       9        9
( 163, 432)   coste      39       39
( 164, 432)   coste      28       28
( 165, 251)   coste      56       56
( 165, 252)   coste      47       47
( 165, 494)   coste      26       26
( 166, 494)   coste      21       21
( 167, 223)   coste      46       46
( 167, 396)   coste      54       54
( 167, 459)   coste      61       61
( 168, 396)   coste      31       31
( 169, 223)   coste      64       64
( 169, 364)   coste      63       63
( 169, 459)   coste      57       57
( 170, 244)   coste      40       40
( 170, 245)   coste      21       21
( 170, 246)   coste      31       31
( 170, 439)   coste      49       49
( 171, 228)   coste      53       53
( 171, 245)   coste      15       15
( 171, 246)   coste      34       34
( 171, 444)   coste      64       64
( 172, 244)   coste      15       15
( 172, 380)   coste      28       28
( 173, 271)   coste      25       25
( 173, 273)   coste      43       43
( 174, 351)   coste      76       76
( 174, 416)   coste      36       36
( 175, 416)   coste      43       43
( 175, 418)   coste      68       68
( 175, 445)   coste      41       41
( 176, 360)   coste      35       35
( 177, 178)   coste      17       17
( 177, 360)   coste      32       32
( 177, 449)   coste      75       75
( 178, 359)   coste     110      110
( 178, 449)   coste      91       91
( 179, 212)   coste      40       40
( 179, 293)   coste      39       39
( 180, 182)   coste      50       50
( 180, 212)   coste      34       34
( 181, 293)   coste      38       38
( 182, 210)   coste      20       20
( 182, 211)   coste      27       27
( 182, 212)   coste      21       21
( 182, 213)   coste      50       50
( 182, 292)   coste      42       42
( 183, 203)   coste      38       38
( 183, 293)   coste      56       56
( 184, 200)   coste      79       79
( 185, 186)   coste      42       42
( 186, 187)   coste      11       11
( 186, 433)   coste      48       48
( 187, 429)   coste      71       71
( 187, 451)   coste      26       26
( 188, 326)   coste      51       51
( 188, 327)   coste      30       30
( 188, 328)   coste      29       29
( 188, 329)   coste      11       11
( 189, 190)   coste      38       38
( 189, 276)   coste      62       62
( 190, 192)   coste      64       64
( 190, 200)   coste      78       78
( 190, 229)   coste      33       33
( 191, 465)   coste      61       61
( 192, 283)   coste      39       39
( 192, 287)   coste      61       61
( 192, 488)   coste      94       94
( 193, 229)   coste      59       59
( 193, 330)   coste      69       69
( 194, 195)   coste      28       28
( 194, 196)   coste      41       41
( 194, 219)   coste      58       58
( 194, 447)   coste      39       39
( 195, 196)   coste      27       27
( 196, 288)   coste      41       41
( 196, 392)   coste      60       60
( 197, 343)   coste      49       49
( 198, 343)   coste      76       76
( 198, 489)   coste      66       66
( 199, 342)   coste      24       24
( 199, 343)   coste      57       57
( 199, 362)   coste      40       40
( 199, 431)   coste      11       11
( 201, 281)   coste      61       61
( 201, 311)   coste      70       70
( 202, 281)   coste      63       63
( 202, 361)   coste      21       21
( 203, 280)   coste     102      102
( 204, 315)   coste      80       80
( 204, 405)   coste      69       69
( 204, 493)   coste      28       28
( 205, 493)   coste      56       56
( 206, 220)   coste      52       52
( 206, 221)   coste      28       28
( 207, 209)   coste      48       48
( 207, 246)   coste      54       54
( 207, 307)   coste      36       36
( 208, 271)   coste      34       34
( 208, 443)   coste      40       40
( 209, 307)   coste      51       51
( 210, 291)   coste      24       24
( 210, 292)   coste      23       23
( 211, 212)   coste      40       40
( 211, 355)   coste      46       46
( 212, 293)   coste      73       73
( 213, 376)   coste      47       47
( 214, 397)   coste      69       69
( 215, 321)   coste      90       90
( 215, 389)   coste      35       35
( 216, 320)   coste      50       50
( 216, 348)   coste      72       72
( 217, 320)   coste      55       55
( 217, 389)   coste      37       37
( 217, 415)   coste      57       57
( 217, 422)   coste      57       57
( 218, 352)   coste      65       65
( 218, 415)   coste      51       51
( 218, 417)   coste      74       74
( 220, 260)   coste       9        9
( 220, 410)   coste       8        8
( 222, 335)   coste      51       51
( 222, 336)   coste      29       29
( 224, 336)   coste      29       29
( 224, 490)   coste      48       48
( 225, 256)   coste      50       50
( 225, 259)   coste      49       49
( 226, 227)   coste      43       43
( 226, 244)   coste      57       57
( 226, 370)   coste      98       98
( 226, 373)   coste      39       39
( 226, 380)   coste      43       43
( 227, 373)   coste      12       12
( 228, 245)   coste      43       43
( 229, 283)   coste      66       66
( 230, 398)   coste      62       62
( 230, 489)   coste      49       49
( 231, 232)   coste      44       44
( 231, 489)   coste      41       41
( 232, 489)   coste      44       44
( 233, 338)   coste      69       69
( 233, 435)   coste      53       53
( 233, 441)   coste      57       57
( 234, 249)   coste      38       38
( 235, 406)   coste      25       25
( 236, 379)   coste      29       29
( 236, 406)   coste      53       53
( 237, 390)   coste      82       82
( 237, 406)   coste      56       56
( 238, 262)   coste      53       53
( 238, 305)   coste      65       65
( 239, 241)   coste       8        8
( 240, 326)   coste      36       36
( 242, 481)   coste      61       61
( 243, 482)   coste      18       18
( 244, 380)   coste      40       40
( 247, 319)   coste      28       28
( 248, 249)   coste      28       28
( 248, 250)   coste      30       30
( 248, 319)   coste      22       22
( 249, 319)   coste      27       27
( 250, 319)   coste      50       50
( 251, 252)   coste      12       12
( 252, 293)   coste      81       81
( 253, 266)   coste      82       82
( 253, 322)   coste      37       37
( 253, 323)   coste      25       25
( 253, 487)   coste      22       22
( 254, 459)   coste      54       54
( 256, 347)   coste      24       24
( 260, 410)   coste       6        6
( 260, 411)   coste      17       17
( 262, 460)   coste      20       20
( 263, 290)   coste      65       65
( 263, 314)   coste      70       70
( 263, 344)   coste       9        9
( 264, 388)   coste      50       50
( 264, 461)   coste      54       54
( 266, 268)   coste      60       60
( 266, 322)   coste      56       56
( 266, 459)   coste      89       89
( 268, 322)   coste      75       75
( 269, 324)   coste      21       21
( 271, 345)   coste      43       43
( 271, 444)   coste      52       52
( 272, 345)   coste      14       14
( 272, 439)   coste      43       43
( 273, 356)   coste      55       55
( 274, 462)   coste      20       20
( 275, 462)   coste      22       22
( 277, 287)   coste      61       61
( 277, 488)   coste      92       92
( 278, 441)   coste      39       39
( 279, 354)   coste      76       76
( 279, 363)   coste      13       13
( 280, 281)   coste      33       33
( 280, 354)   coste      79       79
( 280, 424)   coste      44       44
( 281, 363)   coste      67       67
( 282, 363)   coste      19       19
( 283, 294)   coste      34       34
( 284, 285)   coste      40       40
( 284, 296)   coste      55       55
( 285, 296)   coste      47       47
( 286, 294)   coste      63       63
( 286, 296)   coste      63       63
( 289, 463)   coste      69       69
( 289, 464)   coste      17       17
( 290, 464)   coste      25       25
( 294, 374)   coste      47       47
( 295, 296)   coste      52       52
( 295, 463)   coste      19       19
( 295, 477)   coste      75       75
( 296, 374)   coste      50       50
( 296, 463)   coste      54       54
( 297, 450)   coste      93       93
( 298, 299)   coste      40       40
( 298, 303)   coste      57       57
( 298, 450)   coste      45       45
( 299, 304)   coste      50       50
( 300, 302)   coste      67       67
( 300, 478)   coste      64       64
( 301, 303)   coste      39       39
( 301, 450)   coste      68       68
( 301, 486)   coste      70       70
( 302, 436)   coste       8        8
( 302, 467)   coste      37       37
( 302, 485)   coste       3        3
( 304, 341)   coste      41       41
( 305, 369)   coste      69       69
( 306, 420)   coste      47       47
( 308, 364)   coste       3        3
( 309, 414)   coste      91       91
( 309, 437)   coste      61       61
( 310, 399)   coste      52       52
( 310, 402)   coste      39       39
( 310, 437)   coste      61       61
( 313, 340)   coste      38       38
( 313, 455)   coste      53       53
( 314, 340)   coste      55       55
( 314, 344)   coste      63       63
( 315, 316)   coste      49       49
( 315, 405)   coste      52       52
( 318, 359)   coste      29       29
( 320, 348)   coste      61       61
( 320, 389)   coste      45       45
( 320, 421)   coste      51       51
( 320, 422)   coste      16       16
( 320, 423)   coste      28       28
( 321, 348)   coste      24       24
( 321, 389)   coste      69       69
( 322, 459)   coste      67       67
( 326, 481)   coste      76       76
( 327, 328)   coste      12       12
( 327, 329)   coste      25       25
( 330, 407)   coste      84       84
( 331, 419)   coste      21       21
( 331, 458)   coste      33       33
( 332, 419)   coste      48       48
( 333, 334)   coste      31       31
( 333, 379)   coste      51       51
( 334, 379)   coste      37       37
( 335, 490)   coste      33       33
( 337, 378)   coste      37       37
( 337, 440)   coste      21       21
( 337, 441)   coste      62       62
( 338, 378)   coste      36       36
( 339, 378)   coste      21       21
( 341, 436)   coste      52       52
( 341, 485)   coste      55       55
( 342, 343)   coste      62       62
( 342, 361)   coste      53       53
( 345, 439)   coste      47       47
( 346, 448)   coste      80       80
( 348, 421)   coste      71       71
( 350, 496)   coste      67       67
( 351, 416)   coste      45       45
( 351, 418)   coste      21       21
( 351, 474)   coste      56       56
( 352, 474)   coste      21       21
( 354, 376)   coste      70       70
( 354, 424)   coste      48       48
( 354, 438)   coste      49       49
( 357, 367)   coste      59       59
( 358, 365)   coste      64       64
( 359, 448)   coste      89       89
( 359, 449)   coste      35       35
( 360, 449)   coste      60       60
( 361, 431)   coste      39       39
( 362, 363)   coste      51       51
( 362, 431)   coste      39       39
( 363, 489)   coste      45       45
( 366, 367)   coste      30       30
( 366, 406)   coste      69       69
( 368, 369)   coste      28       28
( 368, 434)   coste      56       56
( 368, 481)   coste      47       47
( 369, 481)   coste      27       27
( 370, 390)   coste      85       85
( 371, 372)   coste      77       77
( 373, 380)   coste      68       68
( 374, 463)   coste      30       30
( 375, 442)   coste      45       45
( 375, 487)   coste      54       54
( 378, 440)   coste      55       55
( 381, 466)   coste      26       26
( 381, 473)   coste      29       29
( 382, 466)   coste      27       27
( 383, 446)   coste      79       79
( 383, 453)   coste      66       66
( 383, 454)   coste      59       59
( 383, 457)   coste      37       37
( 383, 469)   coste      53       53
( 383, 470)   coste      46       46
( 384, 385)   coste      14       14
( 384, 403)   coste      76       76
( 384, 483)   coste      84       84
( 385, 456)   coste      42       42
( 385, 457)   coste      36       36
( 386, 457)   coste      50       50
( 386, 470)   coste      31       31
( 387, 397)   coste      53       53
( 389, 422)   coste      57       57
( 393, 427)   coste      36       36
( 393, 479)   coste      88       88
( 394, 395)   coste      12       12
( 394, 425)   coste      68       68
( 394, 427)   coste      26       26
( 395, 425)   coste      76       76
( 396, 397)   coste      20       20
( 398, 438)   coste      77       77
( 399, 472)   coste      59       59
( 400, 401)   coste      55       55
( 400, 472)   coste      32       32
( 400, 482)   coste      66       66
( 401, 476)   coste      55       55
( 402, 437)   coste      49       49
( 405, 410)   coste      52       52
( 405, 411)   coste      58       58
( 407, 475)   coste      36       36
( 409, 488)   coste      81       81
( 412, 468)   coste      94       94
( 413, 414)   coste      56       56
( 414, 486)   coste      49       49
( 416, 445)   coste      80       80
( 417, 446)   coste      61       61
( 417, 480)   coste      29       29
( 421, 496)   coste      76       76
( 422, 484)   coste      38       38
( 426, 427)   coste      28       28
( 428, 465)   coste      66       66
( 429, 432)   coste      30       30
( 429, 451)   coste      64       64
( 433, 451)   coste      69       69
( 435, 441)   coste      16       16
( 442, 490)   coste      65       65
( 446, 480)   coste      84       84
( 447, 495)   coste      56       56
( 448, 449)   coste      68       68
( 453, 454)   coste      21       21
( 456, 457)   coste      16       16
( 456, 458)   coste      80       80
( 466, 491)   coste      41       41
( 468, 479)   coste      59       59
( 469, 480)   coste      46       46
( 469, 483)   coste      64       64
( 470, 483)   coste      55       55
( 471, 483)   coste      83       83
( 476, 482)   coste      63       63
( 477, 482)   coste      39       39
( 478, 486)   coste      79       79
