NOMBRE : UR735
COMENTARIO : 100  componentes 
VERTICES :  662
ARISTAS_REQ :  648
ARISTAS_NOREQ :  552
LISTA_ARISTAS_REQ :
(   1,   2)   coste      29       29
(   1,   3)   coste      14       14
(   1,   4)   coste      13       13
(   1,   5)   coste       7        7
(   1,   6)   coste      33       33
(   7,   8)   coste      35       35
(   7,   9)   coste      33       33
(   7,  10)   coste      11       11
(  11,  12)   coste      41       41
(  11,  13)   coste       3        3
(  14,  15)   coste      41       41
(  14,  16)   coste      37       37
(  17,  18)   coste      26       26
(  19,  20)   coste      44       44
(  19,  21)   coste      47       47
(  22,  23)   coste      33       33
(  22,  24)   coste      63       63
(  25,  26)   coste       4        4
(  27,  28)   coste      13       13
(  27,  29)   coste      21       21
(  27,  30)   coste      25       25
(  31,  32)   coste      32       32
(  33,  34)   coste      21       21
(  35,  36)   coste      40       40
(  35,  37)   coste      15       15
(  35,  38)   coste      33       33
(  39,  40)   coste      23       23
(  41,  42)   coste      19       19
(  43,  44)   coste      39       39
(  45,  46)   coste      16       16
(  47,  48)   coste      37       37
(  47,  49)   coste      25       25
(  47,  50)   coste      57       57
(  51,  52)   coste      12       12
(  53,  54)   coste      40       40
(  53,  55)   coste      65       65
(  56,  57)   coste      58       58
(  56,  58)   coste      10       10
(  56,  59)   coste      59       59
(  60,  61)   coste      22       22
(  60,  62)   coste      11       11
(  60,  63)   coste      28       28
(  64,  65)   coste      17       17
(  64,  66)   coste      14       14
(  67,  68)   coste      11       11
(  69,  70)   coste      33       33
(  69,  71)   coste      25       25
(  69,  72)   coste      23       23
(  73,  74)   coste      11       11
(  73,  75)   coste      21       21
(  76,  77)   coste      48       48
(  78,  79)   coste      13       13
(  78,  80)   coste      30       30
(  78,  81)   coste      16       16
(  82,  83)   coste      50       50
(  82,  84)   coste      43       43
(  82,  85)   coste      41       41
(  86,  87)   coste      17       17
(  86,  88)   coste       8        8
(  86,  89)   coste      15       15
(  90,  91)   coste      52       52
(  92,  93)   coste      29       29
(  92,  94)   coste      22       22
(  65,  95)   coste      38       38
(  96,  97)   coste      35       35
(  96,  98)   coste      11       11
(  96,  99)   coste      29       29
( 100, 101)   coste      22       22
( 100, 102)   coste      34       34
( 103, 104)   coste      16       16
(  91, 105)   coste      53       53
(  91, 106)   coste      47       47
( 107, 108)   coste      23       23
( 107, 109)   coste      32       32
( 110, 111)   coste      10       10
( 112, 113)   coste      25       25
( 112, 114)   coste      35       35
( 115, 116)   coste      47       47
(  52, 115)   coste      34       34
(   8, 117)   coste      30       30
(   8,   9)   coste      10       10
(   8,  63)   coste      24       24
( 118, 119)   coste      34       34
( 118, 120)   coste      28       28
( 121, 122)   coste      30       30
( 123, 124)   coste      18       18
( 123, 125)   coste      46       46
( 108, 126)   coste      16       16
( 108, 109)   coste      30       30
( 127, 128)   coste      28       28
( 127, 129)   coste      24       24
( 127, 130)   coste      60       60
( 131, 132)   coste      10       10
( 131, 133)   coste      34       34
( 131, 134)   coste      30       30
( 135, 136)   coste      15       15
( 122, 137)   coste      24       24
( 137, 138)   coste      22       22
( 137, 139)   coste      21       21
( 137, 140)   coste      20       20
( 141, 142)   coste      45       45
( 141, 143)   coste      30       30
( 144, 145)   coste      36       36
(  54, 146)   coste      32       32
(  54,  55)   coste      56       56
( 147, 148)   coste      20       20
( 147, 149)   coste      14       14
(  13, 147)   coste      21       21
( 147, 150)   coste      22       22
(  79, 151)   coste      32       32
( 105, 152)   coste      51       51
( 152, 153)   coste      40       40
( 154, 155)   coste      10       10
( 154, 156)   coste      34       34
(   6, 157)   coste      36       36
( 113, 158)   coste      44       44
( 159, 160)   coste      21       21
( 159, 161)   coste      20       20
( 162, 163)   coste      41       41
( 162, 164)   coste      28       28
( 165, 166)   coste      19       19
( 165, 167)   coste      41       41
( 165, 168)   coste      53       53
( 122, 136)   coste      11       11
(  28, 169)   coste      10       10
(  94, 170)   coste      41       41
( 170, 171)   coste      37       37
(  29, 172)   coste      26       26
( 173, 174)   coste      53       53
( 173, 175)   coste      25       25
( 176, 177)   coste      45       45
( 176, 178)   coste      27       27
( 179, 180)   coste      43       43
( 181, 182)   coste      21       21
( 181, 183)   coste      27       27
( 184, 185)   coste      13       13
( 186, 187)   coste      16       16
( 188, 189)   coste       5        5
( 188, 190)   coste      26       26
( 111, 191)   coste      27       27
( 191, 192)   coste      16       16
( 191, 193)   coste      26       26
( 194, 195)   coste      39       39
( 194, 196)   coste       6        6
( 194, 197)   coste      49       49
( 174, 198)   coste      23       23
( 174, 199)   coste      25       25
( 200, 201)   coste      19       19
( 200, 202)   coste      13       13
( 200, 203)   coste       5        5
( 101, 204)   coste      22       22
( 205, 206)   coste      29       29
( 205, 207)   coste      22       22
( 205, 208)   coste      21       21
( 209, 210)   coste      33       33
( 209, 211)   coste      35       35
( 212, 213)   coste      18       18
( 212, 214)   coste      33       33
( 212, 215)   coste      21       21
( 216, 217)   coste      11       11
( 216, 218)   coste      16       16
(  23, 219)   coste      68       68
( 220, 221)   coste      14       14
( 220, 222)   coste      11       11
( 220, 223)   coste      43       43
( 224, 225)   coste      33       33
( 226, 227)   coste      25       25
(  18, 226)   coste      18       18
( 228, 229)   coste      60       60
( 228, 230)   coste      52       52
( 228, 231)   coste      31       31
( 232, 233)   coste      27       27
( 153, 232)   coste      11       11
( 234, 235)   coste      19       19
( 236, 237)   coste      24       24
( 238, 239)   coste       8        8
( 238, 240)   coste      24       24
(  38, 145)   coste      48       48
(   2,   6)   coste      11       11
(   2, 104)   coste      33       33
( 138, 241)   coste      22       22
( 242, 243)   coste      37       37
( 242, 244)   coste      34       34
( 242, 245)   coste      35       35
( 246, 247)   coste      47       47
( 248, 249)   coste      16       16
( 250, 251)   coste       4        4
( 252, 253)   coste       8        8
( 252, 254)   coste      15       15
( 252, 255)   coste      32       32
( 256, 257)   coste      27       27
( 256, 258)   coste      21       21
(  93, 259)   coste      24       24
( 260, 261)   coste      52       52
( 260, 262)   coste      52       52
( 263, 264)   coste       7        7
( 249, 265)   coste      13       13
( 265, 266)   coste      30       30
(  40, 267)   coste      35       35
( 267, 268)   coste      43       43
( 267, 269)   coste      32       32
( 166, 270)   coste      37       37
( 271, 272)   coste      11       11
( 273, 274)   coste      25       25
(   3, 275)   coste      21       21
( 275, 276)   coste      14       14
( 277, 278)   coste      50       50
( 277, 279)   coste      45       45
( 167, 277)   coste      40       40
( 249, 280)   coste      32       32
( 266, 280)   coste      37       37
( 281, 282)   coste      15       15
( 281, 283)   coste      49       49
( 281, 284)   coste      31       31
( 117, 285)   coste      18       18
(   9, 117)   coste      39       39
( 126, 286)   coste      34       34
( 287, 288)   coste      32       32
( 289, 290)   coste      31       31
( 289, 291)   coste       8        8
( 289, 292)   coste      33       33
( 289, 293)   coste      40       40
( 294, 295)   coste      48       48
( 294, 296)   coste      56       56
(  26, 189)   coste       8        8
( 213, 297)   coste      21       21
( 213, 214)   coste      18       18
( 298, 299)   coste      17       17
( 298, 300)   coste      42       42
( 301, 302)   coste      13       13
( 303, 304)   coste      62       62
( 303, 305)   coste      44       44
( 306, 307)   coste      59       59
( 308, 309)   coste      45       45
( 310, 311)   coste      55       55
( 310, 312)   coste      47       47
( 313, 314)   coste      26       26
( 313, 315)   coste      25       25
(  48, 257)   coste      14       14
( 316, 317)   coste      32       32
( 128, 129)   coste      36       36
( 318, 319)   coste      32       32
( 320, 321)   coste      41       41
( 322, 323)   coste      40       40
( 322, 324)   coste      23       23
(  87,  88)   coste      24       24
( 325, 326)   coste      45       45
( 325, 327)   coste      31       31
( 207, 328)   coste       8        8
( 319, 328)   coste      21       21
( 328, 329)   coste      58       58
( 330, 331)   coste      23       23
(  74, 332)   coste      18       18
(  74,  75)   coste      22       22
( 185, 333)   coste      30       30
( 247, 334)   coste      31       31
(  61, 335)   coste      13       13
(  97, 210)   coste      39       39
(  97, 211)   coste      32       32
( 336, 337)   coste      36       36
( 231, 336)   coste      37       37
( 336, 338)   coste      28       28
( 339, 340)   coste      18       18
( 339, 341)   coste      35       35
( 253, 284)   coste      38       38
( 253, 254)   coste      16       16
( 132, 134)   coste      21       21
( 342, 343)   coste      11       11
( 344, 345)   coste      34       34
( 346, 347)   coste      21       21
( 346, 348)   coste      23       23
( 346, 349)   coste       4        4
( 350, 351)   coste      26       26
( 350, 352)   coste      17       17
(  15, 353)   coste      19       19
( 178, 354)   coste      48       48
(  36, 355)   coste      32       32
( 356, 357)   coste      46       46
( 142, 356)   coste      28       28
( 261, 358)   coste      16       16
( 359, 360)   coste      26       26
( 361, 362)   coste      31       31
( 361, 363)   coste      19       19
( 361, 364)   coste      15       15
( 365, 366)   coste      21       21
( 367, 368)   coste      37       37
( 369, 370)   coste      22       22
( 371, 372)   coste      42       42
( 371, 373)   coste      41       41
( 374, 375)   coste      39       39
( 374, 376)   coste      40       40
( 358, 377)   coste      12       12
( 378, 379)   coste      30       30
( 182, 378)   coste       4        4
( 380, 381)   coste      31       31
( 382, 383)   coste      20       20
( 384, 385)   coste      67       67
( 124, 386)   coste      36       36
( 387, 388)   coste      22       22
(  57,  59)   coste       6        6
( 389, 390)   coste      29       29
( 391, 392)   coste      12       12
( 391, 393)   coste      31       31
( 391, 394)   coste      52       52
( 391, 395)   coste      38       38
( 391, 396)   coste      37       37
( 185, 397)   coste      48       48
( 185, 398)   coste      32       32
( 399, 400)   coste       6        6
( 401, 402)   coste      21       21
( 403, 404)   coste      37       37
( 323, 403)   coste      33       33
( 403, 405)   coste      37       37
( 406, 407)   coste      43       43
( 408, 409)   coste      11       11
( 133, 410)   coste      37       37
( 150, 411)   coste      28       28
(  18, 227)   coste      35       35
( 166, 235)   coste      29       29
( 412, 413)   coste      15       15
( 414, 415)   coste      33       33
( 416, 417)   coste      34       34
( 416, 418)   coste      28       28
( 362, 375)   coste      36       36
( 362, 376)   coste      47       47
( 229, 231)   coste      51       51
( 419, 420)   coste      28       28
( 419, 421)   coste       4        4
( 379, 422)   coste      23       23
( 327, 422)   coste      13       13
( 304, 423)   coste      15       15
( 304, 305)   coste      30       30
( 304, 424)   coste      35       35
( 425, 426)   coste      21       21
( 148, 427)   coste      20       20
( 334, 428)   coste      34       34
( 177, 201)   coste       9        9
( 429, 430)   coste      26       26
( 429, 431)   coste      29       29
( 429, 432)   coste      18       18
( 433, 434)   coste      23       23
( 433, 435)   coste      15       15
( 433, 436)   coste      35       35
( 404, 437)   coste      26       26
( 438, 439)   coste      40       40
( 438, 440)   coste      37       37
( 441, 442)   coste      13       13
( 443, 444)   coste       8        8
( 443, 445)   coste      16       16
(  32, 446)   coste      39       39
( 447, 448)   coste      22       22
( 366, 449)   coste      25       25
( 450, 451)   coste      30       30
( 450, 452)   coste      29       29
( 453, 454)   coste      44       44
( 153, 453)   coste       4        4
( 373, 455)   coste      28       28
( 264, 456)   coste      22       22
( 456, 457)   coste      22       22
( 458, 459)   coste      29       29
( 458, 460)   coste       9        9
( 458, 461)   coste      19       19
( 458, 462)   coste      19       19
( 291, 463)   coste      47       47
( 293, 463)   coste      41       41
( 463, 464)   coste      45       45
( 376, 465)   coste      60       60
( 214, 297)   coste       6        6
( 297, 466)   coste      27       27
( 215, 297)   coste      17       17
( 129, 467)   coste      26       26
( 467, 468)   coste      20       20
( 469, 470)   coste      44       44
( 469, 471)   coste      16       16
(   3, 472)   coste      24       24
(   3,   5)   coste      13       13
(   3, 276)   coste      16       16
( 473, 474)   coste      41       41
( 392, 475)   coste      35       35
( 392, 393)   coste      37       37
( 392, 396)   coste      34       34
( 476, 477)   coste      35       35
( 420, 478)   coste      16       16
( 420, 479)   coste      28       28
( 420, 421)   coste      25       25
( 357, 428)   coste      47       47
( 299, 459)   coste      18       18
( 480, 481)   coste      31       31
( 480, 482)   coste      31       31
( 480, 483)   coste      21       21
(  46, 484)   coste      20       20
(  46, 338)   coste      38       38
( 485, 486)   coste      25       25
( 485, 487)   coste      40       40
( 484, 488)   coste      48       48
( 489, 490)   coste      13       13
( 491, 492)   coste      43       43
(  12, 491)   coste      18       18
( 472, 493)   coste      25       25
( 195, 196)   coste      42       42
( 195, 494)   coste      63       63
( 195, 495)   coste      35       35
( 496, 497)   coste      23       23
(  66, 496)   coste      26       26
( 498, 499)   coste      27       27
( 129, 500)   coste      33       33
( 218, 501)   coste      14       14
( 386, 501)   coste      45       45
( 116, 163)   coste      40       40
( 116, 502)   coste      36       36
( 503, 504)   coste      32       32
( 503, 505)   coste      53       53
( 464, 503)   coste      25       25
( 506, 507)   coste      35       35
( 508, 509)   coste      27       27
( 475, 510)   coste      20       20
( 197, 511)   coste      43       43
( 511, 512)   coste      25       25
( 494, 511)   coste      57       57
( 175, 513)   coste      38       38
( 175, 514)   coste      31       31
( 515, 516)   coste      26       26
( 517, 518)   coste      25       25
( 517, 519)   coste      28       28
( 520, 521)   coste      41       41
( 520, 522)   coste      36       36
( 197, 494)   coste      30       30
( 523, 524)   coste      28       28
( 523, 525)   coste      21       21
(  95, 497)   coste      35       35
( 143, 244)   coste      17       17
( 148, 251)   coste      40       40
(  12, 526)   coste      48       48
( 340, 341)   coste      22       22
( 340, 527)   coste      19       19
( 528, 529)   coste      33       33
( 348, 530)   coste      32       32
( 518, 531)   coste      20       20
( 519, 531)   coste      16       16
( 531, 532)   coste      20       20
( 533, 534)   coste      10       10
( 535, 536)   coste      28       28
( 535, 537)   coste      33       33
( 535, 538)   coste      24       24
( 481, 482)   coste      42       42
( 481, 539)   coste      22       22
( 540, 541)   coste      44       44
( 540, 542)   coste       9        9
( 295, 543)   coste      33       33
( 341, 534)   coste      33       33
( 278, 454)   coste      44       44
( 368, 544)   coste      40       40
( 160, 217)   coste      11       11
( 161, 217)   coste      27       27
( 421, 478)   coste      18       18
( 171, 478)   coste      27       27
( 192, 545)   coste      17       17
( 221, 222)   coste      12       12
( 155, 221)   coste       9        9
( 546, 547)   coste      41       41
( 423, 424)   coste      22       22
( 341, 527)   coste      33       33
(  37, 355)   coste      28       28
( 444, 548)   coste      22       22
( 290, 549)   coste      32       32
( 312, 549)   coste      44       44
( 214, 466)   coste      32       32
( 536, 550)   coste      49       49
( 146, 545)   coste       9        9
( 255, 545)   coste      27       27
( 239, 240)   coste      26       26
( 524, 551)   coste      28       28
( 524, 525)   coste       8        8
( 388, 524)   coste      45       45
( 353, 552)   coste      31       31
( 552, 553)   coste      34       34
( 395, 554)   coste      22       22
( 449, 499)   coste      22       22
( 499, 555)   coste      34       34
( 323, 405)   coste      29       29
(  85, 556)   coste      41       41
( 460, 461)   coste      23       23
( 512, 557)   coste      52       52
( 326, 512)   coste      56       56
( 512, 558)   coste      43       43
( 559, 560)   coste      11       11
( 559, 561)   coste      46       46
( 510, 562)   coste      21       21
( 563, 564)   coste      25       25
( 284, 563)   coste      29       29
(  55, 563)   coste      59       59
( 563, 565)   coste      32       32
( 396, 510)   coste      36       36
( 290, 292)   coste      28       28
( 290, 293)   coste      39       39
(  49,  50)   coste      56       56
( 149, 150)   coste      11       11
( 566, 567)   coste      25       25
( 566, 568)   coste       4        4
( 415, 569)   coste      25       25
(  42, 569)   coste      30       30
( 282, 413)   coste      38       38
( 413, 570)   coste      15       15
( 413, 571)   coste      34       34
( 572, 573)   coste      60       60
( 398, 572)   coste      50       50
( 357, 504)   coste      38       38
( 393, 395)   coste      40       40
( 393, 396)   coste      27       27
( 513, 574)   coste      30       30
( 177, 203)   coste      16       16
( 180, 385)   coste      40       40
( 516, 575)   coste      29       29
( 434, 435)   coste      21       21
( 576, 577)   coste      33       33
( 578, 579)   coste      36       36
( 431, 573)   coste      60       60
( 218, 580)   coste      13       13
( 187, 581)   coste       5        5
( 292, 582)   coste      27       27
(  85, 583)   coste      24       24
( 584, 585)   coste      27       27
( 584, 586)   coste      20       20
( 274, 584)   coste       8        8
( 587, 588)   coste      44       44
( 587, 589)   coste      14       14
(  34, 587)   coste      34       34
( 353, 590)   coste       8        8
( 394, 468)   coste      13       13
( 557, 591)   coste      17       17
(  50, 258)   coste      50       50
( 183, 258)   coste      38       38
(  37, 592)   coste      22       22
( 593, 594)   coste      21       21
( 351, 593)   coste      12       12
( 326, 558)   coste      24       24
( 591, 595)   coste      22       22
( 596, 597)   coste      73       73
( 178, 596)   coste      74       74
(  71, 575)   coste      39       39
( 575, 598)   coste      29       29
(  80, 599)   coste      22       22
(  80, 464)   coste      36       36
( 400, 600)   coste      44       44
( 282, 283)   coste      48       48
( 601, 602)   coste      26       26
( 603, 604)   coste      38       38
( 603, 605)   coste      55       55
( 292, 606)   coste      30       30
( 410, 607)   coste      36       36
( 608, 609)   coste      38       38
( 608, 610)   coste      10       10
( 305, 611)   coste      34       34
( 331, 612)   coste      14       14
( 594, 613)   coste      29       29
( 180, 614)   coste      38       38
( 553, 590)   coste      26       26
( 189, 615)   coste      19       19
( 585, 586)   coste       8        8
( 586, 616)   coste      33       33
( 274, 586)   coste      22       22
( 449, 555)   coste      28       28
( 617, 618)   coste      34       34
( 597, 619)   coste      18       18
( 619, 620)   coste      37       37
( 283, 577)   coste      42       42
( 321, 418)   coste      35       35
( 418, 621)   coste      28       28
( 622, 623)   coste      20       20
( 245, 624)   coste       7        7
( 311, 625)   coste      46       46
(  10, 625)   coste      42       42
( 105, 233)   coste      67       67
( 400, 626)   coste      27       27
( 409, 627)   coste      38       38
( 230, 231)   coste      25       25
( 240, 628)   coste      16       16
( 321, 629)   coste      22       22
( 454, 630)   coste       8        8
(  20, 415)   coste      34       34
(  20, 312)   coste      22       22
( 155, 156)   coste      35       35
( 120, 487)   coste      23       23
(  30, 631)   coste      29       29
( 388, 525)   coste      43       43
( 329, 632)   coste      56       56
(   9, 633)   coste      18       18
( 255, 564)   coste      40       40
( 106, 577)   coste      38       38
( 588, 589)   coste      33       33
( 634, 635)   coste      21       21
( 398, 634)   coste      28       28
( 262, 349)   coste      13       13
( 432, 636)   coste      18       18
(   5, 637)   coste      31       31
( 560, 561)   coste      46       46
( 514, 574)   coste      38       38
( 439, 440)   coste       4        4
( 509, 529)   coste      47       47
( 307, 509)   coste      63       63
( 613, 638)   coste      36       36
( 432, 639)   coste      36       36
( 548, 623)   coste      41       41
( 604, 620)   coste      26       26
( 183, 640)   coste      32       32
( 321, 641)   coste      41       41
( 398, 642)   coste      50       50
( 207, 319)   coste      27       27
( 207, 208)   coste      19       19
( 539, 628)   coste      28       28
(  63, 285)   coste      48       48
( 568, 643)   coste      24       24
( 567, 644)   coste      32       32
( 302, 567)   coste      26       26
(   4, 645)   coste      38       38
( 646, 647)   coste      47       47
( 223, 648)   coste      36       36
( 648, 649)   coste       7        7
(  81, 532)   coste      22       22
(  21, 599)   coste      36       36
( 464, 599)   coste      19       19
( 109, 650)   coste      49       49
( 109, 286)   coste      18       18
( 300, 462)   coste      29       29
( 167, 279)   coste      12       12
( 279, 651)   coste      19       19
( 548, 652)   coste      43       43
( 161, 653)   coste      27       27
( 276, 493)   coste      27       27
( 654, 655)   coste      11       11
(  24, 233)   coste      58       58
( 153, 233)   coste      37       37
( 565, 656)   coste       1        1
( 570, 571)   coste      26       26
( 296, 657)   coste      22       22
( 474, 658)   coste      41       41
( 329, 474)   coste      16       16
( 235, 651)   coste      15       15
( 471, 659)   coste      23       23
( 375, 376)   coste      17       17
( 649, 660)   coste      28       28
( 398, 635)   coste      38       38
(  21, 464)   coste      39       39
( 150, 383)   coste      33       33
(  38, 658)   coste      28       28
( 223, 661)   coste      47       47
(  23,  24)   coste      32       32
( 571, 662)   coste      18       18
LISTA_ARISTAS_NOREQ :
(   2, 103)   coste      35       35
(   2, 637)   coste      18       18
(   3,   4)   coste      16       16
(   4,   5)   coste      19       19
(   4,  67)   coste      36       36
(   4,  68)   coste      36       36
(   6, 104)   coste      34       34
(   7, 625)   coste      40       40
(   8, 285)   coste      43       43
(   9,  63)   coste      28       28
(  10, 287)   coste      25       25
(  11, 491)   coste      25       25
(  12, 492)   coste      49       49
(  14, 370)   coste      38       38
(  15, 553)   coste       9        9
(  15, 590)   coste      18       18
(  16,  51)   coste      82       82
(  16,  52)   coste      92       92
(  16, 115)   coste     100      100
(  16, 546)   coste      39       39
(  17, 226)   coste      18       18
(  17, 360)   coste      36       36
(  18, 360)   coste      19       19
(  19, 414)   coste      16       16
(  20, 414)   coste      36       36
(  21,  80)   coste      23       23
(  22, 168)   coste      46       46
(  24, 454)   coste      61       61
(  25, 189)   coste      11       11
(  25, 269)   coste      33       33
(  25, 615)   coste      18       18
(  26,  44)   coste      37       37
(  26, 188)   coste       8        8
(  26, 615)   coste      19       19
(  27, 169)   coste       5        5
(  27, 631)   coste      10       10
(  28,  29)   coste      19       19
(  28, 172)   coste      18       18
(  28, 317)   coste      32       32
(  29,  30)   coste      17       17
(  29, 316)   coste      26       26
(  29, 317)   coste      29       29
(  30, 316)   coste      31       31
(  31, 654)   coste       7        7
(  31, 655)   coste      17       17
(  32, 654)   coste      34       34
(  33, 576)   coste      27       27
(  34, 230)   coste      79       79
(  34, 455)   coste      42       42
(  34, 576)   coste      47       47
(  35, 355)   coste      15       15
(  36,  37)   coste      41       41
(  38, 144)   coste      30       30
(  39, 267)   coste      15       15
(  40, 662)   coste      24       24
(  41, 119)   coste      40       40
(  41, 374)   coste      36       36
(  42, 130)   coste     104      104
(  43, 219)   coste      80       80
(  43, 268)   coste      43       43
(  44, 188)   coste      33       33
(  44, 189)   coste      37       37
(  44, 190)   coste      31       31
(  44, 219)   coste      60       60
(  45, 484)   coste      31       31
(  45, 656)   coste      78       78
(  46, 488)   coste      45       45
(  47, 258)   coste      27       27
(  47, 471)   coste      22       22
(  48, 659)   coste      53       53
(  49, 469)   coste      14       14
(  49, 471)   coste       5        5
(  49, 659)   coste      26       26
(  51, 115)   coste      37       37
(  51, 661)   coste      41       41
(  52, 661)   coste      34       34
(  54, 545)   coste      34       34
(  55, 564)   coste      41       41
(  56,  79)   coste      45       45
(  57, 114)   coste      35       35
(  58,  79)   coste      37       37
(  58, 151)   coste       6        6
(  59, 114)   coste      38       38
(  60, 335)   coste      26       26
(  61,  62)   coste      26       26
(  61, 500)   coste      68       68
(  61, 562)   coste      50       50
(  62, 521)   coste     101      101
(  62, 562)   coste      64       64
(  63, 633)   coste      39       39
(  64, 496)   coste      35       35
(  65,  66)   coste      29       29
(  66,  95)   coste      34       34
(  66, 497)   coste      13       13
(  67, 645)   coste       5        5
(  68, 645)   coste       7        7
(  69, 522)   coste      36       36
(  70, 493)   coste      28       28
(  70, 522)   coste      29       29
(  71,  72)   coste      39       39
(  72, 653)   coste      23       23
(  73, 389)   coste      21       21
(  73, 390)   coste      48       48
(  74, 389)   coste      29       29
(  74, 390)   coste      56       56
(  75,  84)   coste      66       66
(  75, 121)   coste      97       97
(  75, 489)   coste      62       62
(  75, 613)   coste     113      113
(  76, 404)   coste      27       27
(  76, 437)   coste       3        3
(  76, 639)   coste      39       39
(  78, 518)   coste       9        9
(  79,  81)   coste      16       16
(  79, 447)   coste      54       54
(  79, 448)   coste      62       62
(  79, 518)   coste      17       17
(  81, 518)   coste      10       10
(  83,  84)   coste      14       14
(  83, 556)   coste      45       45
(  83, 583)   coste      33       33
(  84, 121)   coste     113      113
(  84, 489)   coste      78       78
(  84, 613)   coste     129      129
(  87,  89)   coste       6        6
(  87, 125)   coste      62       62
(  88, 643)   coste      46       46
(  90, 106)   coste      13       13
(  90, 576)   coste      41       41
(  90, 577)   coste      39       39
(  91, 294)   coste      57       57
(  92, 538)   coste      40       40
(  93,  94)   coste      12       12
(  93, 537)   coste      30       30
(  94, 537)   coste      41       41
(  97, 209)   coste      30       30
(  98,  99)   coste      33       33
(  98, 551)   coste      32       32
(  99, 288)   coste      25       25
( 100, 204)   coste      28       28
( 100, 623)   coste      19       19
( 101, 623)   coste      33       33
( 102, 108)   coste      47       47
( 102, 622)   coste      18       18
( 103, 637)   coste      33       33
( 104, 157)   coste      35       35
( 107, 126)   coste      14       14
( 109, 126)   coste      20       20
( 110, 191)   coste      19       19
( 110, 192)   coste      18       18
( 111, 254)   coste      29       29
( 112, 236)   coste      28       28
( 112, 237)   coste      23       23
( 113, 237)   coste      24       24
( 113, 406)   coste      36       36
( 114, 156)   coste      38       38
( 117, 625)   coste      41       41
( 118, 485)   coste      33       33
( 118, 486)   coste      11       11
( 118, 487)   coste       8        8
( 119, 465)   coste      50       50
( 119, 486)   coste      30       30
( 119, 487)   coste      39       39
( 120, 517)   coste      29       29
( 121, 136)   coste      28       28
( 121, 489)   coste     109      109
( 121, 613)   coste      68       68
( 122, 135)   coste      25       25
( 122, 139)   coste      22       22
( 122, 638)   coste      31       31
( 123, 145)   coste      77       77
( 123, 187)   coste      53       53
( 123, 581)   coste      56       56
( 124, 125)   coste      50       50
( 127, 467)   coste      44       44
( 128, 467)   coste      38       38
( 128, 468)   coste      47       47
( 130, 285)   coste      54       54
( 130, 415)   coste      64       64
( 130, 569)   coste      78       78
( 131, 608)   coste      21       21
( 131, 610)   coste      21       21
( 132, 133)   coste      37       37
( 133, 610)   coste      34       34
( 134, 401)   coste      58       58
( 135, 139)   coste      32       32
( 136, 139)   coste      25       25
( 137, 241)   coste      18       18
( 137, 638)   coste      22       22
( 138, 140)   coste      21       21
( 139, 241)   coste       9        9
( 140, 241)   coste       3        3
( 141, 438)   coste      23       23
( 142, 143)   coste      24       24
( 142, 244)   coste      27       27
( 144, 658)   coste      39       39
( 145, 187)   coste      58       58
( 145, 581)   coste      61       61
( 146, 192)   coste      25       25
( 146, 255)   coste      20       20
( 148, 149)   coste      25       25
( 148, 250)   coste      37       37
( 149, 382)   coste      24       24
( 150, 382)   coste      15       15
( 152, 232)   coste      30       30
( 152, 233)   coste      24       24
( 154, 221)   coste      16       16
( 154, 222)   coste      24       24
( 154, 236)   coste      53       53
( 157, 642)   coste      27       27
( 158, 309)   coste      86       86
( 158, 407)   coste      64       64
( 159, 330)   coste      34       34
( 159, 331)   coste      13       13
( 160, 161)   coste      17       17
( 160, 580)   coste      14       14
( 162, 502)   coste      45       45
( 163, 502)   coste       6        6
( 164, 243)   coste      91       91
( 164, 595)   coste      61       61
( 164, 624)   coste      69       69
( 165, 651)   coste      38       38
( 166, 168)   coste      61       61
( 166, 234)   coste      28       28
( 167, 651)   coste      13       13
( 169, 631)   coste      13       13
( 170, 420)   coste      46       46
( 171, 359)   coste      14       14
( 171, 420)   coste      26       26
( 172, 273)   coste      30       30
( 172, 317)   coste      18       18
( 173, 514)   coste      53       53
( 174, 514)   coste      42       42
( 176, 354)   coste      35       35
( 176, 596)   coste      97       97
( 177, 200)   coste      14       14
( 177, 354)   coste      47       47
( 179, 250)   coste      53       53
( 179, 476)   coste      31       31
( 180, 476)   coste      26       26
( 181, 378)   coste      21       21
( 181, 640)   coste      22       22
( 182, 379)   coste      31       31
( 183, 256)   coste      33       33
( 184, 320)   coste      58       58
( 184, 333)   coste      26       26
( 186, 581)   coste      15       15
( 190, 219)   coste      43       43
( 192, 193)   coste      22       22
( 193, 545)   coste      22       22
( 196, 441)   coste      15       15
( 196, 442)   coste       9        9
( 198, 199)   coste      16       16
( 199, 513)   coste      37       37
( 199, 514)   coste      28       28
( 201, 203)   coste      19       19
( 201, 620)   coste      28       28
( 202, 203)   coste      13       13
( 204, 623)   coste      23       23
( 205, 328)   coste      28       28
( 206, 207)   coste      37       37
( 206, 208)   coste      19       19
( 206, 581)   coste      61       61
( 207, 329)   coste      60       60
( 209, 367)   coste      37       37
( 209, 544)   coste      35       35
( 210, 211)   coste      12       12
( 213, 215)   coste       6        6
( 214, 215)   coste      13       13
( 216, 580)   coste      11       11
( 217, 580)   coste       7        7
( 218, 386)   coste      51       51
( 223, 409)   coste      42       42
( 224, 536)   coste      29       29
( 224, 550)   coste      35       35
( 225, 536)   coste      26       26
( 225, 538)   coste      33       33
( 226, 300)   coste      95       95
( 226, 360)   coste      35       35
( 227, 300)   coste      71       71
( 228, 336)   coste      21       21
( 228, 337)   coste      22       22
( 229, 336)   coste      43       43
( 230, 455)   coste      53       53
( 232, 453)   coste      14       14
( 233, 453)   coste      39       39
( 234, 270)   coste      12       12
( 235, 270)   coste      30       30
( 235, 279)   coste      30       30
( 237, 406)   coste      37       37
( 238, 628)   coste      29       29
( 239, 655)   coste      34       34
( 243, 245)   coste      29       29
( 243, 557)   coste      46       46
( 243, 591)   coste      37       37
( 243, 595)   coste      31       31
( 243, 624)   coste      30       30
( 246, 334)   coste      28       28
( 246, 627)   coste      72       72
( 247, 448)   coste      32       32
( 248, 280)   coste      29       29
( 248, 552)   coste      28       28
( 250, 427)   coste      33       33
( 251, 427)   coste      35       35
( 253, 281)   coste      32       32
( 253, 282)   coste      41       41
( 259, 537)   coste      20       20
( 260, 271)   coste      86       86
( 260, 348)   coste      84       84
( 260, 530)   coste      79       79
( 261, 377)   coste      21       21
( 262, 346)   coste      14       14
( 262, 347)   coste      29       29
( 263, 456)   coste      16       16
( 263, 457)   coste      19       19
( 263, 578)   coste      34       34
( 264, 365)   coste     133      133
( 264, 457)   coste      19       19
( 264, 498)   coste      86       86
( 264, 606)   coste     144      144
( 266, 369)   coste     101      101
( 268, 269)   coste      30       30
( 270, 607)   coste      41       41
( 271, 348)   coste      80       80
( 271, 419)   coste      61       61
( 271, 530)   coste      75       75
( 272, 419)   coste      51       51
( 273, 554)   coste      43       43
( 273, 585)   coste      40       40
( 273, 586)   coste      43       43
( 275, 472)   coste      25       25
( 276, 472)   coste      12       12
( 278, 630)   coste      40       40
( 280, 369)   coste      68       68
( 286, 650)   coste      41       41
( 288, 523)   coste      38       38
( 292, 380)   coste      38       38
( 293, 312)   coste      42       42
( 293, 549)   coste      18       18
( 295, 588)   coste      43       43
( 296, 618)   coste      48       48
( 298, 460)   coste      29       29
( 299, 482)   coste     147      147
( 299, 483)   coste     108      108
( 300, 460)   coste      35       35
( 301, 594)   coste      28       28
( 301, 644)   coste       8        8
( 302, 644)   coste       8        8
( 303, 611)   coste      11       11
( 304, 611)   coste      56       56
( 306, 436)   coste      40       40
( 306, 528)   coste      18       18
( 306, 529)   coste      31       31
( 307, 508)   coste      62       62
( 308, 420)   coste      42       42
( 308, 479)   coste      25       25
( 309, 407)   coste      36       36
( 310, 313)   coste      53       53
( 311, 313)   coste      35       35
( 311, 314)   coste      31       31
( 313, 542)   coste      27       27
( 314, 540)   coste      31       31
( 315, 542)   coste       4        4
( 317, 554)   coste      40       40
( 320, 333)   coste      81       81
( 320, 417)   coste      23       23
( 320, 513)   coste      88       88
( 320, 574)   coste      83       83
( 320, 641)   coste      43       43
( 321, 417)   coste      30       30
( 321, 529)   coste      48       48
( 322, 332)   coste      31       31
( 323, 490)   coste      16       16
( 324, 332)   coste       9        9
( 325, 422)   coste      37       37
( 327, 379)   coste      33       33
( 330, 612)   coste      22       22
( 333, 635)   coste      14       14
( 335, 500)   coste      57       57
( 337, 450)   coste      27       27
( 338, 484)   coste      22       22
( 338, 488)   coste      41       41
( 339, 527)   coste       5        5
( 342, 496)   coste      35       35
( 342, 584)   coste      42       42
( 343, 496)   coste      38       38
( 343, 584)   coste      38       38
( 344, 603)   coste      19       19
( 344, 605)   coste      42       42
( 344, 652)   coste     100      100
( 345, 605)   coste      16       16
( 345, 652)   coste     116      116
( 348, 349)   coste      24       24
( 348, 364)   coste       9        9
( 350, 593)   coste      25       25
( 350, 646)   coste      11       11
( 350, 647)   coste      43       43
( 351, 594)   coste      31       31
( 352, 646)   coste      10       10
( 352, 647)   coste      41       41
( 353, 553)   coste      25       25
( 356, 428)   coste      21       21
( 357, 505)   coste      27       27
( 359, 478)   coste      19       19
( 362, 363)   coste      17       17
( 363, 364)   coste      24       24
( 363, 530)   coste      29       29
( 365, 498)   coste      67       67
( 365, 582)   coste      15       15
( 365, 606)   coste      16       16
( 366, 499)   coste      26       26
( 367, 544)   coste       4        4
( 368, 473)   coste      73       73
( 368, 515)   coste      36       36
( 368, 632)   coste      81       81
( 369, 547)   coste       1        1
( 370, 547)   coste      22       22
( 370, 590)   coste      26       26
( 371, 481)   coste      40       40
( 372, 373)   coste      34       34
( 372, 587)   coste      11       11
( 372, 589)   coste      20       20
( 373, 587)   coste      40       40
( 380, 507)   coste      25       25
( 381, 506)   coste      41       41
( 381, 507)   coste       8        8
( 383, 411)   coste      53       53
( 383, 541)   coste      52       52
( 383, 600)   coste      59       59
( 384, 425)   coste      63       63
( 384, 526)   coste     111      111
( 385, 425)   coste      63       63
( 385, 526)   coste     101      101
( 385, 614)   coste      24       24
( 387, 524)   coste      24       24
( 387, 525)   coste      22       22
( 392, 510)   coste      29       29
( 397, 431)   coste      48       48
( 397, 572)   coste      36       36
( 399, 625)   coste      53       53
( 399, 626)   coste      23       23
( 400, 625)   coste      57       57
( 401, 660)   coste      78       78
( 402, 660)   coste      84       84
( 405, 490)   coste      42       42
( 408, 627)   coste      28       28
( 411, 541)   coste      65       65
( 411, 555)   coste      30       30
( 411, 600)   coste      72       72
( 412, 570)   coste      12       12
( 412, 615)   coste      25       25
( 416, 621)   coste      36       36
( 416, 629)   coste      37       37
( 416, 641)   coste      22       22
( 417, 641)   coste      21       21
( 418, 629)   coste      18       18
( 419, 478)   coste      19       19
( 421, 479)   coste      30       30
( 423, 446)   coste      58       58
( 424, 602)   coste      19       19
( 425, 526)   coste      51       51
( 426, 444)   coste      94       94
( 426, 445)   coste      74       74
( 429, 639)   coste      32       32
( 430, 431)   coste      40       40
( 430, 432)   coste      16       16
( 430, 573)   coste      54       54
( 430, 636)   coste      22       22
( 431, 432)   coste      43       43
( 433, 634)   coste      28       28
( 433, 635)   coste      25       25
( 434, 436)   coste      17       17
( 435, 436)   coste      25       25
( 436, 528)   coste      36       36
( 437, 639)   coste      37       37
( 439, 506)   coste      35       35
( 440, 506)   coste      37       37
( 444, 445)   coste      23       23
( 444, 652)   coste      50       50
( 446, 451)   coste      70       70
( 446, 452)   coste      96       96
( 447, 504)   coste      39       39
( 451, 452)   coste      29       29
( 453, 617)   coste      55       55
( 453, 630)   coste      49       49
( 456, 477)   coste      35       35
( 456, 578)   coste      29       29
( 459, 482)   coste     141      141
( 459, 483)   coste     102      102
( 460, 462)   coste      11       11
( 461, 462)   coste      24       24
( 461, 543)   coste      34       34
( 465, 487)   coste      58       58
( 466, 616)   coste      38       38
( 469, 659)   coste      22       22
( 470, 578)   coste      44       44
( 470, 659)   coste      27       27
( 473, 515)   coste      80       80
( 473, 632)   coste      96       96
( 473, 658)   coste       2        2
( 475, 500)   coste      26       26
( 475, 562)   coste      37       37
( 477, 578)   coste      44       44
( 477, 579)   coste      41       41
( 482, 539)   coste      43       43
( 489, 613)   coste     125      125
( 495, 553)   coste      29       29
( 498, 606)   coste      78       78
( 501, 580)   coste      15       15
( 503, 599)   coste      32       32
( 504, 505)   coste      24       24
( 508, 601)   coste       9        9
( 513, 514)   coste      12       12
( 515, 592)   coste      19       19
( 515, 632)   coste      88       88
( 516, 592)   coste      33       33
( 517, 531)   coste      15       15
( 519, 532)   coste      16       16
( 520, 598)   coste      41       41
( 521, 598)   coste      34       34
( 523, 551)   coste      17       17
( 525, 551)   coste      24       24
( 529, 629)   coste      51       51
( 533, 561)   coste       9        9
( 534, 561)   coste      18       18
( 535, 550)   coste      44       44
( 536, 538)   coste      11       11
( 537, 538)   coste      32       32
( 540, 582)   coste      85       85
( 541, 600)   coste      25       25
( 542, 582)   coste      93       93
( 556, 583)   coste      19       19
( 557, 595)   coste      19       19
( 558, 591)   coste      44       44
( 559, 632)   coste      13       13
( 560, 632)   coste      13       13
( 563, 656)   coste      32       32
( 566, 643)   coste      24       24
( 567, 568)   coste      25       25
( 567, 643)   coste       2        2
( 572, 642)   coste      35       35
( 582, 606)   coste      15       15
( 585, 616)   coste      32       32
( 593, 646)   coste      29       29
( 597, 604)   coste      58       58
( 603, 652)   coste     114      114
( 604, 619)   coste      43       43
( 609, 610)   coste      36       36
( 612, 653)   coste      32       32
( 618, 657)   coste      31       31
( 625, 626)   coste      67       67
( 648, 660)   coste      30       30
