NOMBRE : UR737
COMENTARIO :  16  componentes 
VERTICES :  744
ARISTAS_REQ :  979
ARISTAS_NOREQ :  336
LISTA_ARISTAS_REQ :
(   1,   2)   coste      34       34
(   3,   4)   coste      53       53
(   3,   5)   coste      18       18
(   3,   6)   coste      43       43
(   3,   7)   coste      70       70
(   8,   9)   coste      29       29
(   8,  10)   coste      31       31
(   8,  11)   coste      19       19
(  12,  13)   coste      30       30
(  14,  15)   coste      45       45
(  14,  16)   coste      32       32
(  17,  18)   coste      42       42
(  17,  19)   coste      29       29
(  17,  20)   coste      35       35
(  21,  22)   coste      27       27
(  23,  24)   coste      36       36
(  23,  25)   coste      39       39
(  22,  26)   coste       2        2
(  27,  28)   coste      30       30
(  27,  29)   coste      18       18
(  27,  30)   coste      42       42
(  31,  32)   coste      23       23
(  31,  33)   coste       9        9
(  31,  34)   coste      24       24
(  31,  35)   coste      26       26
(  36,  37)   coste      50       50
(  36,  38)   coste      23       23
(  39,  40)   coste      37       37
(  39,  41)   coste      32       32
(  39,  42)   coste      33       33
(  39,  43)   coste      21       21
(  39,  44)   coste      46       46
(  45,  46)   coste      49       49
(  45,  47)   coste      50       50
(  45,  48)   coste      47       47
(  49,  50)   coste      16       16
(  51,  52)   coste      26       26
(  16,  53)   coste      38       38
(  53,  54)   coste      58       58
(  55,  56)   coste      11       11
(  55,  57)   coste      23       23
(  58,  59)   coste      39       39
(  58,  60)   coste      23       23
(  61,  62)   coste      46       46
(  61,  63)   coste      30       30
(  64,  65)   coste      12       12
(  64,  66)   coste      31       31
(  67,  68)   coste      30       30
(  67,  69)   coste      32       32
(  67,  70)   coste       7        7
(  71,  72)   coste      39       39
(  71,  73)   coste       2        2
(  74,  75)   coste       4        4
(  76,  77)   coste      23       23
(  76,  78)   coste      30       30
(  77,  78)   coste      20       20
(  77,  79)   coste      31       31
(  77,  80)   coste      35       35
(  81,  82)   coste      12       12
(  81,  83)   coste      14       14
(  15,  84)   coste      39       39
(  15,  85)   coste      17       17
(  86,  87)   coste      31       31
(  86,  88)   coste      30       30
(  89,  90)   coste      29       29
(  89,  91)   coste      23       23
(  92,  93)   coste      32       32
(  92,  94)   coste      22       22
(  92,  95)   coste      24       24
(  96,  97)   coste      50       50
(  96,  98)   coste      45       45
(  40,  99)   coste      39       39
(  40,  44)   coste      18       18
(  43, 100)   coste      25       25
( 100, 101)   coste       9        9
( 102, 103)   coste      36       36
( 102, 104)   coste      24       24
( 102, 105)   coste      28       28
( 102, 106)   coste      64       64
( 107, 108)   coste      16       16
( 107, 109)   coste      45       45
( 107, 110)   coste      37       37
( 111, 112)   coste      52       52
( 113, 114)   coste      20       20
(  52, 113)   coste      37       37
( 113, 115)   coste      26       26
( 113, 116)   coste      33       33
( 117, 118)   coste      44       44
( 117, 119)   coste      26       26
( 120, 121)   coste      25       25
( 120, 122)   coste      40       40
(  97, 123)   coste      17       17
( 123, 124)   coste      47       47
( 125, 126)   coste      36       36
( 125, 127)   coste      35       35
( 125, 128)   coste      16       16
( 129, 130)   coste      42       42
( 129, 131)   coste      36       36
( 112, 129)   coste      42       42
( 132, 133)   coste      10       10
( 132, 134)   coste      17       17
( 135, 136)   coste      28       28
( 135, 137)   coste      10       10
( 135, 138)   coste      19       19
(   4,   5)   coste      55       55
(   4, 139)   coste      25       25
( 130, 131)   coste      18       18
( 130, 140)   coste      33       33
( 141, 142)   coste      22       22
( 141, 143)   coste      15       15
( 141, 144)   coste      31       31
(  46, 145)   coste      47       47
(  41, 146)   coste       3        3
( 146, 147)   coste      17       17
(  43, 146)   coste      18       18
( 114, 148)   coste      61       61
( 114, 116)   coste      42       42
( 149, 150)   coste      26       26
( 149, 151)   coste      43       43
( 149, 152)   coste      28       28
( 153, 154)   coste      47       47
(  80, 153)   coste      54       54
( 153, 155)   coste      28       28
( 156, 157)   coste      45       45
( 156, 158)   coste      43       43
( 159, 160)   coste      28       28
( 159, 161)   coste      33       33
( 159, 162)   coste      27       27
( 163, 164)   coste      14       14
( 163, 165)   coste      61       61
( 163, 166)   coste      44       44
( 167, 168)   coste      39       39
( 167, 169)   coste      33       33
(  65, 170)   coste      50       50
( 171, 172)   coste      43       43
( 171, 173)   coste      50       50
( 171, 174)   coste      45       45
(  44, 171)   coste      12       12
( 171, 175)   coste      39       39
( 176, 177)   coste      13       13
( 176, 178)   coste      35       35
( 176, 179)   coste      27       27
( 180, 181)   coste      37       37
( 118, 182)   coste      31       31
( 118, 183)   coste      25       25
( 140, 184)   coste      38       38
( 185, 186)   coste      39       39
( 187, 188)   coste      30       30
( 187, 189)   coste      25       25
( 187, 190)   coste      26       26
( 191, 192)   coste      33       33
( 193, 194)   coste      15       15
( 193, 195)   coste      33       33
( 196, 197)   coste      13       13
( 196, 198)   coste      22       22
( 196, 199)   coste      34       34
( 200, 201)   coste      37       37
( 200, 202)   coste      17       17
(   5,   6)   coste      58       58
(   5,   7)   coste      58       58
( 203, 204)   coste      23       23
( 203, 205)   coste      17       17
( 203, 206)   coste      22       22
(  37, 207)   coste      38       38
(  37,  38)   coste      31       31
( 199, 208)   coste      22       22
( 208, 209)   coste      19       19
( 210, 211)   coste      49       49
(  25, 210)   coste      41       41
( 212, 213)   coste      18       18
( 212, 214)   coste      20       20
( 212, 215)   coste      37       37
( 216, 217)   coste      24       24
( 216, 218)   coste      27       27
( 216, 219)   coste      11       11
( 216, 220)   coste      28       28
(  73, 221)   coste      16       16
( 222, 223)   coste      16       16
( 222, 224)   coste      19       19
( 222, 225)   coste       6        6
(  32, 226)   coste      23       23
(  84,  85)   coste      35       35
(  84, 227)   coste      36       36
( 228, 229)   coste       7        7
( 230, 231)   coste      46       46
( 230, 232)   coste      42       42
( 230, 233)   coste      45       45
( 234, 235)   coste      16       16
( 234, 236)   coste      11       11
( 237, 238)   coste      44       44
( 237, 239)   coste      24       24
( 240, 241)   coste      31       31
( 240, 242)   coste      50       50
(  78, 243)   coste      33       33
( 188, 244)   coste      39       39
( 188, 245)   coste      39       39
( 246, 247)   coste      40       40
( 246, 248)   coste      12       12
( 246, 249)   coste      18       18
( 121, 122)   coste      24       24
( 250, 251)   coste       9        9
( 250, 252)   coste      16       16
( 250, 253)   coste      27       27
( 254, 255)   coste      18       18
( 249, 254)   coste      23       23
( 254, 256)   coste      20       20
( 254, 257)   coste      33       33
( 258, 259)   coste      17       17
( 258, 260)   coste      46       46
( 258, 261)   coste      31       31
( 258, 262)   coste      29       29
(  90, 263)   coste      35       35
( 263, 264)   coste      40       40
( 263, 265)   coste      26       26
( 108, 266)   coste      48       48
( 267, 268)   coste      25       25
( 267, 269)   coste      37       37
( 267, 270)   coste      31       31
( 271, 272)   coste      28       28
(   9, 273)   coste      35       35
(   9,  11)   coste      37       37
( 274, 275)   coste      45       45
( 274, 276)   coste      42       42
( 274, 277)   coste      25       25
( 223, 278)   coste      32       32
( 110, 278)   coste      31       31
( 278, 279)   coste      35       35
( 278, 280)   coste      24       24
(  59, 281)   coste      35       35
( 281, 282)   coste      47       47
( 283, 284)   coste      52       52
( 283, 285)   coste      43       43
( 283, 286)   coste      49       49
( 179, 287)   coste      20       20
( 287, 288)   coste      31       31
( 289, 290)   coste       9        9
( 289, 291)   coste      23       23
(  97, 292)   coste      28       28
( 293, 294)   coste      33       33
( 293, 295)   coste      39       39
(  88, 293)   coste      14       14
(  85, 296)   coste      40       40
(  54,  85)   coste      40       40
( 150, 297)   coste      27       27
( 150, 152)   coste      32       32
( 298, 299)   coste      32       32
( 298, 300)   coste      33       33
( 298, 301)   coste       9        9
( 302, 303)   coste      38       38
( 302, 304)   coste      17       17
( 302, 305)   coste      35       35
( 306, 307)   coste      41       41
( 306, 308)   coste      17       17
( 288, 306)   coste      40       40
( 133, 309)   coste       8        8
( 309, 310)   coste      13       13
( 309, 311)   coste      32       32
( 312, 313)   coste      19       19
( 312, 314)   coste      17       17
( 312, 315)   coste      41       41
( 204, 316)   coste      21       21
( 206, 316)   coste      23       23
( 317, 318)   coste      34       34
( 317, 319)   coste      30       30
( 317, 320)   coste      10       10
( 197, 321)   coste      32       32
( 197, 322)   coste      32       32
( 197, 323)   coste      21       21
( 324, 325)   coste      17       17
( 324, 326)   coste      47       47
( 327, 328)   coste       2        2
( 327, 329)   coste      17       17
(  79, 243)   coste      23       23
( 238, 239)   coste      50       50
( 238, 330)   coste      18       18
( 331, 332)   coste      29       29
( 331, 333)   coste      34       34
( 331, 334)   coste      28       28
( 335, 336)   coste      40       40
( 335, 337)   coste      34       34
( 223, 266)   coste      33       33
( 223, 225)   coste      19       19
( 223, 280)   coste      42       42
( 109, 266)   coste      18       18
( 338, 339)   coste      46       46
( 338, 340)   coste      16       16
( 341, 342)   coste       7        7
( 341, 343)   coste      44       44
( 341, 344)   coste      43       43
( 345, 346)   coste      22       22
( 345, 347)   coste      16       16
( 345, 348)   coste      19       19
( 349, 350)   coste      17       17
( 349, 351)   coste      17       17
( 352, 353)   coste      20       20
( 151, 352)   coste      16       16
( 354, 355)   coste      36       36
( 354, 356)   coste      34       34
( 354, 357)   coste      17       17
( 318, 320)   coste      28       28
( 318, 358)   coste      28       28
(  68, 242)   coste      29       29
(  68,  70)   coste      36       36
( 359, 360)   coste      18       18
( 359, 361)   coste      42       42
( 362, 363)   coste      28       28
( 362, 364)   coste      46       46
( 362, 365)   coste      26       26
( 366, 367)   coste      14       14
( 366, 368)   coste       1        1
( 319, 320)   coste      37       37
( 369, 370)   coste      12       12
( 369, 371)   coste      21       21
(  80, 154)   coste      26       26
( 154, 372)   coste      14       14
( 373, 374)   coste      17       17
( 373, 375)   coste      40       40
( 166, 373)   coste      38       38
( 376, 377)   coste      19       19
( 376, 378)   coste      28       28
( 376, 379)   coste      20       20
( 376, 380)   coste      19       19
( 376, 381)   coste      28       28
( 133, 310)   coste      14       14
( 133, 311)   coste      37       37
( 382, 383)   coste      33       33
( 382, 384)   coste      40       40
( 332, 385)   coste       8        8
( 332, 333)   coste      38       38
( 386, 387)   coste      39       39
( 386, 388)   coste      25       25
( 386, 389)   coste      27       27
(  33,  34)   coste      16       16
(  33,  35)   coste      20       20
( 241, 390)   coste      38       38
( 241, 391)   coste      39       39
(  90, 392)   coste      43       43
(  90, 233)   coste      56       56
(  90, 265)   coste      10       10
(  69,  70)   coste      31       31
( 393, 394)   coste      13       13
( 138, 393)   coste      45       45
( 395, 396)   coste      36       36
( 395, 397)   coste      41       41
( 398, 399)   coste      13       13
( 398, 400)   coste      37       37
( 398, 401)   coste      25       25
( 402, 403)   coste      34       34
( 126, 402)   coste      44       44
( 402, 404)   coste      57       57
( 251, 252)   coste      22       22
( 251, 405)   coste      43       43
( 251, 253)   coste      21       21
( 406, 407)   coste      32       32
( 406, 408)   coste      38       38
( 116, 406)   coste      32       32
( 406, 409)   coste      14       14
( 410, 411)   coste      23       23
( 410, 412)   coste       9        9
( 410, 413)   coste      10       10
( 414, 415)   coste      35       35
( 414, 416)   coste      20       20
( 305, 417)   coste      50       50
( 172, 418)   coste      43       43
( 172, 175)   coste      49       49
( 172, 419)   coste      25       25
( 420, 421)   coste      35       35
( 297, 420)   coste      33       33
( 420, 422)   coste      14       14
( 353, 423)   coste      27       27
( 353, 424)   coste       9        9
( 425, 426)   coste      25       25
( 224, 425)   coste      10       10
( 427, 428)   coste      35       35
( 326, 429)   coste      49       49
( 264, 429)   coste      56       56
( 392, 429)   coste      38       38
( 430, 431)   coste      38       38
( 127, 430)   coste      36       36
( 292, 430)   coste      33       33
( 430, 432)   coste      20       20
( 433, 434)   coste      25       25
(  10, 435)   coste       4        4
(  10, 436)   coste      21       21
(  10, 437)   coste      31       31
(  46,  48)   coste       5        5
(  46, 438)   coste      42       42
( 336, 439)   coste      43       43
( 336, 440)   coste      16       16
( 139, 438)   coste      64       64
( 441, 442)   coste      33       33
( 441, 443)   coste      45       45
(  42, 444)   coste      39       39
(  43, 444)   coste      20       20
( 423, 445)   coste      26       26
( 445, 446)   coste       8        8
( 423, 424)   coste      34       34
( 295, 447)   coste      23       23
( 448, 449)   coste      38       38
(  54, 448)   coste      55       55
( 103, 104)   coste      19       19
( 103, 450)   coste      35       35
( 325, 326)   coste      48       48
( 325, 451)   coste      34       34
( 325, 358)   coste      30       30
( 452, 453)   coste      21       21
( 452, 454)   coste      54       54
( 104, 105)   coste      23       23
( 104, 450)   coste      45       45
( 337, 455)   coste      29       29
( 337, 456)   coste      34       34
( 457, 458)   coste      33       33
( 457, 459)   coste      32       32
( 457, 460)   coste      34       34
( 168, 461)   coste      30       30
( 294, 462)   coste      13       13
( 294, 463)   coste      18       18
( 294, 464)   coste      33       33
( 261, 290)   coste      41       41
( 465, 466)   coste      16       16
( 465, 467)   coste      22       22
(  83, 346)   coste      16       16
( 160, 346)   coste      34       34
( 346, 348)   coste       5        5
( 468, 469)   coste      35       35
( 468, 470)   coste      36       36
( 247, 468)   coste      29       29
( 468, 471)   coste      24       24
( 472, 473)   coste      46       46
( 472, 474)   coste      12       12
( 244, 475)   coste      37       37
( 475, 476)   coste      34       34
( 245, 475)   coste      21       21
( 477, 478)   coste      47       47
( 477, 479)   coste      36       36
(  70, 477)   coste      44       44
( 217, 480)   coste      27       27
( 480, 481)   coste      26       26
( 480, 482)   coste      14       14
( 119, 483)   coste      41       41
( 227, 364)   coste      61       61
( 227, 365)   coste      34       34
( 473, 474)   coste      43       43
( 473, 484)   coste      36       36
( 275, 485)   coste      37       37
( 275, 486)   coste      25       25
( 275, 487)   coste      17       17
( 488, 489)   coste      27       27
( 488, 490)   coste      49       49
( 413, 488)   coste      25       25
(  98, 396)   coste      24       24
(  98, 124)   coste      37       37
(  98, 440)   coste      29       29
( 435, 436)   coste      19       19
( 435, 437)   coste      29       29
(  28, 491)   coste      21       21
(  28, 492)   coste      37       37
(  52, 115)   coste      21       21
( 377, 378)   coste      27       27
( 377, 493)   coste      42       42
( 377, 380)   coste      13       13
( 189, 449)   coste      46       46
( 190, 449)   coste      39       39
( 403, 494)   coste      47       47
( 403, 495)   coste      39       39
( 496, 497)   coste      28       28
( 496, 498)   coste       8        8
( 496, 499)   coste       9        9
( 500, 501)   coste      34       34
( 500, 502)   coste      29       29
( 500, 503)   coste      27       27
( 178, 504)   coste      41       41
( 504, 505)   coste      40       40
( 247, 469)   coste       9        9
( 469, 471)   coste      19       19
(  99, 506)   coste      14       14
( 506, 507)   coste      40       40
( 217, 482)   coste      14       14
( 124, 431)   coste      36       36
( 431, 508)   coste      34       34
( 205, 272)   coste      25       25
( 295, 509)   coste      42       42
( 301, 509)   coste      40       40
( 321, 322)   coste      19       19
( 268, 321)   coste      25       25
( 269, 321)   coste      32       32
( 321, 323)   coste      17       17
( 510, 511)   coste      25       25
( 510, 512)   coste      22       22
(  99, 147)   coste      32       32
( 513, 514)   coste       6        6
( 470, 515)   coste      35       35
( 303, 516)   coste      25       25
( 303, 517)   coste      29       29
( 148, 518)   coste      19       19
( 485, 519)   coste      23       23
( 485, 486)   coste      13       13
( 485, 520)   coste      29       29
( 177, 521)   coste      28       28
( 177, 178)   coste      32       32
( 307, 308)   coste      30       30
( 415, 522)   coste      36       36
( 161, 522)   coste      42       42
( 416, 522)   coste      25       25
( 387, 388)   coste      19       19
( 387, 523)   coste      15       15
( 351, 387)   coste      23       23
( 511, 524)   coste      57       57
( 511, 512)   coste      19       19
( 511, 525)   coste      33       33
( 209, 284)   coste      40       40
( 526, 527)   coste      34       34
( 526, 528)   coste      39       39
( 526, 529)   coste      45       45
( 426, 530)   coste      23       23
( 426, 531)   coste      25       25
( 304, 532)   coste      50       50
( 247, 471)   coste      19       19
( 407, 514)   coste       3        3
( 434, 533)   coste      15       15
( 434, 534)   coste      24       24
(  95, 355)   coste      38       38
( 524, 535)   coste      52       52
( 536, 537)   coste      30       30
( 536, 538)   coste      27       27
( 378, 539)   coste      28       28
( 378, 380)   coste      38       38
( 415, 540)   coste      23       23
( 415, 416)   coste      26       26
( 541, 542)   coste      11       11
(   6, 339)   coste      34       34
( 339, 543)   coste      44       44
( 339, 544)   coste      27       27
( 474, 545)   coste      47       47
( 474, 546)   coste      40       40
( 194, 195)   coste      40       40
( 194, 547)   coste      38       38
( 520, 548)   coste      30       30
( 548, 549)   coste       9        9
( 550, 551)   coste      13       13
( 550, 552)   coste      19       19
( 550, 553)   coste      30       30
( 304, 305)   coste      36       36
( 201, 554)   coste       4        4
( 201, 555)   coste      33       33
( 383, 556)   coste      37       37
( 556, 557)   coste      47       47
( 484, 527)   coste      24       24
( 484, 529)   coste      27       27
( 558, 559)   coste      35       35
( 538, 558)   coste      29       29
( 558, 560)   coste      14       14
( 561, 562)   coste      41       41
( 561, 563)   coste       9        9
( 219, 564)   coste      39       39
( 565, 566)   coste      32       32
( 235, 567)   coste      36       36
( 567, 568)   coste      27       27
( 569, 570)   coste      22       22
( 310, 571)   coste       8        8
( 134, 310)   coste      15       15
( 262, 572)   coste      16       16
( 537, 538)   coste      12       12
( 535, 537)   coste      39       39
( 411, 412)   coste      18       18
( 411, 490)   coste      28       28
( 573, 574)   coste      41       41
( 573, 575)   coste      13       13
( 573, 576)   coste      57       57
(  13, 577)   coste      50       50
( 519, 520)   coste      20       20
( 519, 578)   coste      33       33
( 394, 579)   coste      55       55
( 453, 580)   coste      53       53
( 453, 581)   coste      32       32
( 453, 582)   coste      17       17
( 551, 583)   coste      46       46
( 551, 552)   coste      28       28
( 399, 584)   coste      12       12
( 399, 585)   coste      25       25
( 142, 586)   coste      33       33
( 297, 421)   coste      10       10
( 421, 424)   coste      31       31
( 126, 128)   coste      29       29
( 574, 575)   coste      29       29
( 587, 588)   coste      13       13
( 587, 589)   coste      23       23
( 587, 590)   coste      36       36
( 587, 591)   coste      20       20
( 592, 593)   coste      36       36
( 479, 592)   coste      35       35
( 592, 594)   coste      11       11
( 545, 546)   coste      12       12
( 545, 595)   coste      12       12
(  41, 147)   coste      19       19
(  41,  43)   coste      16       16
( 596, 597)   coste      37       37
( 596, 598)   coste      42       42
( 181, 599)   coste      47       47
( 455, 599)   coste      21       21
( 183, 481)   coste      17       17
( 481, 482)   coste      38       38
( 229, 600)   coste      21       21
( 134, 229)   coste      27       27
( 122, 568)   coste      28       28
( 601, 602)   coste      31       31
( 601, 603)   coste      43       43
( 179, 521)   coste      13       13
( 521, 604)   coste      29       29
( 198, 323)   coste      33       33
( 538, 605)   coste      35       35
( 535, 605)   coste      18       18
( 179, 606)   coste      32       32
( 604, 606)   coste      21       21
( 607, 608)   coste      45       45
( 607, 609)   coste      12       12
(  82, 610)   coste      19       19
(  91, 611)   coste      38       38
(  91, 265)   coste      37       37
( 516, 517)   coste       5        5
( 546, 595)   coste       6        6
( 182, 483)   coste      27       27
( 182, 183)   coste      34       34
( 182, 612)   coste      33       33
( 613, 614)   coste      24       24
( 613, 615)   coste       4        4
( 461, 604)   coste      27       27
( 616, 617)   coste      60       60
( 419, 616)   coste       8        8
( 439, 618)   coste      30       30
( 583, 619)   coste      46       46
( 583, 620)   coste      42       42
( 297, 422)   coste      32       32
( 621, 622)   coste      41       41
( 170, 621)   coste      20       20
( 186, 459)   coste      46       46
( 326, 451)   coste      18       18
(  62, 623)   coste      18       18
(  63, 623)   coste      57       57
( 624, 625)   coste      39       39
(  95, 624)   coste      45       45
( 533, 626)   coste      21       21
( 273, 626)   coste      12       12
( 370, 627)   coste      25       25
( 512, 517)   coste      22       22
( 243, 530)   coste      33       33
( 372, 628)   coste      12       12
( 151, 152)   coste      19       19
( 244, 629)   coste      22       22
( 244, 454)   coste      44       44
( 630, 631)   coste       6        6
( 630, 632)   coste      45       45
( 630, 633)   coste      50       50
( 630, 634)   coste      37       37
( 635, 636)   coste      31       31
( 635, 637)   coste      16       16
(  43, 147)   coste      21       21
( 388, 523)   coste      23       23
( 388, 389)   coste      17       17
( 105, 236)   coste      55       55
( 356, 357)   coste      38       38
( 356, 627)   coste      32       32
(  73, 638)   coste      32       32
( 638, 639)   coste      33       33
( 252, 286)   coste      38       38
( 178, 619)   coste      40       40
( 178, 505)   coste      25       25
(  19, 640)   coste      24       24
(  19, 641)   coste      44       44
( 207, 559)   coste      26       26
( 375, 559)   coste      25       25
( 554, 642)   coste      48       48
( 642, 643)   coste      46       46
(  56, 205)   coste      15       15
( 351, 523)   coste      15       15
( 259, 262)   coste      33       33
( 285, 334)   coste      52       52
( 285, 557)   coste      49       49
( 115, 644)   coste      35       35
(  11, 644)   coste      28       28
( 645, 646)   coste      40       40
( 582, 645)   coste      46       46
( 161, 647)   coste      14       14
( 162, 647)   coste      15       15
( 458, 648)   coste      11       11
( 562, 649)   coste      25       25
( 233, 650)   coste      20       20
(  62, 651)   coste      21       21
( 214, 652)   coste      28       28
( 622, 652)   coste      17       17
( 652, 653)   coste      40       40
( 400, 654)   coste      30       30
( 462, 654)   coste      55       55
( 653, 655)   coste      15       15
( 215, 655)   coste      14       14
( 142, 211)   coste      37       37
( 570, 656)   coste      33       33
(  50, 656)   coste      13       13
( 142, 143)   coste      33       33
( 231, 657)   coste      42       42
( 231, 367)   coste      31       31
( 231, 649)   coste      11       11
( 231, 368)   coste      34       34
( 495, 658)   coste      42       42
( 333, 385)   coste      37       37
( 136, 659)   coste      31       31
( 138, 659)   coste      13       13
( 328, 455)   coste      17       17
( 660, 661)   coste      38       38
(  38, 660)   coste      39       39
( 662, 663)   coste      23       23
( 404, 662)   coste      58       58
( 646, 662)   coste      42       42
( 580, 664)   coste      66       66
( 580, 582)   coste      56       56
( 313, 314)   coste      33       33
( 313, 665)   coste      22       22
(   6, 543)   coste      39       39
( 588, 620)   coste      45       45
( 588, 602)   coste      16       16
( 588, 666)   coste      30       30
( 173, 507)   coste      47       47
( 173, 174)   coste      17       17
( 157, 667)   coste      28       28
( 157, 668)   coste      27       27
( 157, 158)   coste       8        8
( 350, 669)   coste      27       27
( 350, 670)   coste      24       24
( 160, 641)   coste      40       40
( 160, 348)   coste      31       31
( 260, 262)   coste      18       18
( 582, 663)   coste      59       59
( 166, 374)   coste      45       45
( 528, 671)   coste      35       35
( 528, 633)   coste      36       36
( 314, 315)   coste      25       25
( 333, 672)   coste      33       33
( 334, 672)   coste      54       54
( 450, 672)   coste      45       45
( 347, 673)   coste      21       21
( 347, 348)   coste      26       26
( 288, 668)   coste      48       48
( 627, 674)   coste      17       17
( 371, 674)   coste      31       31
( 501, 675)   coste      16       16
( 629, 676)   coste      45       45
( 629, 677)   coste      37       37
( 454, 629)   coste      32       32
( 299, 300)   coste       5        5
( 273, 533)   coste      30       30
(  11, 115)   coste      35       35
( 342, 670)   coste      15       15
( 566, 678)   coste      31       31
( 161, 162)   coste      11       11
(  59, 282)   coste      36       36
( 648, 679)   coste      18       18
( 637, 648)   coste      26       26
( 110, 315)   coste      28       28
( 600, 661)   coste      38       38
( 143, 144)   coste      24       24
( 680, 681)   coste      46       46
( 680, 682)   coste      30       30
( 571, 680)   coste      20       20
( 625, 683)   coste      33       33
( 683, 684)   coste      40       40
( 683, 685)   coste      16       16
( 637, 679)   coste      10       10
( 189, 190)   coste      17       17
( 235, 236)   coste      23       23
( 491, 686)   coste      21       21
( 232, 687)   coste      35       35
( 657, 687)   coste       3        3
( 218, 219)   coste      26       26
( 218, 688)   coste      24       24
(  24, 539)   coste      16       16
( 576, 617)   coste      53       53
( 127, 432)   coste      17       17
( 553, 689)   coste       4        4
( 553, 690)   coste       8        8
( 553, 666)   coste      14       14
( 207, 560)   coste      45       45
( 106, 691)   coste      46       46
( 437, 691)   coste      30       30
( 232, 657)   coste      35       35
( 232, 358)   coste      36       36
( 224, 531)   coste      22       22
( 190, 296)   coste      35       35
( 255, 692)   coste      32       32
( 692, 693)   coste      44       44
(  66, 170)   coste      24       24
( 476, 632)   coste      44       44
( 476, 694)   coste      28       28
( 695, 696)   coste      41       41
( 695, 697)   coste      33       33
(  60, 439)   coste      40       40
( 698, 699)   coste      14       14
( 219, 220)   coste      30       30
( 493, 539)   coste      33       33
( 639, 700)   coste      33       33
( 466, 467)   coste      25       25
( 391, 466)   coste      28       28
( 681, 682)   coste      35       35
( 165, 681)   coste      58       58
( 166, 681)   coste      42       42
( 363, 581)   coste      20       20
( 363, 365)   coste       8        8
( 276, 277)   coste      23       23
( 276, 701)   coste       8        8
( 456, 498)   coste      13       13
( 456, 499)   coste      12       12
( 269, 323)   coste      36       36
( 486, 487)   coste      37       37
( 486, 549)   coste      37       37
( 357, 702)   coste      19       19
( 422, 497)   coste      31       31
( 405, 669)   coste      42       42
( 428, 703)   coste      21       21
( 428, 699)   coste      27       27
( 428, 704)   coste      10       10
(  29,  30)   coste      31       31
( 248, 249)   coste      14       14
( 248, 515)   coste       5        5
( 492, 705)   coste      38       38
( 689, 690)   coste       6        6
( 666, 689)   coste      12       12
(   7, 165)   coste      64       64
( 360, 361)   coste      25       25
( 360, 706)   coste      26       26
( 166, 682)   coste      16       16
(  75, 330)   coste      44       44
( 364, 707)   coste      31       31
( 707, 708)   coste      45       45
( 505, 619)   coste      30       30
(  87, 584)   coste      29       29
(  87, 585)   coste      23       23
( 589, 709)   coste      24       24
( 589, 602)   coste      20       20
( 164, 375)   coste      29       29
( 279, 315)   coste      14       14
( 155, 279)   coste      49       49
( 371, 627)   coste      20       20
(  47, 604)   coste      46       46
(  25, 144)   coste      37       37
( 590, 620)   coste      45       45
( 658, 710)   coste       8        8
( 658, 711)   coste      41       41
( 442, 712)   coste      20       20
( 442, 686)   coste      17       17
( 442, 443)   coste      13       13
( 597, 713)   coste      60       60
( 597, 598)   coste      13       13
( 571, 600)   coste      28       28
( 636, 714)   coste      29       29
( 282, 636)   coste       6        6
( 636, 715)   coste      39       39
( 264, 392)   coste      31       31
( 264, 716)   coste      64       64
( 479, 593)   coste      58       58
( 593, 594)   coste      45       45
( 584, 717)   coste      18       18
( 566, 701)   coste      35       35
( 401, 718)   coste      18       18
( 705, 718)   coste      27       27
( 718, 719)   coste      27       27
( 718, 720)   coste      35       35
( 721, 722)   coste      37       37
( 518, 608)   coste      51       51
( 608, 639)   coste      49       49
( 134, 571)   coste      14       14
( 611, 696)   coste      32       32
( 225, 266)   coste      43       43
( 711, 723)   coste      26       26
( 708, 723)   coste      19       19
( 590, 591)   coste      38       38
( 199, 209)   coste      12       12
( 379, 381)   coste      13       13
( 400, 720)   coste      38       38
( 703, 724)   coste       2        2
( 549, 722)   coste      49       49
( 708, 710)   coste      45       45
( 397, 725)   coste      22       22
( 397, 508)   coste      26       26
( 462, 463)   coste      27       27
( 462, 464)   coste      22       22
( 344, 625)   coste      25       25
( 671, 676)   coste      49       49
( 676, 677)   coste      16       16
( 540, 612)   coste      46       46
( 612, 688)   coste      33       33
( 633, 671)   coste      21       21
( 361, 706)   coste       4        4
( 581, 582)   coste      34       34
( 479, 726)   coste      28       28
( 261, 578)   coste      42       42
( 436, 727)   coste       4        4
( 301, 727)   coste      23       23
( 547, 728)   coste      31       31
( 478, 594)   coste      44       44
(  88, 463)   coste      33       33
( 242, 390)   coste      48       48
( 702, 729)   coste      47       47
( 261, 291)   coste      11       11
( 502, 503)   coste       8        8
( 502, 576)   coste      51       51
( 202, 554)   coste      25       25
( 554, 643)   coste      30       30
( 554, 555)   coste      31       31
( 340, 730)   coste      20       20
( 243, 713)   coste      14       14
( 467, 731)   coste       8        8
( 507, 732)   coste      62       62
( 202, 733)   coste      35       35
( 202, 555)   coste      31       31
( 136, 138)   coste      26       26
( 408, 409)   coste      26       26
( 383, 384)   coste      28       28
( 591, 615)   coste      22       22
( 497, 498)   coste      33       33
( 697, 734)   coste      48       48
( 438, 735)   coste       6        6
( 575, 576)   coste      63       63
( 716, 736)   coste      21       21
(   2, 737)   coste      10       10
( 390, 712)   coste      46       46
( 277, 701)   coste      30       30
( 174, 175)   coste      42       42
( 709, 738)   coste      23       23
( 603, 709)   coste      24       24
( 292, 432)   coste      25       25
(  62, 739)   coste      15       15
( 137, 697)   coste      34       34
( 116, 409)   coste      44       44
( 598, 713)   coste      49       49
( 740, 741)   coste      32       32
( 375, 740)   coste      34       34
( 446, 570)   coste      30       30
( 479, 594)   coste      40       40
(  63, 505)   coste      61       61
( 459, 714)   coste      41       41
( 714, 715)   coste      24       24
(  50, 725)   coste      40       40
(  48, 438)   coste      41       41
( 158, 730)   coste      36       36
( 508, 725)   coste      27       27
( 155, 280)   coste      49       49
( 614, 738)   coste       4        4
( 555, 643)   coste      22       22
( 703, 704)   coste      17       17
( 498, 499)   coste       2        2
( 384, 742)   coste      41       41
( 343, 344)   coste      42       42
( 381, 731)   coste      31       31
( 632, 694)   coste      20       20
(  20, 641)   coste      36       36
( 257, 525)   coste      47       47
( 206, 577)   coste      23       23
( 375, 741)   coste      50       50
( 708, 711)   coste      41       41
( 705, 719)   coste       2        2
( 705, 720)   coste      43       43
( 702, 732)   coste      61       61
( 686, 712)   coste      17       17
( 443, 712)   coste      11       11
( 585, 717)   coste       3        3
( 576, 675)   coste      45       45
( 367, 649)   coste      22       22
( 367, 368)   coste      14       14
( 666, 690)   coste      17       17
( 239, 344)   coste      27       27
( 239, 684)   coste      20       20
( 190, 665)   coste      37       37
( 563, 609)   coste      26       26
( 640, 733)   coste      25       25
( 440, 743)   coste      16       16
( 344, 684)   coste       8        8
( 140, 742)   coste      40       40
( 215, 653)   coste      25       25
( 555, 744)   coste      44       44
( 443, 686)   coste      21       21
LISTA_ARISTAS_NOREQ :
(   1,  12)   coste      23       23
(   1, 737)   coste      38       38
(   2,  12)   coste      43       43
(   6, 544)   coste      42       42
(   9,  51)   coste      38       38
(  13, 271)   coste      28       28
(  14,  53)   coste      23       23
(  15,  54)   coste      26       26
(  16, 227)   coste      40       40
(  17, 640)   coste      32       32
(  18, 191)   coste      12       12
(  19,  20)   coste       9        9
(  21,  26)   coste      27       27
(  21, 711)   coste      21       21
(  23, 539)   coste      41       41
(  24,  25)   coste      31       31
(  26, 494)   coste      39       39
(  28,  29)   coste      13       13
(  28,  30)   coste      22       22
(  29, 491)   coste      30       30
(  30, 492)   coste      19       19
(  31, 112)   coste      36       36
(  32,  33)   coste      29       29
(  34,  35)   coste       5        5
(  36, 660)   coste      51       51
(  37, 417)   coste      42       42
(  39, 147)   coste      23       23
(  40, 171)   coste      29       29
(  42,  43)   coste      41       41
(  42, 419)   coste      48       48
(  42, 616)   coste      46       46
(  43, 101)   coste      33       33
(  45, 145)   coste       5        5
(  47, 168)   coste      26       26
(  48, 145)   coste      45       45
(  49, 656)   coste      23       23
(  49, 725)   coste      29       29
(  51, 700)   coste      44       44
(  54, 296)   coste      45       45
(  55, 205)   coste      12       12
(  56,  57)   coste      19       19
(  57, 205)   coste      32       32
(  57, 644)   coste      32       32
(  58, 715)   coste      27       27
(  59, 636)   coste      36       36
(  59, 664)   coste      67       67
(  60, 618)   coste      19       19
(  61, 623)   coste      32       32
(  64, 170)   coste      49       49
(  65,  66)   coste      28       28
(  66, 621)   coste      39       39
(  67, 586)   coste      30       30
(  69, 717)   coste      33       33
(  70, 586)   coste      35       35
(  71, 221)   coste      15       15
(  71, 638)   coste      32       32
(  72, 638)   coste       9        9
(  72, 639)   coste      26       26
(  74, 185)   coste      39       39
(  74, 330)   coste      42       42
(  75, 185)   coste      37       37
(  76,  80)   coste      45       45
(  78,  79)   coste      18       18
(  81, 425)   coste      25       25
(  81, 610)   coste      13       13
(  82,  83)   coste      12       12
(  83, 348)   coste      20       20
(  83, 610)   coste      12       12
(  84, 541)   coste      30       30
(  84, 542)   coste      32       32
(  85, 541)   coste      42       42
(  86, 463)   coste      35       35
(  87, 717)   coste      25       25
(  88, 294)   coste      25       25
(  88, 447)   coste      26       26
(  89, 265)   coste      29       29
(  90, 650)   coste      41       41
(  93,  94)   coste      36       36
(  93,  95)   coste      16       16
(  93, 624)   coste      39       39
(  94,  95)   coste      38       38
(  96, 124)   coste      45       45
(  97, 124)   coste      32       32
(  99, 507)   coste      44       44
( 100, 444)   coste      11       11
( 103, 105)   coste      15       15
( 106, 437)   coste      56       56
( 108, 109)   coste      37       37
( 110, 279)   coste      20       20
( 111, 131)   coste      51       51
( 111, 226)   coste      34       34
( 112, 131)   coste      18       18
( 114, 700)   coste      50       50
( 116, 408)   coste      61       61
( 116, 513)   coste      28       28
( 116, 514)   coste      30       30
( 118, 483)   coste      20       20
( 119, 622)   coste      51       51
( 119, 652)   coste      48       48
( 121, 568)   coste      29       29
( 122, 221)   coste      44       44
( 123, 292)   coste      40       40
( 125, 404)   coste      54       54
( 126, 404)   coste      39       39
( 134, 228)   coste      28       28
( 135, 611)   coste      24       24
( 137, 611)   coste      17       17
( 137, 696)   coste      25       25
( 139, 735)   coste      65       65
( 140, 384)   coste      23       23
( 141, 586)   coste      33       33
( 144, 210)   coste      63       63
( 144, 211)   coste      20       20
( 148, 579)   coste      29       29
( 150, 421)   coste      25       25
( 151, 424)   coste      26       26
( 156, 369)   coste      39       39
( 158, 340)   coste      41       41
( 158, 667)   coste      34       34
( 160, 673)   coste      39       39
( 163, 375)   coste      42       42
( 164, 740)   coste      40       40
( 167, 461)   coste      19       19
( 169, 504)   coste      47       47
( 173, 732)   coste      59       59
( 176, 521)   coste      28       28
( 180, 186)   coste      87       87
( 180, 327)   coste      19       19
( 180, 328)   coste      18       18
( 180, 455)   coste      31       31
( 180, 599)   coste      33       33
( 181, 186)   coste      53       53
( 184, 384)   coste      46       46
( 184, 742)   coste      13       13
( 189, 296)   coste      19       19
( 192, 319)   coste      34       34
( 193, 596)   coste      42       42
( 194, 728)   coste      21       21
( 195, 744)   coste      35       35
( 196, 323)   coste      21       21
( 198, 506)   coste      34       34
( 200, 733)   coste      23       23
( 201, 202)   coste      24       24
( 203, 271)   coste      36       36
( 203, 272)   coste      11       11
( 204, 206)   coste       4        4
( 208, 284)   coste      38       38
( 211, 726)   coste      35       35
( 213, 319)   coste      40       40
( 214, 622)   coste      23       23
( 215, 652)   coste      26       26
( 218, 220)   coste       7        7
( 219, 688)   coste      32       32
( 220, 482)   coste      22       22
( 222, 280)   coste      44       44
( 224, 225)   coste      20       20
( 234, 567)   coste      45       45
( 237, 684)   coste      43       43
( 240, 390)   coste       8        8
( 242, 719)   coste      48       48
( 244, 245)   coste      40       40
( 246, 470)   coste      27       27
( 246, 515)   coste      10       10
( 246, 692)   coste      24       24
( 247, 515)   coste      37       37
( 249, 257)   coste      26       26
( 249, 515)   coste      18       18
( 253, 405)   coste      37       37
( 254, 532)   coste      25       25
( 255, 256)   coste      27       27
( 255, 532)   coste      18       18
( 256, 303)   coste      24       24
( 256, 532)   coste      17       17
( 257, 516)   coste      31       31
( 259, 572)   coste      39       39
( 260, 572)   coste      21       21
( 261, 289)   coste      33       33
( 268, 269)   coste      19       19
( 268, 270)   coste      49       49
( 270, 343)   coste      16       16
( 276, 678)   coste      27       27
( 281, 664)   coste      35       35
( 282, 635)   coste      34       34
( 283, 383)   coste     106      106
( 286, 389)   coste      21       21
( 287, 521)   coste      32       32
( 289, 736)   coste      63       63
( 290, 291)   coste      31       31
( 290, 736)   coste      56       56
( 293, 447)   coste      17       17
( 296, 448)   coste      59       59
( 298, 727)   coste      25       25
( 299, 509)   coste      32       32
( 300, 509)   coste      28       28
( 307, 685)   coste      35       35
( 310, 680)   coste      24       24
( 316, 577)   coste      33       33
( 322, 323)   coste      29       29
( 324, 358)   coste      25       25
( 324, 451)   coste      39       39
( 325, 721)   coste      32       32
( 328, 599)   coste      31       31
( 329, 456)   coste       9        9
( 331, 385)   coste      22       22
( 333, 334)   coste      32       32
( 334, 557)   coste      39       39
( 335, 422)   coste      33       33
( 336, 743)   coste      14       14
( 342, 350)   coste      38       38
( 349, 669)   coste      11       11
( 351, 669)   coste       8        8
( 352, 424)   coste      17       17
( 354, 702)   coste      30       30
( 354, 729)   coste      36       36
( 355, 729)   coste       4        4
( 356, 661)   coste      31       31
( 356, 674)   coste      18       18
( 362, 581)   coste      43       43
( 367, 562)   coste      14       14
( 369, 627)   coste      28       28
( 370, 371)   coste      10       10
( 374, 660)   coste      61       61
( 374, 661)   coste      72       72
( 378, 379)   coste      25       25
( 378, 493)   coste      39       39
( 382, 556)   coste      34       34
( 382, 564)   coste      12       12
( 393, 659)   coste      33       33
( 395, 508)   coste      21       21
( 395, 725)   coste      29       29
( 396, 440)   coste      33       33
( 396, 743)   coste      31       31
( 398, 718)   coste      22       22
( 400, 718)   coste      32       32
( 401, 705)   coste      18       18
( 401, 719)   coste      17       17
( 402, 495)   coste      54       54
( 410, 488)   coste      24       24
( 412, 490)   coste      45       45
( 413, 489)   coste       5        5
( 417, 536)   coste      38       38
( 418, 692)   coste      48       48
( 418, 693)   coste       9        9
( 425, 531)   coste      21       21
( 427, 524)   coste      34       34
( 428, 698)   coste      17       17
( 429, 716)   coste      44       44
( 433, 567)   coste      24       24
( 433, 626)   coste      35       35
( 433, 691)   coste      35       35
( 434, 626)   coste      17       17
( 441, 686)   coste      43       43
( 445, 569)   coste      34       34
( 446, 569)   coste      27       27
( 451, 721)   coste      44       44
( 452, 581)   coste      38       38
( 457, 648)   coste      31       31
( 458, 460)   coste       9        9
( 459, 715)   coste      42       42
( 460, 546)   coste      39       39
( 464, 654)   coste      35       35
( 470, 692)   coste      20       20
( 470, 693)   coste      49       49
( 471, 706)   coste      34       34
( 472, 595)   coste      46       46
( 473, 529)   coste      38       38
( 474, 595)   coste      36       36
( 475, 677)   coste      45       45
( 477, 726)   coste      25       25
( 478, 737)   coste      45       45
( 485, 578)   coste      37       37
( 486, 548)   coste      29       29
( 487, 548)   coste      44       44
( 488, 574)   coste      48       48
( 494, 495)   coste      36       36
( 495, 710)   coste      39       39
( 501, 502)   coste       9        9
( 501, 503)   coste       8        8
( 501, 576)   coste      45       45
( 502, 675)   coste      10       10
( 510, 537)   coste      30       30
( 512, 525)   coste      47       47
( 513, 644)   coste      28       28
( 520, 549)   coste      37       37
( 521, 606)   coste      22       22
( 526, 671)   coste      46       46
( 527, 529)   coste      20       20
( 530, 547)   coste      41       41
( 530, 713)   coste      21       21
( 533, 534)   coste      11       11
( 535, 538)   coste      46       46
( 536, 560)   coste      26       26
( 537, 605)   coste      32       32
( 538, 560)   coste      25       25
( 542, 581)   coste      44       44
( 543, 544)   coste      24       24
( 552, 553)   coste      24       24
( 552, 689)   coste      27       27
( 556, 564)   coste      37       37
( 558, 741)   coste      41       41
( 565, 678)   coste      40       40
( 565, 744)   coste      15       15
( 569, 656)   coste      31       31
( 580, 645)   coste      23       23
( 584, 585)   coste      16       16
( 587, 602)   coste      16       16
( 588, 590)   coste      44       44
( 589, 591)   coste      14       14
( 591, 613)   coste      19       19
( 594, 737)   coste      37       37
( 599, 618)   coste      37       37
( 601, 690)   coste      28       28
( 603, 738)   coste      43       43
( 606, 667)   coste      32       32
( 613, 738)   coste      27       27
( 614, 615)   coste      26       26
( 617, 675)   coste      49       49
( 623, 739)   coste      32       32
( 625, 684)   coste      26       26
( 625, 685)   coste      33       33
( 631, 632)   coste      48       48
( 631, 634)   coste      36       36
( 632, 634)   coste      25       25
( 635, 679)   coste      19       19
( 635, 714)   coste      21       21
( 642, 722)   coste      20       20
( 646, 663)   coste      21       21
( 650, 734)   coste      47       47
( 651, 739)   coste       9        9
( 652, 655)   coste      37       37
( 667, 668)   coste      21       21
( 678, 701)   coste      20       20
( 695, 734)   coste      16       16
( 696, 697)   coste      19       19
( 698, 704)   coste      14       14
( 707, 723)   coste      60       60
