NOMBRE : UR732
COMENTARIO : 140  componentes 
VERTICES :  452
ARISTAS_REQ :  321
ARISTAS_NOREQ :  594
LISTA_ARISTAS_REQ :
(   1,   2)   coste      26       26
(   3,   4)   coste      13       13
(   3,   5)   coste      13       13
(   6,   7)   coste       8        8
(   8,   9)   coste      13       13
(   8,  10)   coste      14       14
(  11,  12)   coste      12       12
(  13,  14)   coste      33       33
(  13,  15)   coste      16       16
(  16,  17)   coste       1        1
(  18,  19)   coste      31       31
(  20,  21)   coste      18       18
(  22,  23)   coste       7        7
(  24,  25)   coste      35       35
(  24,  26)   coste      33       33
(  24,  27)   coste      49       49
(  28,  29)   coste      63       63
(  30,  31)   coste      36       36
(  30,  32)   coste      34       34
(  33,  34)   coste      17       17
(  35,  36)   coste      38       38
(  35,  37)   coste      47       47
(  35,  38)   coste      30       30
(  39,  40)   coste      38       38
(  39,  41)   coste      34       34
(  39,  42)   coste      18       18
(  43,  44)   coste      40       40
(  43,  45)   coste      43       43
(  46,  47)   coste      30       30
(  46,  48)   coste       9        9
(  49,  50)   coste      52       52
(  51,  52)   coste      27       27
(  53,  54)   coste      25       25
(  55,  56)   coste      13       13
(  55,  57)   coste      23       23
(  58,  59)   coste      53       53
(  60,  61)   coste      60       60
(  62,  63)   coste      32       32
(  40,  64)   coste      16       16
(  65,  66)   coste      46       46
(  52,  67)   coste       1        1
(  68,  69)   coste      41       41
(  70,  71)   coste      23       23
(  72,  73)   coste      27       27
(  72,  74)   coste      17       17
(  75,  76)   coste      21       21
(  75,  77)   coste      29       29
(  75,  78)   coste      25       25
(  59,  79)   coste      52       52
(  80,  81)   coste      21       21
(  82,  83)   coste      24       24
(  84,  85)   coste      48       48
(  86,  87)   coste      39       39
(  86,  88)   coste      45       45
(  89,  90)   coste      43       43
(  91,  92)   coste      35       35
(  93,  94)   coste      40       40
(  95,  96)   coste      14       14
(  95,  97)   coste      45       45
(  73,  98)   coste      39       39
(  99, 100)   coste      28       28
(  99, 101)   coste       7        7
(  69, 102)   coste      46       46
( 102, 103)   coste       3        3
(  47, 104)   coste      45       45
(  47, 105)   coste      15       15
( 106, 107)   coste      17       17
( 108, 109)   coste      26       26
(  31, 110)   coste      38       38
(  76,  78)   coste      11       11
( 111, 112)   coste      16       16
( 111, 113)   coste      34       34
( 104, 114)   coste      10       10
(  41, 115)   coste       6        6
(  64, 115)   coste      22       22
( 116, 117)   coste      40       40
( 116, 118)   coste      37       37
( 119, 120)   coste      44       44
( 119, 121)   coste      41       41
( 119, 122)   coste      14       14
( 123, 124)   coste      13       13
( 125, 126)   coste      24       24
( 125, 127)   coste      31       31
( 128, 129)   coste      10       10
( 128, 130)   coste      18       18
(  41,  42)   coste      50       50
(  41, 131)   coste      12       12
( 129, 130)   coste      22       22
( 132, 133)   coste      33       33
( 132, 134)   coste      42       42
( 135, 136)   coste      28       28
( 137, 138)   coste      44       44
( 139, 140)   coste      37       37
( 141, 142)   coste      25       25
( 143, 144)   coste      17       17
( 143, 145)   coste      37       37
( 146, 147)   coste       8        8
( 148, 149)   coste      34       34
( 148, 150)   coste      36       36
(  23, 151)   coste      27       27
( 103, 152)   coste      32       32
( 153, 154)   coste      44       44
( 155, 156)   coste       7        7
( 157, 158)   coste      55       55
( 124, 159)   coste      30       30
( 160, 161)   coste      36       36
( 160, 162)   coste      35       35
( 163, 164)   coste      29       29
( 163, 165)   coste      47       47
( 124, 166)   coste      11       11
( 167, 168)   coste      26       26
( 167, 169)   coste      23       23
( 170, 171)   coste       2        2
( 172, 173)   coste      16       16
(  56, 174)   coste      43       43
( 109, 175)   coste      33       33
( 175, 176)   coste      38       38
(  98, 177)   coste      10       10
( 178, 179)   coste      17       17
( 180, 181)   coste      46       46
( 182, 183)   coste      41       41
( 184, 185)   coste      13       13
( 186, 187)   coste       6        6
(  34, 188)   coste      20       20
(  69, 189)   coste      42       42
( 190, 191)   coste       4        4
( 192, 193)   coste       5        5
( 194, 195)   coste      31       31
( 196, 197)   coste      38       38
( 196, 198)   coste      19       19
( 196, 199)   coste      25       25
(   9, 200)   coste      22       22
( 201, 202)   coste      13       13
( 203, 204)   coste      43       43
( 109, 205)   coste      30       30
( 206, 207)   coste      27       27
( 208, 209)   coste      27       27
( 210, 211)   coste      34       34
( 210, 212)   coste      54       54
( 213, 214)   coste      24       24
( 101, 215)   coste      32       32
( 215, 216)   coste      27       27
( 217, 218)   coste      41       41
( 100, 219)   coste      19       19
( 220, 221)   coste      11       11
( 222, 223)   coste      37       37
( 224, 225)   coste      30       30
( 224, 226)   coste      23       23
( 227, 228)   coste      16       16
( 183, 229)   coste      31       31
( 230, 231)   coste      25       25
( 232, 233)   coste      12       12
( 232, 234)   coste      34       34
( 232, 235)   coste      45       45
( 234, 236)   coste      28       28
( 237, 238)   coste      48       48
( 239, 240)   coste      24       24
( 239, 241)   coste      30       30
( 168, 242)   coste      40       40
(  96, 243)   coste      36       36
(  21, 244)   coste      15       15
( 158, 245)   coste      46       46
( 246, 247)   coste      31       31
( 248, 249)   coste      28       28
( 250, 251)   coste      27       27
( 250, 252)   coste      31       31
( 253, 254)   coste      30       30
( 255, 256)   coste      39       39
( 257, 258)   coste      14       14
( 258, 259)   coste      12       12
(  57, 260)   coste      12       12
( 261, 262)   coste      42       42
( 261, 263)   coste      38       38
( 264, 265)   coste      36       36
( 266, 267)   coste      48       48
( 120, 268)   coste      25       25
( 120, 269)   coste      17       17
( 270, 271)   coste      53       53
( 270, 272)   coste      14       14
( 273, 274)   coste      25       25
( 273, 275)   coste      32       32
( 276, 277)   coste      12       12
(  57, 278)   coste      24       24
( 126, 127)   coste      14       14
( 126, 279)   coste      20       20
( 280, 281)   coste       7        7
( 282, 283)   coste      42       42
( 282, 284)   coste      18       18
( 285, 286)   coste      57       57
( 287, 288)   coste      44       44
( 289, 290)   coste      26       26
( 140, 291)   coste      13       13
( 292, 293)   coste      21       21
( 294, 295)   coste      15       15
(  90, 294)   coste      39       39
( 294, 296)   coste      14       14
(  26, 121)   coste      18       18
( 297, 298)   coste      41       41
( 299, 300)   coste      38       38
( 299, 301)   coste       4        4
( 281, 302)   coste      33       33
( 303, 304)   coste      26       26
(  79, 177)   coste      51       51
( 305, 306)   coste      23       23
( 305, 307)   coste       5        5
(  64, 308)   coste      27       27
( 308, 309)   coste      13       13
( 308, 310)   coste      11       11
( 311, 312)   coste      47       47
( 311, 313)   coste      32       32
( 314, 315)   coste      68       68
( 107, 316)   coste      21       21
( 107, 317)   coste       3        3
( 318, 319)   coste      34       34
( 320, 321)   coste      43       43
( 320, 322)   coste       6        6
( 323, 324)   coste      13       13
( 325, 326)   coste      45       45
( 327, 328)   coste      37       37
( 238, 262)   coste      28       28
( 238, 329)   coste      48       48
( 330, 331)   coste      24       24
( 158, 300)   coste      14       14
( 140, 332)   coste      35       35
( 168, 333)   coste      16       16
( 168, 295)   coste      32       32
( 168, 296)   coste      23       23
(  50, 334)   coste      32       32
( 334, 335)   coste      35       35
( 336, 337)   coste       9        9
( 336, 338)   coste      16       16
( 339, 340)   coste      18       18
( 341, 342)   coste      31       31
( 343, 344)   coste      15       15
( 343, 345)   coste      36       36
( 346, 347)   coste      31       31
( 348, 349)   coste      20       20
( 350, 351)   coste      20       20
( 352, 353)   coste      40       40
( 240, 354)   coste      28       28
( 355, 356)   coste      14       14
( 283, 284)   coste      30       30
( 251, 357)   coste      45       45
(  85, 358)   coste      28       28
( 359, 360)   coste      46       46
( 361, 362)   coste       9        9
( 363, 364)   coste      70       70
( 365, 366)   coste      31       31
( 367, 368)   coste      33       33
( 304, 369)   coste      24       24
( 307, 370)   coste      34       34
( 371, 372)   coste       9        9
( 310, 319)   coste      19       19
( 329, 362)   coste      20       20
( 362, 373)   coste      21       21
( 290, 374)   coste      27       27
(  44, 375)   coste      42       42
( 376, 377)   coste      28       28
( 300, 378)   coste      28       28
( 304, 379)   coste      21       21
( 380, 381)   coste      62       62
( 382, 383)   coste      26       26
( 384, 385)   coste      39       39
( 195, 386)   coste      41       41
(  77, 387)   coste      29       29
( 388, 389)   coste       8        8
( 388, 390)   coste      12       12
( 225, 391)   coste      44       44
( 392, 393)   coste      14       14
( 394, 395)   coste      35       35
( 396, 397)   coste      17       17
( 347, 398)   coste      42       42
( 337, 399)   coste      32       32
( 400, 401)   coste       7        7
( 402, 403)   coste      22       22
( 404, 405)   coste      17       17
( 275, 387)   coste      30       30
( 295, 296)   coste      11       11
( 366, 406)   coste      30       30
( 150, 407)   coste      31       31
( 408, 409)   coste      28       28
( 410, 411)   coste       3        3
( 263, 410)   coste      28       28
( 185, 412)   coste      16       16
( 413, 414)   coste      28       28
( 165, 415)   coste      36       36
( 272, 416)   coste      39       39
( 293, 417)   coste      49       49
( 279, 418)   coste      27       27
( 279, 419)   coste      30       30
( 420, 421)   coste      25       25
( 422, 423)   coste      40       40
( 422, 424)   coste      41       41
( 162, 425)   coste       7        7
( 426, 427)   coste      35       35
(  15, 313)   coste       8        8
( 428, 429)   coste      25       25
( 151, 430)   coste      14       14
( 195, 431)   coste      16       16
( 173, 432)   coste      12       12
( 433, 434)   coste      49       49
( 226, 433)   coste       7        7
( 340, 349)   coste      29       29
( 435, 436)   coste      45       45
( 435, 437)   coste      47       47
( 434, 438)   coste      36       36
( 228, 439)   coste      47       47
( 226, 391)   coste      25       25
( 440, 441)   coste      39       39
( 353, 442)   coste      34       34
( 356, 429)   coste      37       37
( 134, 443)   coste      41       41
( 162, 444)   coste       4        4
( 445, 446)   coste      34       34
( 189, 304)   coste      12       12
( 207, 419)   coste      24       24
( 447, 448)   coste      24       24
( 447, 449)   coste      34       34
(  38, 450)   coste      53       53
( 199, 451)   coste      50       50
(  19, 452)   coste      61       61
LISTA_ARISTAS_NOREQ :
(   2,  27)   coste      79       79
(   2,  76)   coste     139      139
(   2, 372)   coste     172      172
(   3, 404)   coste     110      110
(   3, 405)   coste     108      108
(   3, 409)   coste      15       15
(   3, 439)   coste     137      137
(   4,   5)   coste       7        7
(   4, 341)   coste      51       51
(   4, 409)   coste      17       17
(   5, 408)   coste      33       33
(   5, 409)   coste      11       11
(   6, 124)   coste     119      119
(   6, 424)   coste     124      124
(   6, 450)   coste      30       30
(   7,  33)   coste      70       70
(   7,  34)   coste      69       69
(   7,  38)   coste      73       73
(   7, 450)   coste      30       30
(   9,  10)   coste      17       17
(   9, 227)   coste      12       12
(  11, 186)   coste     157      157
(  11, 215)   coste     162      162
(  11, 216)   coste     185      185
(  11, 394)   coste      65       65
(  11, 395)   coste      73       73
(  12, 186)   coste     164      164
(  12, 215)   coste     169      169
(  12, 216)   coste     192      192
(  12, 394)   coste      72       72
(  12, 395)   coste      80       80
(  13, 137)   coste      70       70
(  13, 313)   coste      11       11
(  13, 445)   coste     143      143
(  14,  15)   coste      31       31
(  14, 137)   coste      55       55
(  15, 311)   coste      33       33
(  16, 451)   coste      30       30
(  17, 451)   coste      30       30
(  18, 127)   coste      82       82
(  18, 207)   coste     119      119
(  18, 265)   coste      36       36
(  18, 396)   coste     104      104
(  18, 397)   coste     108      108
(  18, 452)   coste      65       65
(  19, 447)   coste      98       98
(  19, 448)   coste      78       78
(  19, 449)   coste     105      105
(  20,  62)   coste      71       71
(  20,  63)   coste      85       85
(  20, 214)   coste      72       72
(  20, 244)   coste      21       21
(  21,  62)   coste      54       54
(  21,  63)   coste      68       68
(  21, 214)   coste      55       55
(  22, 239)   coste      15       15
(  22, 241)   coste      29       29
(  22, 354)   coste      14       14
(  23, 239)   coste      21       21
(  23, 354)   coste      15       15
(  23, 430)   coste      21       21
(  24, 237)   coste      29       29
(  25, 119)   coste      33       33
(  25, 121)   coste      27       27
(  25, 122)   coste      35       35
(  26,  76)   coste     156      156
(  26, 372)   coste     113      113
(  27,  76)   coste     120      120
(  27, 237)   coste      67       67
(  27, 372)   coste     153      153
(  28,  79)   coste      21       21
(  29,  59)   coste      60       60
(  29,  79)   coste      55       55
(  30, 154)   coste      71       71
(  30, 306)   coste      22       22
(  32, 307)   coste      23       23
(  32, 370)   coste      20       20
(  33,  38)   coste      79       79
(  33, 116)   coste      36       36
(  33, 188)   coste      33       33
(  34,  38)   coste      78       78
(  34, 116)   coste      52       52
(  34, 323)   coste      34       34
(  36,  37)   coste      16       16
(  36, 170)   coste      28       28
(  36, 171)   coste      27       27
(  37, 170)   coste      24       24
(  37, 171)   coste      23       23
(  40,  41)   coste      10       10
(  40, 115)   coste       8        8
(  40, 131)   coste       3        3
(  42,  88)   coste     168      168
(  42, 401)   coste      82       82
(  43, 299)   coste     178      178
(  43, 301)   coste     178      178
(  43, 328)   coste     192      192
(  43, 371)   coste      72       72
(  43, 375)   coste      62       62
(  44,  45)   coste       4        4
(  45, 375)   coste      40       40
(  46,  81)   coste      50       50
(  46, 240)   coste      56       56
(  47, 114)   coste      38       38
(  48, 240)   coste      51       51
(  48, 312)   coste     227      227
(  48, 314)   coste     277      277
(  48, 417)   coste     281      281
(  49, 217)   coste      58       58
(  49, 246)   coste     115      115
(  49, 298)   coste     114      114
(  50, 247)   coste      40       40
(  50, 287)   coste      65       65
(  51, 291)   coste      21       21
(  51, 332)   coste      18       18
(  51, 374)   coste      30       30
(  52, 374)   coste      39       39
(  53,  72)   coste      46       46
(  53,  73)   coste      64       64
(  53,  74)   coste      59       59
(  53,  89)   coste      57       57
(  53, 257)   coste      56       56
(  53, 258)   coste      57       57
(  53, 344)   coste      76       76
(  54,  72)   coste      30       30
(  54,  89)   coste      69       69
(  55, 174)   coste      31       31
(  56,  57)   coste      25       25
(  56, 260)   coste      36       36
(  57, 174)   coste      45       45
(  58,  98)   coste      34       34
(  58, 177)   coste      35       35
(  58, 320)   coste      42       42
(  58, 321)   coste      11       11
(  59, 177)   coste      53       53
(  60,  66)   coste     231      231
(  60,  97)   coste     231      231
(  60, 365)   coste     114      114
(  60, 437)   coste      98       98
(  61, 182)   coste      14       14
(  61, 280)   coste     141      141
(  61, 281)   coste     147      147
(  61, 365)   coste     110      110
(  62, 153)   coste      71       71
(  62, 214)   coste      57       57
(  62, 244)   coste      60       60
(  63, 154)   coste      39       39
(  63, 214)   coste      71       71
(  63, 244)   coste      74       74
(  64, 131)   coste      15       15
(  65, 118)   coste     116      116
(  65, 243)   coste      34       34
(  66,  97)   coste      39       39
(  66, 243)   coste      19       19
(  66, 435)   coste     181      181
(  66, 436)   coste     140      140
(  66, 437)   coste     166      166
(  68, 189)   coste      31       31
(  68, 379)   coste      21       21
(  70, 311)   coste      69       69
(  70, 312)   coste      53       53
(  71, 311)   coste      55       55
(  71, 312)   coste      62       62
(  72,  89)   coste      60       60
(  73,  74)   coste      13       13
(  73,  89)   coste      72       72
(  73,  90)   coste      64       64
(  73, 177)   coste      44       44
(  74,  89)   coste      67       67
(  74,  98)   coste      45       45
(  75, 372)   coste      30       30
(  76, 121)   coste     155      155
(  76, 122)   coste     162      162
(  76, 181)   coste      39       39
(  77, 371)   coste      32       32
(  77, 372)   coste      34       34
(  77, 375)   coste      27       27
(  78, 181)   coste      33       33
(  82, 440)   coste      32       32
(  82, 441)   coste      53       53
(  83, 366)   coste      45       45
(  83, 440)   coste      35       35
(  84, 314)   coste     174      174
(  84, 315)   coste     124      124
(  84, 367)   coste      35       35
(  84, 368)   coste      30       30
(  84, 407)   coste     106      106
(  85, 368)   coste      39       39
(  86, 222)   coste      16       16
(  87, 223)   coste       5        5
(  87, 400)   coste       9        9
(  87, 401)   coste      15       15
(  89, 276)   coste      38       38
(  91, 117)   coste      85       85
(  91, 281)   coste      34       34
(  91, 302)   coste       5        5
(  92,  95)   coste      76       76
(  92, 117)   coste      86       86
(  93, 128)   coste      21       21
(  93, 129)   coste      23       23
(  93, 142)   coste      75       75
(  94, 128)   coste      52       52
(  94, 142)   coste     105      105
(  95, 117)   coste      89       89
(  95, 118)   coste      73       73
(  96, 118)   coste      62       62
(  97, 435)   coste     181      181
(  97, 436)   coste     140      140
(  97, 437)   coste     166      166
(  98, 321)   coste      29       29
(  99, 330)   coste      25       25
( 100, 331)   coste      24       24
( 101, 330)   coste      28       28
( 101, 434)   coste      72       72
( 102, 361)   coste     161      161
( 102, 373)   coste     150      150
( 104, 388)   coste      53       53
( 105, 240)   coste      49       49
( 105, 312)   coste     177      177
( 105, 314)   coste     227      227
( 105, 417)   coste     231      231
( 106, 211)   coste      49       49
( 106, 317)   coste      16       16
( 108, 176)   coste      16       16
( 109, 176)   coste      19       19
( 111, 408)   coste       7        7
( 113, 408)   coste      31       31
( 113, 409)   coste      52       52
( 114, 388)   coste      62       62
( 115, 131)   coste       8        8
( 116, 234)   coste      67       67
( 116, 236)   coste      40       40
( 117, 118)   coste      23       23
( 121, 122)   coste      33       33
( 121, 372)   coste     112      112
( 122, 372)   coste     119      119
( 123, 159)   coste      21       21
( 123, 166)   coste      17       17
( 123, 350)   coste      52       52
( 124, 424)   coste      83       83
( 124, 450)   coste     115      115
( 125, 326)   coste     151      151
( 125, 418)   coste      23       23
( 126, 418)   coste      21       21
( 127, 264)   coste     136      136
( 127, 279)   coste      28       28
( 127, 396)   coste      98       98
( 127, 397)   coste     102      102
( 129, 382)   coste       7        7
( 129, 383)   coste      28       28
( 130, 382)   coste      27       27
( 130, 383)   coste      27       27
( 132, 175)   coste      56       56
( 132, 422)   coste      24       24
( 133, 175)   coste      58       58
( 133, 176)   coste      44       44
( 134, 422)   coste      41       41
( 135, 249)   coste      45       45
( 135, 253)   coste      54       54
( 136, 249)   coste      18       18
( 136, 253)   coste      35       35
( 137, 179)   coste      45       45
( 137, 348)   coste      46       46
( 138, 178)   coste      17       17
( 138, 179)   coste       3        3
( 138, 336)   coste      66       66
( 139, 283)   coste      38       38
( 140, 289)   coste      44       44
( 141, 404)   coste     118      118
( 141, 409)   coste      44       44
( 141, 439)   coste     145      145
( 142, 169)   coste      95       95
( 142, 209)   coste      79       79
( 142, 382)   coste     103      103
( 142, 405)   coste      90       90
( 143, 438)   coste      54       54
( 144, 164)   coste      62       62
( 144, 359)   coste      89       89
( 145, 394)   coste      26       26
( 145, 395)   coste      36       36
( 146, 220)   coste      80       80
( 146, 221)   coste      77       77
( 146, 338)   coste      59       59
( 148, 292)   coste     102      102
( 149, 150)   coste      63       63
( 149, 292)   coste      84       84
( 150, 314)   coste     123      123
( 150, 315)   coste      85       85
( 151, 155)   coste     279      279
( 151, 156)   coste     285      285
( 151, 230)   coste     166      166
( 151, 231)   coste     154      154
( 151, 358)   coste     367      367
( 151, 367)   coste     330      330
( 151, 368)   coste     324      324
( 152, 303)   coste      36       36
( 152, 421)   coste      26       26
( 153, 289)   coste      31       31
( 155, 230)   coste     114      114
( 155, 358)   coste     229      229
( 155, 367)   coste     234      234
( 155, 368)   coste     228      228
( 156, 230)   coste     120      120
( 156, 358)   coste     235      235
( 156, 367)   coste     240      240
( 156, 368)   coste     234      234
( 157, 245)   coste      32       32
( 158, 378)   coste      37       37
( 159, 166)   coste      24       24
( 159, 204)   coste      67       67
( 159, 324)   coste      44       44
( 159, 350)   coste      52       52
( 159, 357)   coste     125      125
( 160, 285)   coste      81       81
( 160, 425)   coste      33       33
( 161, 425)   coste       9        9
( 163, 360)   coste      97       97
( 163, 427)   coste      73       73
( 164, 359)   coste      77       77
( 165, 427)   coste      68       68
( 167, 208)   coste      32       32
( 167, 333)   coste      11       11
( 168, 294)   coste      36       36
( 169, 333)   coste      28       28
( 169, 382)   coste      38       38
( 170, 388)   coste      26       26
( 170, 389)   coste      19       19
( 171, 389)   coste      18       18
( 172, 219)   coste      33       33
( 172, 385)   coste      30       30
( 172, 432)   coste      11       11
( 173, 273)   coste     114      114
( 175, 205)   coste      36       36
( 177, 321)   coste      34       34
( 178, 399)   coste       9        9
( 180, 216)   coste      31       31
( 180, 275)   coste      31       31
( 180, 387)   coste      30       30
( 182, 280)   coste     144      144
( 182, 281)   coste     150      150
( 182, 365)   coste     104      104
( 183, 440)   coste      36       36
( 184, 412)   coste      27       27
( 185, 361)   coste      39       39
( 186, 215)   coste     161      161
( 186, 216)   coste     184      184
( 186, 394)   coste     142      142
( 186, 395)   coste     109      109
( 188, 323)   coste      25       25
( 188, 324)   coste      36       36
( 189, 369)   coste      25       25
( 189, 379)   coste      14       14
( 190, 192)   coste      56       56
( 191, 201)   coste     112      112
( 191, 202)   coste     102      102
( 191, 242)   coste     106      106
( 191, 344)   coste     158      158
( 192, 208)   coste      42       42
( 192, 209)   coste      32       32
( 193, 208)   coste      41       41
( 193, 209)   coste      28       28
( 194, 220)   coste      87       87
( 194, 221)   coste      84       84
( 194, 386)   coste      12       12
( 194, 431)   coste      40       40
( 195, 220)   coste      81       81
( 195, 221)   coste      78       78
( 197, 207)   coste      37       37
( 197, 264)   coste     113      113
( 197, 451)   coste     108      108
( 198, 199)   coste      25       25
( 200, 227)   coste      14       14
( 200, 228)   coste       9        9
( 201, 344)   coste      68       68
( 202, 242)   coste     103      103
( 202, 344)   coste      73       73
( 203, 232)   coste      68       68
( 203, 233)   coste      76       76
( 203, 235)   coste      33       33
( 203, 285)   coste     103      103
( 204, 351)   coste      76       76
( 204, 357)   coste      73       73
( 205, 228)   coste      31       31
( 205, 439)   coste      58       58
( 206, 325)   coste      64       64
( 206, 419)   coste      16       16
( 207, 264)   coste      89       89
( 207, 265)   coste     121      121
( 207, 396)   coste      51       51
( 207, 397)   coste      55       55
( 208, 333)   coste      36       36
( 209, 405)   coste      81       81
( 210, 222)   coste      91       91
( 210, 223)   coste      61       61
( 210, 400)   coste      74       74
( 211, 212)   coste      30       30
( 212, 213)   coste      65       65
( 212, 214)   coste      83       83
( 213, 222)   coste     154      154
( 213, 223)   coste     124      124
( 213, 400)   coste     137      137
( 214, 222)   coste     173      173
( 214, 223)   coste     143      143
( 214, 244)   coste      61       61
( 214, 400)   coste     156      156
( 215, 330)   coste      18       18
( 215, 394)   coste     147      147
( 215, 395)   coste     114      114
( 216, 275)   coste      32       32
( 216, 394)   coste     170      170
( 216, 395)   coste     137      137
( 217, 246)   coste      62       62
( 217, 298)   coste      61       61
( 218, 266)   coste      45       45
( 218, 297)   coste      25       25
( 218, 298)   coste      29       29
( 219, 331)   coste      36       36
( 220, 386)   coste      87       87
( 221, 386)   coste      84       84
( 224, 433)   coste      25       25
( 224, 438)   coste      25       25
( 225, 226)   coste      24       24
( 229, 393)   coste      57       57
( 229, 440)   coste      37       37
( 229, 441)   coste      36       36
( 230, 358)   coste     202      202
( 230, 367)   coste     165      165
( 230, 368)   coste     159      159
( 232, 285)   coste     113      113
( 233, 234)   coste      23       23
( 233, 236)   coste      48       48
( 233, 285)   coste     121      121
( 235, 324)   coste      44       44
( 237, 261)   coste     103      103
( 239, 354)   coste      16       16
( 240, 312)   coste     216      216
( 240, 314)   coste     266      266
( 240, 417)   coste     270      270
( 242, 277)   coste      30       30
( 242, 295)   coste      36       36
( 242, 344)   coste     146      146
( 245, 268)   coste      40       40
( 245, 269)   coste      37       37
( 246, 298)   coste      75       75
( 246, 335)   coste      40       40
( 247, 288)   coste     120      120
( 247, 335)   coste      23       23
( 248, 259)   coste      71       71
( 248, 345)   coste      28       28
( 249, 253)   coste      37       37
( 250, 254)   coste      30       30
( 250, 357)   coste      43       43
( 251, 252)   coste      50       50
( 251, 254)   coste      26       26
( 251, 398)   coste      21       21
( 252, 254)   coste      32       32
( 252, 351)   coste      54       54
( 255, 420)   coste      22       22
( 255, 421)   coste      38       38
( 256, 420)   coste      20       20
( 256, 421)   coste      37       37
( 257, 259)   coste      14       14
( 257, 344)   coste      60       60
( 258, 344)   coste      55       55
( 259, 343)   coste      64       64
( 259, 345)   coste      54       54
( 260, 278)   coste      17       17
( 261, 364)   coste      80       80
( 261, 414)   coste      76       76
( 263, 268)   coste      91       91
( 263, 411)   coste      29       29
( 264, 396)   coste      41       41
( 264, 397)   coste      41       41
( 264, 451)   coste     120      120
( 265, 396)   coste      73       73
( 265, 397)   coste      73       73
( 266, 297)   coste      21       21
( 266, 353)   coste      78       78
( 267, 352)   coste      50       50
( 267, 353)   coste      65       65
( 268, 269)   coste      15       15
( 268, 411)   coste     104      104
( 270, 416)   coste      39       39
( 271, 416)   coste      53       53
( 273, 331)   coste      42       42
( 274, 275)   coste      25       25
( 274, 387)   coste      33       33
( 276, 295)   coste      39       39
( 277, 295)   coste      35       35
( 278, 431)   coste      42       42
( 280, 392)   coste      79       79
( 280, 444)   coste      35       35
( 281, 392)   coste      85       85
( 282, 305)   coste      72       72
( 282, 307)   coste      70       70
( 282, 370)   coste      76       76
( 282, 380)   coste      72       72
( 282, 415)   coste      53       53
( 284, 305)   coste      76       76
( 284, 307)   coste      74       74
( 284, 370)   coste      80       80
( 284, 380)   coste      76       76
( 286, 347)   coste      40       40
( 286, 357)   coste      61       61
( 287, 334)   coste      43       43
( 288, 334)   coste      70       70
( 288, 335)   coste     100      100
( 291, 332)   coste      24       24
( 292, 426)   coste      37       37
( 293, 426)   coste      55       55
( 299, 378)   coste      35       35
( 301, 327)   coste      55       55
( 301, 328)   coste      40       40
( 305, 380)   coste      45       45
( 306, 307)   coste      24       24
( 308, 318)   coste      40       40
( 308, 319)   coste      29       29
( 309, 310)   coste      23       23
( 309, 318)   coste      36       36
( 311, 445)   coste     173      173
( 312, 314)   coste     212      212
( 312, 417)   coste     201      201
( 312, 445)   coste     173      173
( 313, 445)   coste     144      144
( 314, 407)   coste      95       95
( 314, 417)   coste     114      114
( 315, 407)   coste      57       57
( 322, 416)   coste      30       30
( 325, 352)   coste      22       22
( 325, 419)   coste      74       74
( 326, 352)   coste      34       34
( 326, 353)   coste      24       24
( 326, 418)   coste     138      138
( 326, 442)   coste      48       48
( 329, 361)   coste      27       27
( 329, 373)   coste      32       32
( 337, 338)   coste      17       17
( 339, 341)   coste      25       25
( 339, 342)   coste       8        8
( 339, 349)   coste      39       39
( 340, 341)   coste      27       27
( 341, 404)   coste     150      150
( 341, 405)   coste     148      148
( 341, 439)   coste     177      177
( 346, 398)   coste      18       18
( 347, 357)   coste      41       41
( 354, 430)   coste      24       24
( 355, 428)   coste      43       43
( 355, 429)   coste      39       39
( 355, 446)   coste      52       52
( 356, 428)   coste      54       54
( 358, 368)   coste      53       53
( 360, 426)   coste     135      135
( 360, 427)   coste     110      110
( 360, 445)   coste      77       77
( 360, 446)   coste      82       82
( 361, 373)   coste      25       25
( 361, 412)   coste      36       36
( 363, 447)   coste      53       53
( 364, 413)   coste      30       30
( 364, 414)   coste      33       33
( 365, 406)   coste      19       19
( 369, 379)   coste      16       16
( 370, 380)   coste      70       70
( 371, 375)   coste      56       56
( 376, 385)   coste      75       75
( 376, 403)   coste      32       32
( 376, 432)   coste      92       92
( 377, 381)   coste     108      108
( 377, 384)   coste      65       65
( 377, 385)   coste      50       50
( 377, 402)   coste      30       30
( 380, 415)   coste      31       31
( 381, 391)   coste      54       54
( 381, 402)   coste      85       85
( 381, 403)   coste     102      102
( 384, 434)   coste      55       55
( 389, 390)   coste      18       18
( 391, 433)   coste      23       23
( 392, 441)   coste      54       54
( 393, 441)   coste      45       45
( 396, 451)   coste     140      140
( 397, 451)   coste     140      140
( 404, 439)   coste      69       69
( 413, 447)   coste      76       76
( 413, 448)   coste      63       63
( 422, 443)   coste      38       38
( 423, 424)   coste      66       66
( 423, 443)   coste       3        3
( 424, 443)   coste      65       65
( 424, 450)   coste     120      120
( 428, 446)   coste      27       27
( 429, 446)   coste      51       51
( 436, 437)   coste      87       87
( 448, 449)   coste      43       43
