NOMBRE : UR747
COMENTARIO :   3  componentes 
VERTICES :  745
ARISTAS_REQ : 1261
ARISTAS_NOREQ :  398
LISTA_ARISTAS_REQ :
(   1,   2)   coste      45       45
(   1,   3)   coste      47       47
(   1,   4)   coste       5        5
(   5,   6)   coste      39       39
(   5,   7)   coste      40       40
(   5,   8)   coste      35       35
(   5,   9)   coste       8        8
(   5,  10)   coste      44       44
(  11,  12)   coste      34       34
(  11,  13)   coste      48       48
(  11,  14)   coste      15       15
(  11,  15)   coste      18       18
(  11,  16)   coste      39       39
(  11,  17)   coste      24       24
(  18,  19)   coste      24       24
(  18,  20)   coste      24       24
(  18,  21)   coste      30       30
(  18,  22)   coste      41       41
(  23,  24)   coste      39       39
(  23,  25)   coste      39       39
(  23,  26)   coste      37       37
(  23,  27)   coste      37       37
(  28,  29)   coste      40       40
(  28,  30)   coste      53       53
(  28,  31)   coste      24       24
(  32,  33)   coste      59       59
(  32,  34)   coste      46       46
(  35,  36)   coste      54       54
(  35,  37)   coste      35       35
(  35,  38)   coste      58       58
(  39,  40)   coste      42       42
(  39,  41)   coste      26       26
(  39,  42)   coste      44       44
(  39,  43)   coste      43       43
(  44,  45)   coste      38       38
(  44,  46)   coste      36       36
(  44,  47)   coste      28       28
(  44,  48)   coste      41       41
(  44,  49)   coste      11       11
(  50,  51)   coste      23       23
(  50,  52)   coste      23       23
(  50,  53)   coste      42       42
(  50,  54)   coste      26       26
(  50,  55)   coste      21       21
(   2,  56)   coste      41       41
(   2,  57)   coste      28       28
(   2,  58)   coste      46       46
(   2,  59)   coste      19       19
(  60,  61)   coste      32       32
(  60,  62)   coste      13       13
(  60,  63)   coste      15       15
(  60,  64)   coste      38       38
(  60,  65)   coste      51       51
(  66,  67)   coste      35       35
(  66,  68)   coste      40       40
(  69,  70)   coste      41       41
(  69,  71)   coste      42       42
(  69,  72)   coste      34       34
(  73,  74)   coste      39       39
(  73,  75)   coste       4        4
(  73,  76)   coste      13       13
(  73,  77)   coste      36       36
(  78,  79)   coste      51       51
(  38,  78)   coste      59       59
(  80,  81)   coste      16       16
(  80,  82)   coste      59       59
(  80,  83)   coste      13       13
(  84,  85)   coste      27       27
(  86,  87)   coste      41       41
(  86,  88)   coste      36       36
(  86,  89)   coste      25       25
(  24,  25)   coste      21       21
(  24,  90)   coste      23       23
(  24,  26)   coste      44       44
(  24,  91)   coste      46       46
(  92,  93)   coste      27       27
(  92,  94)   coste       8        8
(  95,  96)   coste      33       33
(  95,  97)   coste      17       17
(  95,  98)   coste      34       34
(  99, 100)   coste      19       19
(  99, 101)   coste      35       35
(  99, 102)   coste      46       46
(  99, 103)   coste      47       47
( 104, 105)   coste      33       33
( 104, 106)   coste      31       31
( 104, 107)   coste      19       19
( 104, 108)   coste      34       34
( 109, 110)   coste      15       15
( 109, 111)   coste      34       34
( 112, 113)   coste      33       33
( 112, 114)   coste      33       33
( 112, 115)   coste      16       16
( 112, 116)   coste      21       21
( 117, 118)   coste      41       41
( 117, 119)   coste      43       43
( 120, 121)   coste      44       44
( 120, 122)   coste      21       21
( 123, 124)   coste      32       32
( 125, 126)   coste      24       24
( 125, 127)   coste      30       30
( 125, 128)   coste      34       34
( 129, 130)   coste      22       22
( 129, 131)   coste       5        5
( 129, 132)   coste      50       50
( 133, 134)   coste      14       14
( 133, 135)   coste      43       43
( 133, 136)   coste      30       30
(  64, 133)   coste      29       29
( 137, 138)   coste       8        8
( 137, 139)   coste      12       12
( 137, 140)   coste      40       40
( 137, 141)   coste      14       14
( 137, 142)   coste      19       19
( 143, 144)   coste      13       13
( 143, 145)   coste      42       42
( 146, 147)   coste      13       13
( 146, 148)   coste      14       14
( 146, 149)   coste      44       44
( 150, 151)   coste      27       27
( 152, 153)   coste      37       37
( 152, 154)   coste      26       26
( 152, 155)   coste      33       33
( 152, 156)   coste      33       33
( 157, 158)   coste      38       38
( 157, 159)   coste      34       34
( 157, 160)   coste      58       58
( 157, 161)   coste      31       31
( 162, 163)   coste      57       57
( 162, 164)   coste      18       18
( 115, 162)   coste      38       38
( 162, 165)   coste      20       20
( 166, 167)   coste      19       19
( 166, 168)   coste      19       19
(  34, 166)   coste      16       16
(  25,  26)   coste      26       26
(  25, 169)   coste      49       49
( 170, 171)   coste      41       41
( 170, 172)   coste      56       56
( 173, 174)   coste      50       50
( 173, 175)   coste      42       42
( 173, 176)   coste      53       53
( 173, 177)   coste      31       31
( 178, 179)   coste      68       68
( 178, 180)   coste      49       49
( 178, 181)   coste      79       79
( 178, 182)   coste      16       16
(  90, 183)   coste      38       38
( 183, 184)   coste      63       63
(  91, 183)   coste       7        7
( 185, 186)   coste      31       31
( 187, 188)   coste      39       39
( 110, 187)   coste      43       43
( 187, 189)   coste      25       25
( 121, 190)   coste      17       17
( 190, 191)   coste      19       19
( 190, 192)   coste      52       52
( 193, 194)   coste      28       28
( 193, 195)   coste      17       17
( 196, 197)   coste      17       17
( 196, 198)   coste      16       16
( 196, 199)   coste      27       27
( 200, 201)   coste      14       14
( 200, 202)   coste      39       39
( 200, 203)   coste      27       27
( 200, 204)   coste      21       21
(  57, 205)   coste      26       26
( 205, 206)   coste      46       46
( 205, 207)   coste      69       69
(  59, 205)   coste      22       22
( 205, 208)   coste      47       47
(  93, 209)   coste      30       30
(  93, 210)   coste      28       28
(  93, 211)   coste      29       29
( 179, 212)   coste      24       24
( 179, 213)   coste      23       23
( 179, 214)   coste      34       34
( 134, 135)   coste      47       47
( 134, 142)   coste      37       37
( 134, 136)   coste      17       17
(  64, 134)   coste      41       41
( 124, 215)   coste      27       27
( 124, 186)   coste      24       24
( 216, 217)   coste      42       42
( 216, 218)   coste      44       44
( 216, 219)   coste      25       25
( 216, 220)   coste      41       41
( 221, 222)   coste      59       59
( 223, 224)   coste      65       65
( 160, 223)   coste      39       39
( 223, 225)   coste      42       42
( 226, 227)   coste      33       33
( 226, 228)   coste      39       39
( 226, 229)   coste      21       21
( 230, 231)   coste      34       34
( 230, 232)   coste      21       21
( 230, 233)   coste      14       14
( 230, 234)   coste      47       47
( 230, 235)   coste      26       26
( 236, 237)   coste      36       36
( 236, 238)   coste      32       32
( 239, 240)   coste      17       17
( 239, 241)   coste      19       19
( 145, 239)   coste      42       42
( 239, 242)   coste      29       29
( 243, 244)   coste      28       28
( 243, 245)   coste      23       23
( 243, 246)   coste      39       39
( 243, 247)   coste      17       17
( 248, 249)   coste      32       32
(  34, 248)   coste      42       42
( 194, 250)   coste      28       28
( 194, 251)   coste      10       10
( 194, 252)   coste      24       24
( 140, 253)   coste      36       36
(  37, 253)   coste      39       39
( 253, 254)   coste      39       39
( 235, 255)   coste      11       11
( 256, 257)   coste      42       42
( 256, 258)   coste      12       12
( 256, 259)   coste      50       50
( 260, 261)   coste      24       24
( 260, 262)   coste      25       25
( 260, 263)   coste      21       21
( 260, 264)   coste      14       14
(  70, 265)   coste      16       16
(  70, 266)   coste      10       10
(  81, 267)   coste      44       44
(  81,  83)   coste      28       28
(  81, 268)   coste      41       41
( 269, 270)   coste      33       33
( 269, 271)   coste      38       38
( 269, 272)   coste      25       25
( 269, 273)   coste      34       34
( 130, 131)   coste      26       26
( 130, 274)   coste      52       52
( 130, 275)   coste      40       40
( 130, 132)   coste      40       40
( 276, 277)   coste      37       37
( 276, 278)   coste      36       36
( 276, 279)   coste      29       29
( 276, 280)   coste      31       31
( 224, 281)   coste      21       21
( 224, 282)   coste      12       12
( 224, 283)   coste      36       36
( 224, 284)   coste      21       21
( 113, 285)   coste      21       21
( 285, 286)   coste      12       12
( 287, 288)   coste      16       16
( 148, 287)   coste      56       56
( 287, 289)   coste      37       37
( 287, 290)   coste      34       34
( 291, 292)   coste      45       45
( 291, 293)   coste      51       51
( 291, 294)   coste      14       14
( 291, 295)   coste      38       38
( 296, 297)   coste      27       27
( 132, 296)   coste      36       36
( 296, 298)   coste      41       41
( 296, 299)   coste       7        7
( 300, 301)   coste      24       24
(  88, 300)   coste      57       57
( 300, 302)   coste      44       44
( 217, 303)   coste      19       19
( 107, 217)   coste      33       33
( 304, 305)   coste      32       32
( 304, 306)   coste      41       41
(  67,  68)   coste      63       63
(  67, 307)   coste      21       21
(  67, 308)   coste      33       33
( 309, 310)   coste      31       31
( 309, 311)   coste       4        4
( 309, 312)   coste      11       11
( 313, 314)   coste      12       12
( 313, 315)   coste      15       15
( 313, 316)   coste      34       34
( 313, 317)   coste      12       12
( 126, 318)   coste      35       35
( 318, 319)   coste      36       36
( 318, 320)   coste      23       23
( 318, 321)   coste      14       14
( 128, 318)   coste      18       18
( 212, 322)   coste      11       11
( 322, 323)   coste      31       31
( 322, 324)   coste      35       35
( 325, 326)   coste      32       32
( 325, 327)   coste      23       23
( 325, 328)   coste      16       16
( 325, 329)   coste      27       27
( 261, 330)   coste      42       42
( 261, 264)   coste      23       23
( 240, 331)   coste      37       37
( 240, 306)   coste      27       27
( 240, 332)   coste      21       21
( 240, 242)   coste      13       13
( 100, 333)   coste      29       29
( 100, 101)   coste      43       43
( 100, 102)   coste      50       50
( 100, 103)   coste      29       29
( 288, 334)   coste      30       30
( 288, 289)   coste      32       32
( 288, 335)   coste      27       27
( 149, 288)   coste      30       30
( 288, 290)   coste      40       40
( 144, 336)   coste      15       15
( 144, 337)   coste      40       40
( 144, 338)   coste      39       39
( 144, 339)   coste      29       29
( 340, 341)   coste      14       14
( 340, 342)   coste       9        9
( 340, 343)   coste      38       38
( 340, 344)   coste      21       21
(  12, 345)   coste      49       49
( 345, 346)   coste      52       52
( 345, 347)   coste      50       50
( 310, 348)   coste      38       38
( 310, 311)   coste      34       34
( 349, 350)   coste      20       20
( 349, 351)   coste      15       15
( 349, 352)   coste      22       22
( 353, 354)   coste      38       38
( 353, 355)   coste      18       18
( 353, 356)   coste      56       56
( 353, 357)   coste      19       19
( 358, 359)   coste      45       45
( 358, 360)   coste      63       63
(  26, 361)   coste       8        8
(  27, 361)   coste      48       48
( 319, 362)   coste      45       45
( 362, 363)   coste      18       18
( 320, 362)   coste      41       41
( 362, 364)   coste      38       38
(  19,  20)   coste      13       13
( 365, 366)   coste       8        8
( 365, 367)   coste      34       34
( 365, 368)   coste      39       39
( 189, 365)   coste      44       44
( 365, 369)   coste      30       30
( 365, 370)   coste      23       23
(  56,  57)   coste      19       19
(  56, 206)   coste      36       36
(  56, 371)   coste      47       47
( 289, 334)   coste      39       39
( 290, 334)   coste      26       26
( 244, 245)   coste      47       47
( 154, 244)   coste      39       39
( 244, 247)   coste      34       34
( 372, 373)   coste      46       46
( 372, 374)   coste      43       43
( 372, 375)   coste      38       38
( 297, 376)   coste      48       48
( 376, 377)   coste      47       47
(  65, 376)   coste      32       32
( 359, 378)   coste      47       47
( 360, 378)   coste      42       42
( 149, 378)   coste      29       29
( 379, 380)   coste      19       19
( 379, 381)   coste      35       35
( 197, 198)   coste      24       24
( 197, 382)   coste      29       29
( 383, 384)   coste      36       36
( 383, 385)   coste      36       36
( 383, 386)   coste      29       29
( 383, 387)   coste      30       30
( 383, 388)   coste      31       31
( 389, 390)   coste      46       46
( 389, 391)   coste      49       49
( 292, 392)   coste      54       54
( 292, 393)   coste      16       16
( 292, 295)   coste      49       49
( 394, 395)   coste       9        9
( 394, 396)   coste      42       42
( 191, 394)   coste      17       17
( 394, 397)   coste      40       40
( 398, 399)   coste      43       43
( 398, 400)   coste      31       31
( 398, 401)   coste      26       26
( 398, 402)   coste      48       48
( 113, 209)   coste      11       11
(  94, 209)   coste       2        2
( 114, 209)   coste      34       34
( 270, 403)   coste      28       28
( 139, 403)   coste      14       14
( 404, 405)   coste      28       28
( 114, 404)   coste      54       54
( 404, 406)   coste       3        3
( 116, 404)   coste      42       42
( 407, 408)   coste      17       17
( 207, 407)   coste      63       63
( 407, 409)   coste      26       26
( 208, 407)   coste      53       53
( 407, 410)   coste      48       48
( 407, 411)   coste      61       61
(  12, 286)   coste      18       18
(  12,  17)   coste      13       13
( 195, 412)   coste      27       27
( 252, 412)   coste      20       20
( 412, 413)   coste      16       16
( 231, 414)   coste      45       45
( 414, 415)   coste      45       45
( 414, 416)   coste      39       39
( 417, 418)   coste      25       25
( 417, 419)   coste      23       23
( 417, 420)   coste      34       34
( 417, 421)   coste      56       56
( 417, 422)   coste      17       17
( 423, 424)   coste      32       32
( 423, 425)   coste      26       26
( 423, 426)   coste       9        9
( 423, 427)   coste      27       27
( 423, 428)   coste      44       44
( 423, 429)   coste      27       27
( 430, 431)   coste      36       36
( 430, 432)   coste      30       30
(  82, 430)   coste      33       33
( 430, 433)   coste      16       16
( 434, 435)   coste      29       29
( 242, 434)   coste      54       54
( 434, 436)   coste      33       33
( 424, 437)   coste      43       43
( 424, 426)   coste      25       25
( 424, 428)   coste      34       34
( 438, 439)   coste       6        6
( 438, 440)   coste      39       39
( 397, 438)   coste      43       43
( 231, 232)   coste      15       15
( 231, 441)   coste      32       32
( 442, 443)   coste      40       40
( 335, 442)   coste       8        8
( 149, 442)   coste      22       22
( 163, 405)   coste      39       39
( 163, 406)   coste      54       54
( 444, 445)   coste      31       31
( 444, 446)   coste      46       46
( 444, 447)   coste      28       28
( 444, 448)   coste      47       47
( 449, 450)   coste      47       47
( 449, 451)   coste      48       48
( 449, 452)   coste      33       33
(  42, 449)   coste      43       43
(  96,  97)   coste      47       47
(  96, 445)   coste      34       34
(  96, 355)   coste      43       43
(  96,  98)   coste      17       17
(  96, 448)   coste      50       50
( 453, 454)   coste      27       27
( 453, 455)   coste      38       38
( 453, 456)   coste      17       17
( 457, 458)   coste      45       45
( 457, 459)   coste      27       27
(  77, 457)   coste      23       23
( 457, 460)   coste      39       39
( 461, 462)   coste      38       38
( 228, 461)   coste      33       33
( 461, 463)   coste      32       32
(  13,  15)   coste      48       48
(  13, 464)   coste      40       40
(  87, 465)   coste      17       17
( 465, 466)   coste      46       46
( 465, 467)   coste      16       16
( 333, 468)   coste      48       48
( 227, 392)   coste      46       46
( 227, 469)   coste      19       19
( 227, 470)   coste      55       55
( 227, 302)   coste      58       58
( 281, 282)   coste      32       32
( 281, 283)   coste      17       17
( 281, 471)   coste      35       35
(  29, 472)   coste      32       32
(   6, 472)   coste      33       33
( 472, 473)   coste      25       25
(  30, 472)   coste      48       48
( 427, 474)   coste      23       23
( 474, 475)   coste      39       39
( 476, 477)   coste      16       16
( 476, 478)   coste      33       33
( 476, 479)   coste      43       43
( 480, 481)   coste      12       12
( 396, 480)   coste      55       55
( 480, 482)   coste      58       58
( 480, 483)   coste      37       37
( 195, 484)   coste      17       17
( 195, 485)   coste      17       17
( 486, 487)   coste      29       29
( 447, 486)   coste      41       41
( 486, 488)   coste      30       30
( 486, 489)   coste      26       26
(  29,  30)   coste      44       44
(  29,  31)   coste      43       43
( 282, 284)   coste      29       29
( 490, 491)   coste      58       58
( 103, 490)   coste      40       40
( 490, 492)   coste      53       53
( 493, 494)   coste      41       41
( 493, 495)   coste       9        9
( 493, 496)   coste      51       51
( 201, 202)   coste      51       51
( 201, 203)   coste      16       16
( 201, 204)   coste      22       22
(  79, 262)   coste      43       43
( 262, 263)   coste      30       30
( 262, 497)   coste      40       40
( 384, 385)   coste       2        2
( 384, 498)   coste      33       33
( 127, 384)   coste      26       26
( 384, 499)   coste      35       35
( 500, 501)   coste      32       32
( 343, 500)   coste      17       17
( 344, 500)   coste      38       38
( 350, 351)   coste      34       34
( 350, 352)   coste      25       25
( 153, 156)   coste       5        5
(  61, 502)   coste      50       50
(  61, 503)   coste      32       32
(  61, 504)   coste      25       25
(  20, 505)   coste      29       29
(  20, 338)   coste      29       29
(  87,  89)   coste      64       64
(  87, 467)   coste      25       25
(  45,  46)   coste      17       17
(  45,  47)   coste      12       12
( 110, 188)   coste      43       43
( 188, 506)   coste      56       56
( 484, 507)   coste      43       43
( 508, 509)   coste      21       21
( 508, 510)   coste      14       14
( 508, 511)   coste      27       27
( 508, 512)   coste      29       29
( 435, 513)   coste      55       55
( 435, 436)   coste      37       37
( 147, 359)   coste      43       43
( 147, 148)   coste      24       24
( 147, 149)   coste      38       38
( 514, 515)   coste      10       10
( 514, 516)   coste      22       22
( 339, 514)   coste      41       41
( 517, 518)   coste      41       41
( 301, 470)   coste      41       41
( 301, 302)   coste      29       29
( 222, 511)   coste      42       42
( 222, 519)   coste      12       12
( 418, 419)   coste      18       18
( 418, 422)   coste      14       14
( 418, 520)   coste      16       16
( 418, 521)   coste      26       26
( 265, 522)   coste      42       42
( 522, 523)   coste      47       47
( 522, 524)   coste      44       44
( 525, 526)   coste      25       25
( 525, 527)   coste      53       53
( 174, 528)   coste      32       32
(  46, 529)   coste      44       44
( 529, 530)   coste      22       22
( 491, 531)   coste      18       18
( 492, 531)   coste      25       25
( 175, 532)   coste      27       27
( 175, 533)   coste      26       26
( 175, 177)   coste      19       19
( 270, 272)   coste      56       56
( 270, 466)   coste      43       43
( 270, 467)   coste      47       47
( 354, 356)   coste      39       39
( 354, 357)   coste      32       32
( 341, 363)   coste      39       39
( 341, 343)   coste      40       40
( 341, 534)   coste      37       37
( 341, 344)   coste      17       17
( 158, 159)   coste      27       27
( 158, 321)   coste      22       22
( 128, 158)   coste      35       35
( 158, 161)   coste       9        9
(  74, 167)   coste      28       28
(  74,  75)   coste      38       38
(  40, 535)   coste      14       14
( 219, 431)   coste      31       31
( 431, 536)   coste      31       31
( 431, 433)   coste      30       30
( 501, 537)   coste       6        6
( 331, 537)   coste      32       32
( 343, 537)   coste      43       43
( 342, 363)   coste      29       29
( 342, 534)   coste      19       19
( 399, 538)   coste      49       49
( 399, 539)   coste       4        4
( 171, 540)   coste      42       42
( 171, 541)   coste      25       25
( 542, 543)   coste      35       35
( 542, 544)   coste      54       54
( 542, 545)   coste      46       46
( 265, 523)   coste      41       41
( 238, 265)   coste      32       32
( 265, 266)   coste      24       24
( 546, 547)   coste      18       18
( 546, 548)   coste      46       46
( 546, 549)   coste       6        6
( 198, 199)   coste      38       38
( 198, 550)   coste      35       35
( 198, 382)   coste      51       51
( 131, 264)   coste      47       47
( 419, 422)   coste      25       25
( 419, 520)   coste      24       24
( 105, 551)   coste      19       19
( 105, 552)   coste      40       40
( 105, 553)   coste      29       29
( 105, 554)   coste      39       39
(  36, 555)   coste      38       38
(  36, 377)   coste      55       55
(  36,  38)   coste      26       26
( 111, 556)   coste      12       12
( 390, 402)   coste      34       34
( 390, 557)   coste      53       53
( 151, 558)   coste      22       22
( 274, 559)   coste      36       36
( 274, 560)   coste       8        8
( 274, 479)   coste      36       36
( 561, 562)   coste      24       24
( 561, 563)   coste      40       40
( 348, 561)   coste      31       31
( 561, 564)   coste      36       36
( 561, 565)   coste       8        8
( 366, 367)   coste      41       41
( 366, 370)   coste      26       26
(  51,  52)   coste      34       34
(  51,  55)   coste      37       37
( 127, 385)   coste      27       27
( 385, 566)   coste      43       43
( 172, 380)   coste      31       31
( 172, 540)   coste      44       44
( 172, 381)   coste      36       36
( 172, 567)   coste      31       31
( 172, 541)   coste       9        9
( 218, 510)   coste      39       39
( 218, 512)   coste      40       40
( 568, 569)   coste      35       35
( 568, 570)   coste      46       46
( 568, 571)   coste      30       30
( 572, 573)   coste      31       31
( 572, 574)   coste      23       23
( 495, 572)   coste      55       55
( 496, 572)   coste      40       40
( 535, 575)   coste      20       20
( 575, 576)   coste      14       14
( 351, 577)   coste       7        7
( 351, 352)   coste      22       22
( 351, 578)   coste      22       22
( 509, 519)   coste      37       37
( 509, 512)   coste      19       19
( 126, 498)   coste       9        9
( 126, 128)   coste      18       18
( 579, 580)   coste      48       48
(  48, 579)   coste      45       45
( 462, 526)   coste      16       16
( 526, 581)   coste      44       44
( 526, 582)   coste      50       50
( 169, 199)   coste      43       43
( 118, 583)   coste      27       27
( 118, 584)   coste      15       15
( 106, 303)   coste      38       38
( 106, 554)   coste      38       38
( 106, 107)   coste      23       23
( 585, 586)   coste      42       42
( 585, 587)   coste      73       73
( 410, 585)   coste      19       19
( 588, 589)   coste      44       44
( 588, 590)   coste      58       58
(  48, 588)   coste      56       56
( 121, 192)   coste      57       57
( 121, 591)   coste      44       44
(  14, 286)   coste      37       37
(  14,  15)   coste      12       12
(  14,  17)   coste      32       32
( 373, 592)   coste      48       48
( 592, 593)   coste      48       48
( 159, 161)   coste      19       19
( 159, 594)   coste      31       31
( 367, 368)   coste      34       34
( 367, 428)   coste      26       26
( 367, 370)   coste      21       21
( 455, 589)   coste      35       35
( 589, 595)   coste      49       49
( 589, 590)   coste      23       23
( 596, 597)   coste      18       18
( 502, 598)   coste      22       22
( 502, 504)   coste      54       54
( 599, 600)   coste      25       25
( 145, 176)   coste      52       52
( 176, 601)   coste      28       28
( 380, 602)   coste      32       32
( 380, 381)   coste      17       17
( 380, 567)   coste       8        8
( 380, 541)   coste      28       28
( 386, 603)   coste      29       29
( 603, 604)   coste      22       22
( 499, 603)   coste      22       22
( 215, 605)   coste      36       36
( 297, 298)   coste      52       52
( 297, 299)   coste      24       24
(  57, 206)   coste      41       41
( 445, 448)   coste      26       26
(   6, 473)   coste       9        9
(   6,   7)   coste       9        9
(   6, 606)   coste      35       35
(   6,   8)   coste      29       29
(   6,   9)   coste      40       40
( 536, 607)   coste      16       16
( 607, 608)   coste      24       24
(  16, 607)   coste      45       45
( 101, 102)   coste      12       12
( 213, 450)   coste      46       46
( 450, 609)   coste      52       52
( 450, 610)   coste      42       42
( 336, 337)   coste      36       36
( 336, 338)   coste      40       40
( 336, 339)   coste      21       21
( 368, 425)   coste      39       39
( 368, 428)   coste      41       41
( 368, 370)   coste      46       46
( 602, 611)   coste      38       38
( 356, 612)   coste      52       52
( 356, 489)   coste      35       35
( 544, 562)   coste      40       40
( 562, 565)   coste      26       26
( 562, 613)   coste      35       35
( 400, 401)   coste      35       35
( 614, 615)   coste      34       34
( 593, 614)   coste      31       31
( 614, 616)   coste      40       40
( 551, 552)   coste      28       28
( 551, 553)   coste      47       47
( 551, 617)   coste      28       28
( 206, 207)   coste      40       40
( 257, 258)   coste      33       33
( 257, 618)   coste      66       66
( 257, 578)   coste      49       49
( 257, 259)   coste      50       50
( 237, 619)   coste      53       53
( 619, 620)   coste      41       41
( 382, 563)   coste      27       27
( 312, 563)   coste      46       46
( 563, 565)   coste      37       37
( 605, 621)   coste      41       41
( 547, 548)   coste      41       41
( 547, 622)   coste      49       49
( 547, 549)   coste      22       22
(  17, 286)   coste      10       10
( 232, 233)   coste      18       18
( 492, 623)   coste      45       45
(   9, 623)   coste      38       38
( 623, 624)   coste      32       32
( 612, 625)   coste      46       46
( 494, 574)   coste      32       32
( 494, 495)   coste      37       37
( 494, 496)   coste      28       28
( 510, 512)   coste      33       33
( 275, 598)   coste      60       60
( 245, 598)   coste      63       63
( 503, 598)   coste      48       48
( 544, 626)   coste      26       26
( 564, 626)   coste      17       17
( 331, 501)   coste      37       37
( 501, 627)   coste      47       47
( 439, 628)   coste      56       56
( 180, 628)   coste      54       54
( 181, 628)   coste      89       89
( 219, 220)   coste      45       45
( 258, 618)   coste      77       77
( 258, 259)   coste      40       40
( 212, 323)   coste      37       37
( 212, 324)   coste      45       45
(  85, 629)   coste      37       37
(  85, 630)   coste      38       38
( 468, 631)   coste      37       37
( 606, 631)   coste      41       41
( 631, 632)   coste      11       11
( 371, 631)   coste      15       15
( 250, 633)   coste      38       38
( 250, 251)   coste      35       35
( 250, 634)   coste      45       45
( 250, 252)   coste      28       28
( 250, 521)   coste      33       33
( 401, 539)   coste      29       29
(  68, 308)   coste      37       37
(  64, 135)   coste      28       28
( 135, 466)   coste      42       42
( 458, 635)   coste      44       44
(  42, 458)   coste      31       31
( 426, 437)   coste      46       46
( 427, 437)   coste      40       40
( 360, 437)   coste      54       54
( 307, 308)   coste      47       47
( 540, 622)   coste      33       33
( 395, 396)   coste      43       43
( 191, 395)   coste      19       19
( 395, 483)   coste      46       46
( 107, 303)   coste      20       20
( 108, 303)   coste       9        9
( 326, 327)   coste      16       16
( 326, 636)   coste      46       46
( 326, 328)   coste      28       28
( 326, 637)   coste      34       34
( 326, 638)   coste      30       30
( 639, 640)   coste      37       37
( 639, 641)   coste      30       30
(  21,  22)   coste      33       33
( 408, 586)   coste      38       38
( 586, 642)   coste      60       60
( 410, 586)   coste      47       47
( 462, 643)   coste      33       33
( 229, 462)   coste      39       39
( 132, 275)   coste      20       20
( 481, 644)   coste      55       55
( 644, 645)   coste      44       44
( 644, 646)   coste      10       10
( 644, 647)   coste      21       21
( 644, 648)   coste      38       38
( 649, 650)   coste      39       39
( 518, 649)   coste       5        5
( 548, 549)   coste      43       43
( 235, 548)   coste      35       35
(  41, 535)   coste      24       24
( 535, 651)   coste      43       43
( 535, 576)   coste      28       28
(  43, 535)   coste      43       43
( 481, 647)   coste      41       41
( 481, 483)   coste      46       46
( 278, 405)   coste      51       51
( 468, 491)   coste      31       31
( 491, 492)   coste       9        9
( 396, 482)   coste      29       29
( 396, 652)   coste      37       37
( 396, 653)   coste      37       37
( 396, 440)   coste      71       71
( 544, 564)   coste      14       14
( 420, 633)   coste      18       18
( 420, 634)   coste      21       21
( 420, 654)   coste      27       27
( 618, 655)   coste      55       55
( 213, 609)   coste      45       45
( 213, 214)   coste      28       28
( 213, 323)   coste      36       36
( 213, 324)   coste      56       56
( 181, 609)   coste      17       17
( 214, 609)   coste      19       19
( 656, 657)   coste      36       36
( 656, 658)   coste      71       71
(  31, 656)   coste      45       45
(   3,   4)   coste      43       43
(   3, 659)   coste      16       16
(   3, 660)   coste      32       32
(   3, 661)   coste      65       65
( 421, 662)   coste      60       60
( 421, 663)   coste      62       62
( 454, 664)   coste      31       31
( 454, 456)   coste      30       30
( 169, 550)   coste      52       52
( 392, 582)   coste      39       39
( 305, 306)   coste      21       21
( 305, 332)   coste      35       35
(   7, 473)   coste      17       17
( 473, 665)   coste      25       25
(   8, 473)   coste      23       23
( 475, 545)   coste      17       17
( 545, 666)   coste      43       43
( 441, 516)   coste      48       48
( 245, 246)   coste      51       51
( 245, 247)   coste      14       14
( 667, 668)   coste      22       22
( 667, 669)   coste       4        4
( 667, 670)   coste      24       24
( 557, 667)   coste      40       40
( 671, 672)   coste      13       13
( 671, 673)   coste      24       24
( 671, 674)   coste      26       26
( 675, 676)   coste      27       27
( 675, 677)   coste      43       43
(  10, 675)   coste      17       17
( 624, 675)   coste      46       46
( 111, 425)   coste      34       34
( 573, 584)   coste      36       36
( 629, 678)   coste      18       18
( 629, 679)   coste      32       32
( 339, 515)   coste      44       44
( 386, 680)   coste      36       36
( 202, 680)   coste      31       31
( 604, 680)   coste      38       38
( 388, 680)   coste      29       29
( 558, 681)   coste      68       68
( 558, 682)   coste      58       58
( 189, 393)   coste      51       51
( 369, 393)   coste      56       56
( 348, 565)   coste      26       26
( 348, 613)   coste      46       46
( 600, 650)   coste      26       26
( 233, 625)   coste      50       50
( 233, 235)   coste      33       33
( 191, 397)   coste      46       46
( 683, 684)   coste      39       39
( 683, 685)   coste      29       29
( 528, 686)   coste      18       18
( 640, 686)   coste      30       30
( 505, 516)   coste      28       28
( 386, 604)   coste      21       21
( 386, 388)   coste      21       21
( 452, 610)   coste      17       17
( 122, 610)   coste      31       31
( 387, 677)   coste      33       33
( 102, 225)   coste      43       43
( 330, 687)   coste      32       32
( 687, 688)   coste      39       39
( 687, 689)   coste      46       46
(  62, 690)   coste      12       12
(  62,  63)   coste       9        9
( 110, 506)   coste      42       42
( 267, 691)   coste      46       46
( 220, 691)   coste      19       19
( 553, 554)   coste      24       24
( 329, 553)   coste      31       31
( 234, 235)   coste      25       25
( 381, 611)   coste      41       41
( 468, 492)   coste      28       28
( 468, 632)   coste      28       28
( 371, 468)   coste      38       38
( 668, 669)   coste      24       24
( 668, 692)   coste      20       20
( 557, 668)   coste      43       43
( 127, 498)   coste      33       33
( 128, 498)   coste      25       25
( 498, 499)   coste      16       16
( 669, 692)   coste      40       40
( 669, 693)   coste       8        8
( 148, 149)   coste      40       40
( 114, 211)   coste      25       25
( 114, 116)   coste      28       28
(  91, 184)   coste      62       62
( 184, 337)   coste      13       13
( 278, 513)   coste      38       38
( 278, 280)   coste      28       28
( 532, 533)   coste       4        4
( 177, 532)   coste      45       45
( 633, 654)   coste      35       35
( 319, 320)   coste      17       17
( 319, 364)   coste      55       55
( 319, 604)   coste      30       30
( 657, 658)   coste      41       41
( 657, 694)   coste      47       47
( 154, 246)   coste      46       46
( 154, 155)   coste      45       45
( 408, 409)   coste      25       25
( 427, 666)   coste      35       35
( 246, 247)   coste      53       53
( 477, 636)   coste      47       47
( 482, 652)   coste       9        9
( 482, 653)   coste      12       12
( 167, 168)   coste      20       20
(  33, 167)   coste      20       20
( 446, 487)   coste      46       46
( 487, 695)   coste      46       46
( 487, 489)   coste      29       29
( 241, 331)   coste      30       30
( 678, 679)   coste      44       44
( 530, 569)   coste      25       25
( 202, 388)   coste      42       42
( 241, 627)   coste      43       43
( 306, 332)   coste      30       30
( 145, 306)   coste      43       43
( 391, 696)   coste      39       39
( 391, 697)   coste      37       37
( 391, 518)   coste      42       42
( 391, 698)   coste      27       27
(   7, 606)   coste      27       27
(   7,   8)   coste      36       36
(   7,   9)   coste      39       39
( 119, 694)   coste      17       17
( 652, 653)   coste      13       13
( 373, 699)   coste      39       39
( 615, 700)   coste      34       34
( 672, 701)   coste      25       25
( 701, 702)   coste      44       44
( 674, 701)   coste      36       36
(  88,  89)   coste      23       23
( 496, 574)   coste      31       31
( 210, 703)   coste      10       10
( 210, 704)   coste      21       21
( 210, 705)   coste      37       37
( 464, 706)   coste      29       29
( 700, 706)   coste       4        4
( 707, 708)   coste      54       54
(  27, 707)   coste      45       45
( 530, 707)   coste      54       54
( 528, 640)   coste      17       17
( 451, 709)   coste      24       24
(  41, 576)   coste      40       40
(  41,  43)   coste      21       21
(  53,  71)   coste      46       46
(  54,  71)   coste      48       48
(  52,  55)   coste      42       42
( 377, 710)   coste      37       37
( 298, 710)   coste      27       27
(  65, 710)   coste      33       33
( 237, 523)   coste       7        7
( 523, 524)   coste      27       27
( 279, 513)   coste      23       23
( 279, 436)   coste      31       31
( 570, 711)   coste      43       43
( 570, 571)   coste      17       17
(  77, 570)   coste      39       39
( 436, 513)   coste      23       23
(  63, 690)   coste      15       15
( 504, 690)   coste      23       23
( 346, 347)   coste      34       34
(  79, 611)   coste      20       20
(  79, 497)   coste      32       32
( 283, 471)   coste      22       22
( 283, 284)   coste      25       25
( 711, 712)   coste      11       11
( 711, 713)   coste      28       28
( 711, 714)   coste      35       35
( 571, 711)   coste      47       47
( 460, 711)   coste      13       13
(  53,  54)   coste      39       39
( 180, 181)   coste      54       54
( 251, 521)   coste      30       30
( 645, 672)   coste      38       38
( 645, 673)   coste      36       36
( 347, 715)   coste      38       38
( 712, 713)   coste      30       30
( 591, 712)   coste      36       36
( 712, 714)   coste      31       31
( 316, 712)   coste      31       31
( 460, 712)   coste      14       14
( 595, 716)   coste       7        7
( 456, 716)   coste      36       36
( 590, 716)   coste      41       41
(  77, 459)   coste      40       40
( 169, 415)   coste      52       52
( 432, 536)   coste      35       35
( 432, 433)   coste      19       19
( 469, 470)   coste      65       65
( 311, 717)   coste      24       24
( 311, 416)   coste      25       25
( 634, 654)   coste      31       31
( 654, 662)   coste      41       41
( 228, 643)   coste      19       19
( 228, 463)   coste      23       23
( 228, 229)   coste      22       22
( 518, 696)   coste      15       15
( 263, 264)   coste      28       28
( 211, 718)   coste      24       24
( 705, 718)   coste      38       38
( 443, 595)   coste      47       47
( 335, 443)   coste      35       35
( 237, 620)   coste      28       28
( 237, 719)   coste      22       22
( 455, 456)   coste      28       28
( 455, 590)   coste      13       13
( 138, 139)   coste      11       11
( 138, 141)   coste      16       16
( 138, 142)   coste      12       12
( 136, 138)   coste      28       28
( 242, 332)   coste      10       10
( 164, 715)   coste      38       38
( 165, 715)   coste      41       41
(   4, 660)   coste      16       16
( 181, 182)   coste      93       93
( 139, 271)   coste      35       35
( 160, 225)   coste       9        9
( 249, 697)   coste      54       54
( 220, 267)   coste      53       53
( 267, 268)   coste      14       14
( 658, 720)   coste      18       18
( 658, 694)   coste      32       32
( 374, 658)   coste      34       34
( 658, 721)   coste      19       19
( 695, 722)   coste      28       28
( 646, 647)   coste      25       25
( 646, 648)   coste      31       31
( 314, 646)   coste      47       47
( 723, 724)   coste      35       35
( 705, 723)   coste      53       53
( 327, 637)   coste      49       49
( 327, 638)   coste      32       32
( 448, 470)   coste      42       42
( 302, 470)   coste      16       16
( 208, 409)   coste      50       50
( 409, 410)   coste      27       27
( 636, 637)   coste      15       15
( 606, 632)   coste      36       36
( 128, 321)   coste      17       17
( 343, 344)   coste      24       24
( 145, 601)   coste      36       36
( 132, 299)   coste      37       37
( 676, 677)   coste      25       25
( 676, 725)   coste      31       31
(  10, 676)   coste      40       40
( 676, 699)   coste      25       25
( 583, 584)   coste      22       22
( 352, 577)   coste      27       27
( 475, 726)   coste      37       37
( 483, 647)   coste      29       29
( 571, 713)   coste      39       39
( 316, 713)   coste      28       28
(  58, 727)   coste      26       26
(  58,  59)   coste      45       45
(  58, 728)   coste      40       40
( 478, 637)   coste      51       51
( 478, 638)   coste      32       32
( 642, 662)   coste      54       54
( 662, 663)   coste      58       58
( 471, 729)   coste      35       35
( 464, 616)   coste      52       52
( 524, 620)   coste      35       35
( 122, 452)   coste      29       29
( 659, 660)   coste      46       46
( 116, 406)   coste      40       40
(  46, 648)   coste      39       39
(  46,  47)   coste      12       12
(  46,  49)   coste      45       45
( 580, 708)   coste      43       43
( 524, 719)   coste      14       14
( 730, 731)   coste       9        9
( 527, 730)   coste      11       11
( 587, 681)   coste      63       63
( 681, 728)   coste      59       59
( 330, 688)   coste      42       42
(  76,  77)   coste      45       45
(  47, 648)   coste      29       29
( 168, 249)   coste      24       24
( 566, 624)   coste      28       28
( 704, 724)   coste      37       37
( 416, 717)   coste      10       10
( 312, 717)   coste      16       16
( 717, 732)   coste       2        2
( 677, 725)   coste       7        7
( 497, 688)   coste      38       38
( 688, 689)   coste      45       45
(  27, 708)   coste      35       35
( 708, 733)   coste      55       55
( 533, 729)   coste      23       23
( 352, 578)   coste      11       11
( 259, 352)   coste      16       16
(  34, 168)   coste      27       27
( 312, 416)   coste      22       22
( 416, 732)   coste      10       10
( 511, 519)   coste      31       31
( 511, 512)   coste      38       38
( 186, 621)   coste      28       28
( 429, 734)   coste      21       21
( 111, 429)   coste      21       21
( 581, 731)   coste      41       41
( 581, 582)   coste      47       47
( 520, 521)   coste      21       21
( 520, 600)   coste      35       35
( 684, 735)   coste      37       37
( 164, 165)   coste       4        4
( 374, 684)   coste       8        8
( 684, 685)   coste      27       27
( 375, 684)   coste      15       15
( 293, 731)   coste      24       24
( 642, 663)   coste      33       33
(  55, 156)   coste      35       35
( 702, 736)   coste      57       57
( 488, 695)   coste      50       50
( 488, 489)   coste      35       35
( 463, 643)   coste      39       39
(  37, 254)   coste       4        4
( 111, 734)   coste       4        4
( 314, 315)   coste      17       17
( 314, 317)   coste      17       17
( 259, 578)   coste       9        9
( 141, 377)   coste      51       51
( 388, 604)   coste      37       37
( 115, 116)   coste      19       19
( 203, 705)   coste      53       53
( 203, 204)   coste      37       37
( 211, 703)   coste      35       35
( 703, 704)   coste      15       15
( 587, 727)   coste      58       58
( 727, 728)   coste      24       24
( 694, 720)   coste      16       16
( 720, 721)   coste      13       13
( 635, 737)   coste      12       12
(  33, 737)   coste      43       43
(  77, 635)   coste      38       38
( 315, 591)   coste      41       41
( 316, 591)   coste      26       26
( 640, 738)   coste      14       14
( 252, 413)   coste      15       15
( 252, 485)   coste      12       12
( 238, 266)   coste      13       13
( 411, 655)   coste      59       59
( 655, 663)   coste      58       58
( 699, 725)   coste      31       31
( 289, 595)   coste      40       40
( 229, 463)   coste      44       44
( 564, 664)   coste      36       36
( 456, 664)   coste      26       26
( 128, 499)   coste      32       32
( 460, 714)   coste      23       23
( 541, 567)   coste      26       26
(  82, 536)   coste      38       38
(  16,  82)   coste      21       21
(  82,  83)   coste      51       51
(  42,  43)   coste      45       45
( 672, 739)   coste      28       28
( 672, 673)   coste      12       12
( 672, 674)   coste      24       24
( 587, 728)   coste      37       37
( 694, 721)   coste      28       28
( 329, 554)   coste      12       12
( 259, 670)   coste      33       33
( 670, 740)   coste      37       37
( 673, 739)   coste      17       17
( 739, 741)   coste      33       33
( 111, 742)   coste      26       26
( 584, 743)   coste      35       35
( 328, 638)   coste       6        6
( 328, 329)   coste      38       38
( 293, 295)   coste      28       28
( 259, 740)   coste      42       42
( 272, 273)   coste      12       12
( 272, 630)   coste      23       23
( 503, 504)   coste      53       53
( 673, 674)   coste      21       21
( 673, 741)   coste      46       46
( 220, 608)   coste      26       26
( 220, 268)   coste      43       43
( 107, 108)   coste      21       21
( 107, 617)   coste      39       39
(  65, 298)   coste      25       25
( 298, 299)   coste      47       47
( 402, 557)   coste      63       63
( 339, 516)   coste      44       44
( 280, 436)   coste      35       35
( 702, 744)   coste      43       43
( 495, 496)   coste      53       53
(  83, 495)   coste      59       59
( 315, 316)   coste      32       32
( 315, 317)   coste       5        5
( 208, 410)   coste      36       36
( 273, 630)   coste      16       16
( 616, 700)   coste      29       29
( 204, 700)   coste      35       35
( 600, 745)   coste      34       34
( 374, 721)   coste      31       31
( 374, 375)   coste      16       16
( 666, 742)   coste      28       28
( 485, 507)   coste      67       67
( 316, 317)   coste      28       28
( 344, 534)   coste      38       38
( 161, 594)   coste      36       36
( 466, 467)   coste      43       43
( 338, 339)   coste      24       24
( 557, 693)   coste      46       46
(  47,  49)   coste      38       38
( 726, 742)   coste      24       24
( 323, 324)   coste      22       22
(  48, 733)   coste      33       33
(  48,  49)   coste      32       32
( 266, 597)   coste      30       30
(  33,  34)   coste      18       18
( 413, 485)   coste      20       20
LISTA_ARISTAS_NOREQ :
(   1,  67)   coste      94       94
(   1, 307)   coste      87       87
(   4,  67)   coste      95       95
(   4, 307)   coste      88       88
(   4, 659)   coste      54       54
(   8, 665)   coste       9        9
(  10, 624)   coste      42       42
(  11, 286)   coste      32       32
(  12, 285)   coste      26       26
(  13,  14)   coste      38       38
(  15,  17)   coste      25       25
(  15, 286)   coste      27       27
(  16, 430)   coste      46       46
(  19, 505)   coste      26       26
(  21, 171)   coste      46       46
(  21, 277)   coste      39       39
(  22, 170)   coste      36       36
(  22, 171)   coste      23       23
(  23, 361)   coste      40       40
(  28, 656)   coste      60       60
(  29, 665)   coste      32       32
(  30,  68)   coste      28       28
(  30, 308)   coste      51       51
(  31, 683)   coste      59       59
(  32, 248)   coste      52       52
(  32, 651)   coste      76       76
(  33, 166)   coste       6        6
(  34, 249)   coste      32       32
(  38, 555)   coste      51       51
(  38, 622)   coste      51       51
(  39, 535)   coste      33       33
(  40, 575)   coste      17       17
(  40, 651)   coste      32       32
(  41, 575)   coste      39       39
(  43, 451)   coste      28       28
(  45, 648)   coste      24       24
(  51,  53)   coste      20       20
(  51,  54)   coste      21       21
(  52,  54)   coste      19       19
(  52, 552)   coste      44       44
(  55, 153)   coste      36       36
(  56, 205)   coste      43       43
(  57,  59)   coste      22       22
(  61,  63)   coste      24       24
(  62, 504)   coste      29       29
(  63, 504)   coste      23       23
(  66, 308)   coste       5        5
(  66, 661)   coste      49       49
(  69, 596)   coste      30       30
(  70,  72)   coste      69       69
(  70, 597)   coste      36       36
(  71,  72)   coste      59       59
(  71, 596)   coste      38       38
(  73, 635)   coste      43       43
(  73, 737)   coste      40       40
(  74,  76)   coste      38       38
(  75,  76)   coste      10       10
(  75,  77)   coste      38       38
(  78, 555)   coste      47       47
(  78, 611)   coste      52       52
(  79, 263)   coste      39       39
(  82, 607)   coste      27       27
(  84, 629)   coste      20       20
(  84, 678)   coste      35       35
(  84, 679)   coste      43       43
(  85, 679)   coste      36       36
(  86, 465)   coste      56       56
(  86, 467)   coste      54       54
(  88, 301)   coste      75       75
(  90,  91)   coste      34       34
(  92, 113)   coste      16       16
(  93,  94)   coste      30       30
(  93, 703)   coste      28       28
(  94, 113)   coste      11       11
(  95, 355)   coste      38       38
(  98, 353)   coste      36       36
(  98, 355)   coste      28       28
(  99, 411)   coste      67       67
( 103, 333)   coste      23       23
( 104, 303)   coste      37       37
( 104, 551)   coste      27       27
( 104, 617)   coste      25       25
( 109, 188)   coste      55       55
( 109, 556)   coste      23       23
( 110, 556)   coste      30       30
( 115, 165)   coste      30       30
( 117, 583)   coste      36       36
( 117, 584)   coste      49       49
( 118, 496)   coste      49       49
( 118, 574)   coste      40       40
( 119, 583)   coste      50       50
( 119, 721)   coste      43       43
( 120, 190)   coste      46       46
( 120, 192)   coste      22       22
( 121, 191)   coste      29       29
( 122, 192)   coste      33       33
( 123, 673)   coste      30       30
( 123, 674)   coste      12       12
( 123, 736)   coste      31       31
( 123, 739)   coste      20       20
( 123, 741)   coste      44       44
( 124, 736)   coste      21       21
( 125, 498)   coste      30       30
( 126, 499)   coste      23       23
( 127, 566)   coste      44       44
( 130, 560)   coste      57       57
( 131, 559)   coste      46       46
( 136, 142)   coste      21       21
( 138, 403)   coste      23       23
( 140, 254)   coste      10       10
( 141, 142)   coste      16       16
( 143, 337)   coste      43       43
( 144, 184)   coste      51       51
( 150, 558)   coste      26       26
( 151, 682)   coste      45       45
( 153, 155)   coste      19       19
( 155, 156)   coste      20       20
( 157, 594)   coste      13       13
( 161, 321)   coste      28       28
( 164, 346)   coste      42       42
( 164, 347)   coste      29       29
( 165, 346)   coste      44       44
( 165, 347)   coste      27       27
( 166, 249)   coste      35       35
( 170, 540)   coste      36       36
( 170, 622)   coste      60       60
( 171, 172)   coste      19       19
( 174, 177)   coste      38       38
( 174, 640)   coste      48       48
( 174, 686)   coste      34       34
( 175, 729)   coste      36       36
( 176, 627)   coste      27       27
( 179, 181)   coste      45       45
( 180, 182)   coste      54       54
( 181, 214)   coste      17       17
( 184, 336)   coste      44       44
( 184, 515)   coste      52       52
( 185, 215)   coste      21       21
( 185, 605)   coste      16       16
( 185, 621)   coste      38       38
( 186, 215)   coste      29       29
( 186, 605)   coste      44       44
( 186, 736)   coste      14       14
( 187, 506)   coste      20       20
( 189, 369)   coste      29       29
( 189, 506)   coste      33       33
( 190, 394)   coste      35       35
( 193, 252)   coste      16       16
( 193, 484)   coste      28       28
( 193, 485)   coste      14       14
( 195, 507)   coste      52       52
( 196, 550)   coste      21       21
( 197, 550)   coste      34       34
( 198, 580)   coste      37       37
( 199, 550)   coste      11       11
( 204, 706)   coste      37       37
( 207, 411)   coste      29       29
( 212, 213)   coste      33       33
( 213, 709)   coste      46       46
( 217, 219)   coste      39       39
( 218, 509)   coste      29       29
( 221, 267)   coste      73       73
( 221, 519)   coste      69       69
( 222, 512)   coste      27       27
( 223, 282)   coste      56       56
( 229, 643)   coste       9        9
( 230, 255)   coste      21       21
( 232, 441)   coste      45       45
( 232, 625)   coste      51       51
( 233, 255)   coste      33       33
( 233, 612)   coste      52       52
( 234, 548)   coste      33       33
( 234, 549)   coste      57       57
( 236, 523)   coste      39       39
( 236, 619)   coste      31       31
( 237, 524)   coste      26       26
( 238, 597)   coste      33       33
( 239, 306)   coste      17       17
( 240, 241)   coste      25       25
( 241, 601)   coste      39       39
( 248, 517)   coste      21       21
( 249, 517)   coste      50       50
( 250, 413)   coste      23       23
( 251, 649)   coste      40       40
( 252, 484)   coste      42       42
( 253, 271)   coste      14       14
( 255, 548)   coste      40       40
( 256, 618)   coste      76       76
( 256, 740)   coste      23       23
( 258, 740)   coste      26       26
( 261, 262)   coste      39       39
( 261, 689)   coste      29       29
( 262, 688)   coste      23       23
( 266, 596)   coste      37       37
( 268, 691)   coste      33       33
( 269, 630)   coste      35       35
( 271, 403)   coste      37       37
( 275, 503)   coste      55       55
( 277, 278)   coste      44       44
( 277, 541)   coste      49       49
( 279, 280)   coste      18       18
( 280, 513)   coste      13       13
( 281, 284)   coste      20       20
( 282, 594)   coste      40       40
( 287, 334)   coste      15       15
( 288, 442)   coste      24       24
( 289, 290)   coste      24       24
( 293, 294)   coste      48       48
( 294, 295)   coste      44       44
( 296, 376)   coste      46       46
( 298, 376)   coste      16       16
( 304, 332)   coste      22       22
( 309, 416)   coste      23       23
( 309, 717)   coste      23       23
( 310, 416)   coste      41       41
( 310, 625)   coste      46       46
( 311, 312)   coste      10       10
( 317, 591)   coste      41       41
( 319, 603)   coste      23       23
( 320, 603)   coste      35       35
( 325, 554)   coste      33       33
( 327, 328)   coste      28       28
( 330, 689)   coste      15       15
( 333, 490)   coste      60       60
( 335, 378)   coste      25       25
( 340, 363)   coste      35       35
( 340, 534)   coste      24       24
( 345, 432)   coste      40       40
( 346, 715)   coste       9        9
( 348, 562)   coste      23       23
( 349, 577)   coste      13       13
( 349, 578)   coste      28       28
( 349, 599)   coste      32       32
( 349, 745)   coste      37       37
( 354, 612)   coste      59       59
( 355, 357)   coste      29       29
( 357, 678)   coste      49       49
( 358, 424)   coste      60       60
( 358, 437)   coste      33       33
( 359, 360)   coste      34       34
( 360, 443)   coste      49       49
( 361, 580)   coste      25       25
( 363, 364)   coste      44       44
( 364, 723)   coste      53       53
( 366, 369)   coste      25       25
( 368, 506)   coste      26       26
( 371, 632)   coste      22       22
( 372, 592)   coste      52       52
( 372, 699)   coste      43       43
( 373, 593)   coste       1        1
( 374, 683)   coste      45       45
( 375, 685)   coste      32       32
( 376, 710)   coste      14       14
( 377, 555)   coste      41       41
( 378, 442)   coste      23       23
( 378, 443)   coste      31       31
( 379, 567)   coste      13       13
( 379, 602)   coste      23       23
( 385, 387)   coste      43       43
( 387, 725)   coste      35       35
( 389, 697)   coste      17       17
( 389, 698)   coste      33       33
( 392, 393)   coste      50       50
( 392, 469)   coste      40       40
( 397, 439)   coste      47       47
( 397, 440)   coste      48       48
( 399, 401)   coste      26       26
( 400, 402)   coste      57       57
( 400, 640)   coste      52       52
( 400, 686)   coste      41       41
( 405, 406)   coste      28       28
( 407, 586)   coste      51       51
( 408, 642)   coste      77       77
( 409, 585)   coste      35       35
( 409, 586)   coste      30       30
( 412, 485)   coste      14       14
( 414, 441)   coste      28       28
( 415, 514)   coste      43       43
( 415, 515)   coste      34       34
( 420, 422)   coste      27       27
( 421, 655)   coste      56       56
( 425, 429)   coste      25       25
( 425, 734)   coste      31       31
( 426, 427)   coste      24       24
( 429, 742)   coste      29       29
( 430, 536)   coste       7        7
( 430, 607)   coste      16       16
( 433, 536)   coste      18       18
( 435, 723)   coste      62       62
( 445, 447)   coste      51       51
( 446, 447)   coste      19       19
( 446, 486)   coste      23       23
( 446, 488)   coste      44       44
( 449, 610)   coste      33       33
( 450, 709)   coste       4        4
( 452, 714)   coste      44       44
( 453, 590)   coste      41       41
( 453, 716)   coste      22       22
( 454, 626)   coste       7        7
( 456, 590)   coste      36       36
( 457, 570)   coste      34       34
( 458, 459)   coste      22       22
( 459, 714)   coste      44       44
( 461, 526)   coste      47       47
( 461, 643)   coste      34       34
( 462, 525)   coste      40       40
( 462, 582)   coste      49       49
( 464, 700)   coste      32       32
( 472, 665)   coste      33       33
( 474, 666)   coste      17       17
( 474, 742)   coste      41       41
( 475, 542)   coste      43       43
( 475, 543)   coste      23       23
( 475, 666)   coste      27       27
( 476, 636)   coste      40       40
( 477, 478)   coste      20       20
( 477, 479)   coste      37       37
( 479, 559)   coste       3        3
( 479, 560)   coste      43       43
( 480, 647)   coste      40       40
( 487, 488)   coste       8        8
( 491, 623)   coste      37       37
( 494, 572)   coste      20       20
( 497, 611)   coste      34       34
( 500, 537)   coste      27       27
( 502, 503)   coste      38       38
( 509, 510)   coste      17       17
( 512, 519)   coste      20       20
( 522, 719)   coste      34       34
( 523, 719)   coste      19       19
( 525, 581)   coste      27       27
( 527, 581)   coste      33       33
( 529, 569)   coste      39       39
( 529, 707)   coste      39       39
( 530, 568)   coste      51       51
( 531, 623)   coste      22       22
( 531, 624)   coste      43       43
( 532, 729)   coste      20       20
( 536, 608)   coste      23       23
( 538, 539)   coste      48       48
( 538, 639)   coste      35       35
( 538, 641)   coste      14       14
( 543, 545)   coste      13       13
( 545, 726)   coste      39       39
( 552, 617)   coste      40       40
( 556, 734)   coste      10       10
( 559, 560)   coste      43       43
( 567, 602)   coste      31       31
( 569, 707)   coste      54       54
( 573, 574)   coste      20       20
( 573, 743)   coste       9        9
( 579, 708)   coste      42       42
( 579, 733)   coste      15       15
( 581, 730)   coste      35       35
( 588, 741)   coste      40       40
( 592, 614)   coste      28       28
( 599, 650)   coste      28       28
( 599, 745)   coste      10       10
( 601, 627)   coste      11       11
( 607, 691)   coste      34       34
( 608, 691)   coste      14       14
( 613, 722)   coste       5        5
( 615, 616)   coste      13       13
( 617, 619)   coste      35       35
( 621, 736)   coste      37       37
( 626, 664)   coste      33       33
( 633, 634)   coste       8        8
( 639, 738)   coste      33       33
( 641, 738)   coste      16       16
( 645, 671)   coste      48       48
( 649, 696)   coste      11       11
( 650, 696)   coste      30       30
( 650, 745)   coste      29       29
( 652, 744)   coste      52       52
( 657, 720)   coste      48       48
( 659, 661)   coste      73       73
( 659, 682)   coste      22       22
( 666, 726)   coste      38       38
( 667, 692)   coste      40       40
( 667, 693)   coste      10       10
( 669, 670)   coste      21       21
( 670, 693)   coste      15       15
( 671, 701)   coste      13       13
( 671, 702)   coste      52       52
( 674, 739)   coste      18       18
( 677, 699)   coste      30       30
( 681, 727)   coste      54       54
( 683, 735)   coste      19       19
( 685, 735)   coste      15       15
( 687, 715)   coste      57       57
( 697, 698)   coste      32       32
( 698, 745)   coste      38       38
( 701, 744)   coste      35       35
( 703, 718)   coste      18       18
( 704, 705)   coste      19       19
( 704, 718)   coste      22       22
( 705, 724)   coste      38       38
( 718, 724)   coste      32       32
