NOMBRE : UR742
COMENTARIO : 122  componentes 
VERTICES :  538
ARISTAS_REQ :  439
ARISTAS_NOREQ :  886
LISTA_ARISTAS_REQ :
(   1,   2)   coste      49       49
(   1,   3)   coste      20       20
(   1,   4)   coste      31       31
(   5,   6)   coste      42       42
(   7,   8)   coste      17       17
(   9,  10)   coste      48       48
(  11,  12)   coste      11       11
(  13,  14)   coste      49       49
(  13,  15)   coste      46       46
(  16,  17)   coste      29       29
(  18,  19)   coste      42       42
(  20,  21)   coste       4        4
(  22,  23)   coste      37       37
(  22,  24)   coste      43       43
(  25,  26)   coste      45       45
(  25,  27)   coste      30       30
(  28,  29)   coste      43       43
(  28,  30)   coste      42       42
(  31,  32)   coste      38       38
(  31,  33)   coste      19       19
(  31,  34)   coste      36       36
(  31,  35)   coste      31       31
(  31,  36)   coste       7        7
(  37,  38)   coste      49       49
(  39,  40)   coste      16       16
(  41,  42)   coste      34       34
(  41,  43)   coste      48       48
(  41,  44)   coste      44       44
(  45,  46)   coste      23       23
(  45,  47)   coste      24       24
(  48,  49)   coste      57       57
(  50,  51)   coste      35       35
(  50,  52)   coste      15       15
(  53,  54)   coste      25       25
(  53,  55)   coste      28       28
(  14,  56)   coste      35       35
(  14,  57)   coste      32       32
(  58,  59)   coste      27       27
(  58,  60)   coste      40       40
(  61,  62)   coste      28       28
(  61,  63)   coste      32       32
(  64,  65)   coste      42       42
(  66,  67)   coste       2        2
(  66,  68)   coste      30       30
(  66,  69)   coste      16       16
(   6,  70)   coste      51       51
(  70,  71)   coste      29       29
(  70,  72)   coste      28       28
(  73,  74)   coste      55       55
(  75,  76)   coste      26       26
(  77,  78)   coste      30       30
(  77,  79)   coste      30       30
(  80,  81)   coste       6        6
(  82,  83)   coste      55       55
(  84,  85)   coste      50       50
(  84,  86)   coste      43       43
(  84,  87)   coste      46       46
(  84,  88)   coste      30       30
(  84,  89)   coste      25       25
(  90,  91)   coste      16       16
(  92,  93)   coste      50       50
(  94,  95)   coste      45       45
(  96,  97)   coste      29       29
(  23,  96)   coste      55       55
(  98,  99)   coste      22       22
( 100, 101)   coste       4        4
( 102, 103)   coste      51       51
(  56, 104)   coste      20       20
(  56, 105)   coste      47       47
( 106, 107)   coste      31       31
( 106, 108)   coste       4        4
( 109, 110)   coste      31       31
( 111, 112)   coste      36       36
( 111, 113)   coste      31       31
(  46,  97)   coste      32       32
(  59, 114)   coste      30       30
( 114, 115)   coste      24       24
( 116, 117)   coste      53       53
( 116, 118)   coste      43       43
( 119, 120)   coste      59       59
( 121, 122)   coste      25       25
( 123, 124)   coste      37       37
( 125, 126)   coste      15       15
( 127, 128)   coste      29       29
( 129, 130)   coste      24       24
( 131, 132)   coste      41       41
( 131, 133)   coste      46       46
( 131, 134)   coste      52       52
( 131, 135)   coste      21       21
( 136, 137)   coste      17       17
( 138, 139)   coste      54       54
( 138, 140)   coste      52       52
( 141, 142)   coste      32       32
( 141, 143)   coste      55       55
( 144, 145)   coste      51       51
( 144, 146)   coste      50       50
( 147, 148)   coste      40       40
( 147, 149)   coste      38       38
( 150, 151)   coste      35       35
( 150, 152)   coste      22       22
( 153, 154)   coste      21       21
(  85,  89)   coste      44       44
( 155, 156)   coste      71       71
(  60, 155)   coste      64       64
( 155, 157)   coste      32       32
( 158, 159)   coste      29       29
( 117, 160)   coste      22       22
( 161, 162)   coste      21       21
( 163, 164)   coste      36       36
( 165, 166)   coste      32       32
( 167, 168)   coste      56       56
(  67,  69)   coste      15       15
( 169, 170)   coste      28       28
( 171, 172)   coste       8        8
( 173, 174)   coste      17       17
( 173, 175)   coste      30       30
( 176, 177)   coste      20       20
( 176, 178)   coste      26       26
( 176, 179)   coste      26       26
( 145, 180)   coste      58       58
( 181, 182)   coste      44       44
( 183, 184)   coste      42       42
( 183, 185)   coste      40       40
( 186, 187)   coste      29       29
( 186, 188)   coste      40       40
( 189, 190)   coste      41       41
( 191, 192)   coste      51       51
( 191, 193)   coste      31       31
(  51, 194)   coste       8        8
( 194, 195)   coste      23       23
( 196, 197)   coste      44       44
( 196, 198)   coste      35       35
( 199, 200)   coste      57       57
( 115, 199)   coste      40       40
( 168, 201)   coste      47       47
( 202, 203)   coste      13       13
( 204, 205)   coste      45       45
( 120, 206)   coste      26       26
( 120, 207)   coste      10       10
( 120, 208)   coste      67       67
( 120, 209)   coste      45       45
( 210, 211)   coste      21       21
( 210, 212)   coste      20       20
( 213, 214)   coste      45       45
( 213, 215)   coste      26       26
( 216, 217)   coste       6        6
( 132, 218)   coste      63       63
( 219, 220)   coste      39       39
( 221, 222)   coste      19       19
( 221, 223)   coste      14       14
( 224, 225)   coste      28       28
( 226, 227)   coste      41       41
( 226, 228)   coste      40       40
( 225, 229)   coste      36       36
(  40, 229)   coste      34       34
( 148, 203)   coste      39       39
( 230, 231)   coste      44       44
( 230, 232)   coste      28       28
( 230, 233)   coste      19       19
( 230, 234)   coste      34       34
( 230, 235)   coste      15       15
( 236, 237)   coste      47       47
( 236, 238)   coste      23       23
( 133, 239)   coste      31       31
( 239, 240)   coste      26       26
( 241, 242)   coste      38       38
( 243, 244)   coste      38       38
( 243, 245)   coste      32       32
( 243, 246)   coste      26       26
( 243, 247)   coste      22       22
( 248, 249)   coste      46       46
( 250, 251)   coste      43       43
( 214, 252)   coste      36       36
( 253, 254)   coste      24       24
( 177, 178)   coste       9        9
( 255, 256)   coste      15       15
( 255, 257)   coste      27       27
( 258, 259)   coste      89       89
( 187, 260)   coste       9        9
( 261, 262)   coste      27       27
( 179, 261)   coste      30       30
( 263, 264)   coste      62       62
( 265, 266)   coste      44       44
( 152, 265)   coste      39       39
( 267, 268)   coste      48       48
( 269, 270)   coste      20       20
( 271, 272)   coste      40       40
(  47, 271)   coste      36       36
( 273, 274)   coste      46       46
( 117, 275)   coste      35       35
( 117, 276)   coste      37       37
( 206, 277)   coste      34       34
( 278, 279)   coste      34       34
( 280, 281)   coste      53       53
( 280, 282)   coste      42       42
( 283, 284)   coste      55       55
( 283, 285)   coste       5        5
( 279, 286)   coste      47       47
( 287, 288)   coste      19       19
( 287, 289)   coste      35       35
(  46, 290)   coste      41       41
( 291, 292)   coste      32       32
( 291, 293)   coste      40       40
( 142, 294)   coste      43       43
( 295, 296)   coste      12       12
( 256, 297)   coste      27       27
( 298, 299)   coste      17       17
( 300, 301)   coste       9        9
(  24, 300)   coste      24       24
( 113, 300)   coste      34       34
( 302, 303)   coste      31       31
( 302, 304)   coste      29       29
( 305, 306)   coste      36       36
( 305, 307)   coste      40       40
( 305, 308)   coste      19       19
(  24, 309)   coste      29       29
( 113, 309)   coste      28       28
( 310, 311)   coste      21       21
( 312, 313)   coste      40       40
( 314, 315)   coste      34       34
(   2, 316)   coste      46       46
( 306, 317)   coste      32       32
( 317, 318)   coste      16       16
( 319, 320)   coste      49       49
( 266, 321)   coste      28       28
( 322, 323)   coste      27       27
( 322, 324)   coste      54       54
( 322, 325)   coste      50       50
( 326, 327)   coste      39       39
( 328, 329)   coste      17       17
( 330, 331)   coste      43       43
( 193, 330)   coste      31       31
(  19, 294)   coste      23       23
( 332, 333)   coste      10       10
( 244, 334)   coste      17       17
( 334, 335)   coste      33       33
( 245, 334)   coste      24       24
( 334, 336)   coste      57       57
(  95, 334)   coste      31       31
( 337, 338)   coste       4        4
(   6, 339)   coste      25       25
( 339, 340)   coste      19       19
( 341, 342)   coste      39       39
( 108, 343)   coste      58       58
( 344, 345)   coste      58       58
( 344, 346)   coste      63       63
( 323, 347)   coste      47       47
( 325, 347)   coste      66       66
(  33, 348)   coste      39       39
(  86, 349)   coste      32       32
(  86, 350)   coste      54       54
(  86,  89)   coste      20       20
( 351, 352)   coste      16       16
(  83, 208)   coste      34       34
( 208, 353)   coste      13       13
( 354, 355)   coste      56       56
( 354, 356)   coste      45       45
( 357, 358)   coste      29       29
( 231, 233)   coste      26       26
( 359, 360)   coste      30       30
( 361, 362)   coste      15       15
( 361, 363)   coste      48       48
( 361, 364)   coste      29       29
( 166, 365)   coste      31       31
( 104, 366)   coste      35       35
( 266, 367)   coste      28       28
( 368, 369)   coste      16       16
( 368, 370)   coste       4        4
( 211, 264)   coste      46       46
( 225, 371)   coste      40       40
( 372, 373)   coste       5        5
( 308, 372)   coste      36       36
( 374, 375)   coste      37       37
( 376, 377)   coste      45       45
( 378, 379)   coste      12       12
( 380, 381)   coste      14       14
( 380, 382)   coste      28       28
( 383, 384)   coste      69       69
( 324, 383)   coste      36       36
( 385, 386)   coste      49       49
( 387, 388)   coste      19       19
( 389, 390)   coste      20       20
( 391, 392)   coste      31       31
(  83, 393)   coste      59       59
(  83, 394)   coste      58       58
( 395, 396)   coste      14       14
( 397, 398)   coste      39       39
( 399, 400)   coste      68       68
( 277, 401)   coste      41       41
( 402, 403)   coste       1        1
( 329, 367)   coste      36       36
( 192, 404)   coste      42       42
( 405, 406)   coste      47       47
( 407, 408)   coste      25       25
( 143, 407)   coste      70       70
( 407, 409)   coste      56       56
( 137, 410)   coste      33       33
( 411, 412)   coste      39       39
( 170, 413)   coste      25       25
(  71,  72)   coste      29       29
( 281, 414)   coste      49       49
( 282, 414)   coste       9        9
( 414, 415)   coste      20       20
( 232, 234)   coste      22       22
( 416, 417)   coste      34       34
(  29, 418)   coste      39       39
(  29, 289)   coste      35       35
( 419, 420)   coste      27       27
( 285, 419)   coste       8        8
( 421, 422)   coste      19       19
( 260, 329)   coste      16       16
(  52,  62)   coste      26       26
(  52, 423)   coste      32       32
( 340, 424)   coste      31       31
( 345, 425)   coste      56       56
( 426, 427)   coste      44       44
( 139, 428)   coste      45       45
(  34, 282)   coste      38       38
( 277, 429)   coste      41       41
( 430, 431)   coste      23       23
( 331, 432)   coste      27       27
( 211, 433)   coste      13       13
( 434, 435)   coste      35       35
( 436, 437)   coste      48       48
( 212, 433)   coste      25       25
( 433, 438)   coste      37       37
( 134, 439)   coste      23       23
(   3, 440)   coste      34       34
( 335, 441)   coste      30       30
( 209, 355)   coste      60       60
( 217, 442)   coste       8        8
( 318, 443)   coste      16       16
( 228, 444)   coste      33       33
( 342, 445)   coste      17       17
( 307, 445)   coste      32       32
( 362, 446)   coste      28       28
( 447, 448)   coste       9        9
( 288, 449)   coste      24       24
( 288, 450)   coste      52       52
( 292, 451)   coste      25       25
( 178, 182)   coste      45       45
( 146, 242)   coste      26       26
( 390, 452)   coste      38       38
( 275, 453)   coste      29       29
( 384, 454)   coste      46       46
( 455, 456)   coste      38       38
( 457, 458)   coste      21       21
( 381, 459)   coste      25       25
( 242, 460)   coste      26       26
( 139, 313)   coste      41       41
( 296, 461)   coste      14       14
( 462, 463)   coste      17       17
( 462, 464)   coste      25       25
( 184, 465)   coste      47       47
( 184, 185)   coste      21       21
( 466, 467)   coste      47       47
(  38, 468)   coste      26       26
( 166, 469)   coste      46       46
( 470, 471)   coste      39       39
( 164, 472)   coste      35       35
( 262, 473)   coste      33       33
( 474, 475)   coste      30       30
( 476, 477)   coste      19       19
( 371, 478)   coste      36       36
( 479, 480)   coste      30       30
( 481, 482)   coste      53       53
( 481, 483)   coste      23       23
( 242, 482)   coste      26       26
(  89, 349)   coste      33       33
( 151, 350)   coste      14       14
(   8, 151)   coste      43       43
( 234, 484)   coste      40       40
( 320, 485)   coste      45       45
( 486, 487)   coste      37       37
( 205, 488)   coste      28       28
(  40, 489)   coste      11       11
( 490, 491)   coste      18       18
( 492, 493)   coste      34       34
( 449, 494)   coste      34       34
( 118, 449)   coste      44       44
( 185, 495)   coste      28       28
(  93, 496)   coste      43       43
( 497, 498)   coste       6        6
( 254, 499)   coste      43       43
( 500, 501)   coste      23       23
( 162, 487)   coste      34       34
( 487, 502)   coste      33       33
( 499, 503)   coste      44       44
( 504, 505)   coste      15       15
(  95, 506)   coste      30       30
( 381, 382)   coste      31       31
( 274, 507)   coste      26       26
( 379, 507)   coste      16       16
( 508, 509)   coste      37       37
( 122, 508)   coste      35       35
( 113, 510)   coste       7        7
( 437, 463)   coste      53       53
( 285, 420)   coste      34       34
( 441, 511)   coste      28       28
( 512, 513)   coste      25       25
( 512, 514)   coste      24       24
( 417, 515)   coste      33       33
(  42, 516)   coste      24       24
(  42,  43)   coste      15       15
( 394, 517)   coste      34       34
( 242, 518)   coste      28       28
( 409, 519)   coste      34       34
(  60, 157)   coste      52       52
( 520, 521)   coste      45       45
( 425, 522)   coste      48       48
( 396, 523)   coste      12       12
(  62,  63)   coste       9        9
(  91, 417)   coste      18       18
( 400, 524)   coste      65       65
( 370, 513)   coste      34       34
( 456, 458)   coste      16       16
( 400, 427)   coste      42       42
(  81, 521)   coste      42       42
( 315, 525)   coste      16       16
( 218, 324)   coste      34       34
(   4, 440)   coste      28       28
( 471, 526)   coste      13       13
( 467, 527)   coste      44       44
( 527, 528)   coste      52       52
( 352, 529)   coste      29       29
( 530, 531)   coste      36       36
( 450, 532)   coste      37       37
( 533, 534)   coste      38       38
( 118, 453)   coste      44       44
( 246, 247)   coste      16       16
( 282, 415)   coste      28       28
(  10, 103)   coste      31       31
( 535, 536)   coste      48       48
(  17, 228)   coste      25       25
( 103, 377)   coste      35       35
( 382, 475)   coste      23       23
( 498, 537)   coste      49       49
(  17, 538)   coste      35       35
(  76, 537)   coste      43       43
LISTA_ARISTAS_NOREQ :
(   1, 440)   coste      16       16
(   2,   3)   coste      30       30
(   2,  56)   coste     115      115
(   2,  57)   coste      90       90
(   2, 274)   coste      34       34
(   2, 507)   coste      35       35
(   3, 274)   coste      54       54
(   3, 379)   coste      78       78
(   4, 109)   coste      43       43
(   4, 110)   coste      47       47
(   4, 314)   coste      56       56
(   5,  70)   coste      13       13
(   5,  71)   coste      17       17
(   5,  72)   coste      20       20
(   6,  71)   coste      27       27
(   6, 268)   coste      39       39
(   7, 150)   coste      54       54
(   7, 164)   coste      75       75
(   7, 472)   coste      60       60
(   8, 150)   coste      43       43
(   8, 164)   coste      90       90
(   8, 472)   coste      56       56
(   9,  61)   coste      97       97
(   9,  63)   coste      92       92
(   9, 102)   coste      45       45
(   9, 103)   coste      24       24
(   9, 165)   coste      98       98
(  10, 365)   coste      41       41
(  10, 377)   coste      38       38
(  11, 251)   coste      85       85
(  11, 511)   coste      29       29
(  12, 251)   coste      77       77
(  12, 270)   coste      39       39
(  12, 511)   coste      27       27
(  13,  64)   coste      52       52
(  13, 105)   coste      34       34
(  14,  65)   coste     140      140
(  14, 105)   coste      17       17
(  14, 394)   coste     138      138
(  14, 517)   coste     165      165
(  15,  27)   coste      95       95
(  15, 105)   coste      41       41
(  15, 215)   coste      37       37
(  16, 125)   coste      32       32
(  16, 374)   coste      28       28
(  16, 375)   coste      52       52
(  17, 163)   coste      69       69
(  17, 374)   coste      31       31
(  18, 142)   coste      51       51
(  18, 224)   coste      81       81
(  18, 294)   coste      21       21
(  19, 142)   coste      57       57
(  19, 462)   coste      83       83
(  19, 464)   coste     101      101
(  20, 180)   coste      42       42
(  20, 458)   coste      27       27
(  20, 504)   coste      69       69
(  21, 259)   coste      85       85
(  21, 455)   coste      45       45
(  21, 458)   coste      28       28
(  21, 504)   coste      68       68
(  22, 300)   coste      21       21
(  22, 301)   coste      29       29
(  23,  26)   coste     111      111
(  23,  65)   coste     106      106
(  23,  98)   coste      29       29
(  23,  99)   coste      24       24
(  24,  45)   coste      42       42
(  24,  46)   coste      60       60
(  24,  47)   coste      57       57
(  24,  97)   coste      81       81
(  24, 301)   coste      21       21
(  25,  64)   coste      20       20
(  25, 491)   coste      39       39
(  26,  64)   coste      58       58
(  26,  65)   coste      87       87
(  26,  98)   coste     130      130
(  26,  99)   coste     111      111
(  26, 237)   coste      53       53
(  27,  64)   coste      43       43
(  27, 215)   coste      69       69
(  27, 236)   coste      40       40
(  27, 254)   coste     126      126
(  27, 491)   coste      27       27
(  28,  92)   coste      47       47
(  28, 156)   coste      60       60
(  28, 256)   coste      45       45
(  28, 257)   coste      32       32
(  28, 418)   coste      17       17
(  28, 496)   coste      63       63
(  29,  92)   coste      39       39
(  30,  60)   coste      23       23
(  30, 155)   coste      61       61
(  30, 157)   coste      61       61
(  30, 256)   coste      41       41
(  30, 257)   coste      56       56
(  30, 418)   coste      58       58
(  32,  34)   coste      15       15
(  32, 414)   coste      33       33
(  32, 415)   coste      15       15
(  33,  35)   coste      29       29
(  33,  36)   coste      15       15
(  33, 535)   coste      51       51
(  34, 414)   coste      30       30
(  34, 415)   coste      12       12
(  35,  36)   coste      35       35
(  36,  70)   coste     196      196
(  36,  72)   coste     193      193
(  36, 149)   coste      88       88
(  36, 348)   coste      36       36
(  36, 410)   coste      65       65
(  37, 181)   coste      39       39
(  37, 331)   coste      39       39
(  37, 432)   coste      63       63
(  38, 181)   coste      77       77
(  38, 331)   coste      23       23
(  38, 432)   coste      16       16
(  39, 225)   coste      17       17
(  39, 229)   coste      21       21
(  39, 478)   coste      17       17
(  40, 225)   coste       6        6
(  41, 196)   coste      77       77
(  41, 198)   coste      72       72
(  41, 271)   coste     142      142
(  41, 272)   coste     148      148
(  41, 376)   coste     173      173
(  41, 516)   coste      35       35
(  43, 196)   coste      80       80
(  43, 198)   coste      75       75
(  43, 516)   coste      35       35
(  44, 102)   coste      36       36
(  44, 271)   coste     118      118
(  44, 272)   coste     124      124
(  44, 376)   coste     146      146
(  45,  97)   coste      50       50
(  46,  47)   coste      44       44
(  46,  96)   coste      54       54
(  48,  53)   coste      39       39
(  48,  54)   coste      28       28
(  48,  55)   coste      30       30
(  48, 278)   coste      34       34
(  49, 186)   coste      38       38
(  49, 187)   coste      38       38
(  50,  62)   coste      40       40
(  50, 117)   coste      95       95
(  50, 160)   coste      94       94
(  50, 194)   coste      32       32
(  50, 276)   coste      73       73
(  50, 423)   coste      29       29
(  51,  53)   coste      27       27
(  51, 195)   coste      22       22
(  51, 423)   coste       9        9
(  52,  63)   coste      31       31
(  53, 195)   coste      22       22
(  53, 278)   coste      29       29
(  53, 279)   coste      55       55
(  53, 286)   coste      58       58
(  54,  55)   coste       4        4
(  54, 278)   coste      42       42
(  55,  61)   coste      27       27
(  56,  57)   coste      30       30
(  56,  65)   coste     122      122
(  56, 316)   coste      86       86
(  56, 378)   coste     118      118
(  56, 394)   coste     120      120
(  56, 507)   coste     106      106
(  56, 517)   coste     147      147
(  57, 104)   coste      46       46
(  57, 316)   coste      61       61
(  57, 378)   coste      93       93
(  57, 507)   coste      81       81
(  58, 115)   coste      64       64
(  58, 255)   coste      31       31
(  58, 256)   coste      35       35
(  59, 115)   coste      49       49
(  59, 255)   coste      33       33
(  60, 256)   coste      42       42
(  60, 257)   coste      62       62
(  60, 418)   coste      64       64
(  63, 165)   coste      42       42
(  65,  99)   coste     103      103
(  65, 104)   coste     121      121
(  65, 394)   coste      70       70
(  65, 517)   coste      94       94
(  66, 153)   coste      34       34
(  67, 153)   coste      35       35
(  67, 284)   coste      56       56
(  68, 224)   coste      29       29
(  68, 229)   coste      40       40
(  68, 375)   coste      65       65
(  68, 489)   coste      28       28
(  69, 143)   coste     157      157
(  69, 153)   coste      33       33
(  69, 283)   coste      32       32
(  69, 284)   coste      46       46
(  70, 136)   coste     132      132
(  70, 169)   coste     262      262
(  70, 170)   coste     242      242
(  70, 202)   coste     134      134
(  70, 348)   coste     186      186
(  70, 410)   coste     132      132
(  72, 136)   coste     129      129
(  72, 169)   coste     259      259
(  72, 170)   coste     239      239
(  72, 202)   coste     131      131
(  72, 302)   coste      28       28
(  72, 348)   coste     183      183
(  72, 410)   coste     129      129
(  73, 299)   coste     104      104
(  73, 439)   coste      68       68
(  74, 184)   coste      52       52
(  74, 299)   coste     148      148
(  74, 439)   coste      54       54
(  75, 248)   coste      42       42
(  75, 337)   coste      41       41
(  75, 338)   coste      40       40
(  76, 248)   coste      38       38
(  76, 388)   coste      34       34
(  77, 263)   coste     110      110
(  78,  79)   coste      21       21
(  78, 263)   coste      86       86
(  79, 279)   coste      58       58
(  80, 289)   coste      52       52
(  81, 289)   coste      55       55
(  82, 104)   coste      56       56
(  82, 316)   coste     120      120
(  82, 366)   coste      28       28
(  82, 393)   coste      11       11
(  82, 536)   coste     100      100
(  83, 353)   coste      39       39
(  83, 366)   coste      45       45
(  84, 349)   coste      35       35
(  84, 448)   coste      81       81
(  84, 476)   coste      89       89
(  84, 477)   coste      77       77
(  85, 405)   coste      28       28
(  85, 448)   coste      80       80
(  85, 476)   coste      88       88
(  85, 477)   coste      76       76
(  87,  88)   coste      46       46
(  87, 151)   coste      54       54
(  87, 349)   coste      30       30
(  88, 447)   coste      50       50
(  88, 476)   coste      91       91
(  88, 477)   coste      79       79
(  89, 405)   coste      56       56
(  90, 227)   coste      41       41
(  90, 417)   coste       7        7
(  90, 515)   coste      35       35
(  91, 227)   coste      56       56
(  91, 447)   coste      40       40
(  91, 515)   coste      23       23
(  92, 156)   coste      63       63
(  92, 496)   coste      53       53
(  94, 238)   coste     105      105
(  94, 253)   coste      28       28
(  94, 254)   coste      51       51
(  94, 499)   coste      60       60
(  94, 503)   coste      19       19
(  94, 506)   coste      26       26
(  95, 238)   coste      91       91
(  95, 244)   coste      21       21
(  96,  98)   coste      43       43
(  97, 122)   coste     108      108
(  97, 466)   coste     101      101
(  97, 467)   coste      93       93
(  97, 528)   coste     110      110
(  98, 121)   coste      53       53
( 100, 167)   coste      18       18
( 100, 201)   coste      68       68
( 101, 167)   coste      21       21
( 101, 201)   coste      65       65
( 104, 394)   coste     119      119
( 104, 517)   coste     146      146
( 106, 343)   coste      56       56
( 106, 425)   coste      33       33
( 107, 108)   coste      28       28
( 107, 344)   coste      39       39
( 107, 425)   coste      54       54
( 108, 344)   coste      65       65
( 108, 425)   coste      36       36
( 109, 158)   coste      46       46
( 109, 314)   coste      52       52
( 109, 525)   coste      42       42
( 110, 158)   coste      35       35
( 110, 159)   coste      62       62
( 110, 173)   coste      43       43
( 110, 175)   coste      37       37
( 111, 205)   coste      17       17
( 111, 402)   coste      80       80
( 111, 510)   coste      33       33
( 111, 517)   coste      80       80
( 112, 205)   coste      20       20
( 112, 402)   coste      50       50
( 112, 488)   coste      20       20
( 113, 301)   coste      27       27
( 115, 391)   coste      27       27
( 115, 392)   coste      37       37
( 116, 160)   coste      44       44
( 116, 275)   coste      34       34
( 117, 532)   coste      91       91
( 118, 210)   coste     172      172
( 118, 212)   coste     185      185
( 118, 275)   coste      45       45
( 118, 438)   coste     215      215
( 118, 479)   coste     119      119
( 118, 520)   coste      92       92
( 119, 129)   coste     118      118
( 119, 204)   coste      47       47
( 119, 401)   coste      33       33
( 120, 353)   coste      61       61
( 120, 354)   coste      65       65
( 120, 401)   coste      40       40
( 121, 237)   coste      66       66
( 121, 509)   coste      16       16
( 122, 466)   coste     101      101
( 122, 467)   coste      93       93
( 122, 509)   coste      13       13
( 122, 528)   coste     110      110
( 123, 142)   coste     114      114
( 123, 240)   coste      55       55
( 123, 462)   coste      90       90
( 123, 519)   coste      92       92
( 124, 240)   coste      53       53
( 124, 325)   coste     128      128
( 124, 327)   coste      72       72
( 124, 430)   coste     100      100
( 124, 431)   coste     100      100
( 124, 462)   coste     109      109
( 124, 531)   coste      98       98
( 125, 343)   coste      61       61
( 125, 538)   coste      33       33
( 126, 163)   coste      42       42
( 126, 228)   coste      78       78
( 126, 343)   coste      74       74
( 126, 538)   coste      26       26
( 127, 154)   coste      35       35
( 127, 425)   coste      33       33
( 127, 522)   coste      22       22
( 128, 154)   coste      35       35
( 128, 343)   coste      73       73
( 128, 375)   coste      22       22
( 129, 277)   coste      72       72
( 129, 381)   coste      21       21
( 129, 401)   coste      94       94
( 129, 459)   coste       7        7
( 130, 380)   coste      31       31
( 130, 381)   coste      19       19
( 130, 382)   coste      32       32
( 130, 397)   coste      39       39
( 130, 398)   coste      31       31
( 130, 459)   coste      22       22
( 131, 239)   coste      57       57
( 131, 323)   coste      55       55
( 132, 134)   coste      25       25
( 132, 135)   coste      52       52
( 132, 439)   coste      47       47
( 133, 135)   coste      37       37
( 133, 240)   coste      54       54
( 133, 495)   coste      39       39
( 134, 299)   coste     139      139
( 135, 239)   coste      61       61
( 136, 148)   coste      30       30
( 136, 202)   coste      26       26
( 136, 203)   coste      38       38
( 137, 147)   coste      46       46
( 137, 148)   coste      34       34
( 137, 202)   coste      42       42
( 138, 313)   coste      73       73
( 138, 428)   coste      82       82
( 138, 483)   coste      75       75
( 139, 312)   coste      13       13
( 139, 426)   coste      36       36
( 139, 483)   coste     120      120
( 140, 483)   coste      30       30
( 141, 407)   coste      27       27
( 141, 408)   coste      37       37
( 142, 407)   coste      16       16
( 142, 519)   coste      95       95
( 143, 171)   coste     207      207
( 143, 283)   coste     155      155
( 143, 284)   coste     116      116
( 143, 408)   coste      56       56
( 144, 399)   coste      46       46
( 144, 524)   coste      32       32
( 145, 146)   coste       3        3
( 146, 518)   coste      49       49
( 147, 281)   coste      82       82
( 147, 498)   coste     144      144
( 148, 202)   coste      32       32
( 148, 281)   coste     103      103
( 148, 498)   coste     168      168
( 149, 169)   coste     167      167
( 149, 170)   coste     147      147
( 149, 348)   coste      78       78
( 149, 410)   coste      37       37
( 150, 189)   coste      50       50
( 151, 152)   coste      15       15
( 152, 350)   coste      19       19
( 153, 283)   coste      34       34
( 153, 285)   coste      35       35
( 153, 419)   coste      29       29
( 153, 420)   coste      34       34
( 154, 420)   coste      23       23
( 154, 522)   coste      24       24
( 156, 256)   coste     103      103
( 156, 496)   coste      15       15
( 157, 199)   coste     148      148
( 157, 200)   coste      95       95
( 157, 487)   coste     144      144
( 159, 310)   coste      43       43
( 159, 311)   coste      63       63
( 159, 470)   coste      22       22
( 159, 492)   coste      50       50
( 159, 493)   coste      62       62
( 160, 275)   coste      43       43
( 160, 276)   coste      49       49
( 161, 487)   coste      33       33
( 161, 502)   coste      29       29
( 162, 335)   coste      61       61
( 162, 441)   coste      34       34
( 162, 486)   coste      11       11
( 162, 502)   coste      46       46
( 162, 511)   coste      55       55
( 163, 228)   coste      76       76
( 163, 444)   coste     108      108
( 163, 538)   coste      35       35
( 164, 444)   coste      92       92
( 165, 220)   coste      46       46
( 165, 365)   coste      25       25
( 166, 220)   coste      16       16
( 166, 319)   coste      51       51
( 166, 320)   coste      21       21
( 167, 201)   coste      84       84
( 167, 280)   coste     109      109
( 168, 280)   coste      76       76
( 169, 348)   coste     103      103
( 169, 410)   coste     131      131
( 169, 413)   coste      43       43
( 170, 348)   coste      83       83
( 170, 410)   coste     111      111
( 170, 535)   coste      35       35
( 171, 284)   coste     143      143
( 171, 285)   coste      96       96
( 172, 345)   coste      13       13
( 172, 346)   coste       8        8
( 172, 425)   coste      54       54
( 173, 492)   coste      17       17
( 174, 175)   coste      25       25
( 174, 232)   coste      24       24
( 174, 492)   coste      31       31
( 175, 235)   coste      35       35
( 177, 182)   coste      44       44
( 180, 361)   coste      70       70
( 180, 362)   coste      65       65
( 180, 456)   coste      11       11
( 180, 458)   coste      16       16
( 181, 305)   coste     111      111
( 181, 308)   coste     104      104
( 181, 372)   coste     135      135
( 181, 468)   coste      53       53
( 183, 409)   coste      32       32
( 183, 465)   coste      34       34
( 183, 519)   coste      52       52
( 185, 465)   coste      31       31
( 186, 260)   coste      37       37
( 186, 405)   coste     116      116
( 187, 329)   coste      23       23
( 188, 329)   coste      33       33
( 188, 405)   coste      92       92
( 189, 265)   coste      65       65
( 190, 266)   coste      57       57
( 190, 321)   coste      50       50
( 191, 317)   coste      60       60
( 191, 318)   coste      50       50
( 191, 332)   coste      29       29
( 191, 404)   coste      30       30
( 191, 443)   coste      44       44
( 192, 318)   coste      67       67
( 192, 341)   coste      23       23
( 192, 443)   coste      68       68
( 193, 298)   coste      94       94
( 193, 299)   coste     108      108
( 193, 332)   coste      21       21
( 193, 333)   coste      28       28
( 193, 384)   coste      35       35
( 194, 423)   coste      14       14
( 195, 286)   coste      44       44
( 196, 405)   coste     112      112
( 196, 406)   coste      66       66
( 196, 516)   coste      46       46
( 197, 326)   coste     167      167
( 197, 358)   coste     100      100
( 197, 405)   coste      86       86
( 197, 406)   coste      41       41
( 197, 513)   coste     157      157
( 197, 514)   coste     149      149
( 198, 516)   coste      41       41
( 199, 391)   coste      39       39
( 199, 392)   coste       9        9
( 199, 527)   coste      38       38
( 200, 487)   coste      83       83
( 201, 471)   coste      53       53
( 204, 402)   coste      88       88
( 204, 488)   coste      19       19
( 205, 402)   coste      66       66
( 205, 517)   coste      83       83
( 206, 207)   coste      21       21
( 206, 209)   coste      56       56
( 206, 354)   coste      75       75
( 206, 401)   coste      33       33
( 207, 209)   coste      39       39
( 207, 354)   coste      58       58
( 208, 209)   coste     102      102
( 208, 354)   coste     121      121
( 209, 354)   coste      36       36
( 210, 433)   coste      17       17
( 210, 438)   coste      47       47
( 210, 479)   coste     118      118
( 210, 480)   coste     142      142
( 210, 520)   coste     170      170
( 211, 212)   coste      15       15
( 211, 438)   coste      49       49
( 212, 479)   coste     131      131
( 212, 480)   coste     155      155
( 212, 520)   coste     183      183
( 213, 252)   coste      19       19
( 213, 254)   coste      82       82
( 214, 364)   coste      32       32
( 214, 399)   coste      38       38
( 215, 252)   coste      32       32
( 216, 221)   coste      21       21
( 216, 223)   coste      18       18
( 216, 442)   coste       8        8
( 217, 389)   coste      25       25
( 218, 383)   coste      39       39
( 218, 454)   coste      30       30
( 219, 290)   coste     124      124
( 219, 291)   coste      45       45
( 219, 292)   coste      31       31
( 219, 319)   coste      28       28
( 219, 320)   coste      42       42
( 219, 451)   coste      45       45
( 220, 319)   coste      38       38
( 220, 320)   coste      15       15
( 220, 365)   coste      37       37
( 221, 411)   coste      52       52
( 221, 442)   coste      25       25
( 221, 452)   coste      36       36
( 222, 223)   coste       7        7
( 222, 452)   coste      23       23
( 223, 389)   coste      24       24
( 223, 411)   coste      62       62
( 224, 294)   coste      94       94
( 224, 489)   coste      14       14
( 225, 478)   coste       5        5
( 225, 489)   coste      15       15
( 226, 229)   coste      37       37
( 226, 444)   coste      44       44
( 227, 444)   coste      34       34
( 228, 538)   coste      53       53
( 229, 375)   coste      76       76
( 230, 484)   coste      39       39
( 231, 536)   coste      47       47
( 232, 235)   coste      35       35
( 233, 235)   coste      16       16
( 233, 484)   coste      45       45
( 235, 440)   coste      41       41
( 236, 490)   coste      10       10
( 236, 491)   coste      15       15
( 237, 238)   coste      25       25
( 237, 490)   coste      38       38
( 237, 509)   coste      74       74
( 238, 253)   coste      94       94
( 238, 254)   coste     114      114
( 238, 490)   coste      16       16
( 239, 325)   coste      65       65
( 241, 460)   coste      18       18
( 241, 481)   coste      48       48
( 241, 482)   coste      20       20
( 241, 483)   coste      49       49
( 241, 518)   coste      27       27
( 244, 245)   coste      25       25
( 244, 506)   coste      40       40
( 245, 335)   coste      18       18
( 246, 359)   coste      28       28
( 246, 360)   coste      30       30
( 247, 359)   coste      36       36
( 248, 337)   coste      18       18
( 248, 387)   coste      43       43
( 248, 388)   coste      27       27
( 249, 386)   coste      31       31
( 249, 387)   coste       7        7
( 249, 388)   coste      20       20
( 250, 269)   coste      17       17
( 250, 270)   coste       6        6
( 250, 486)   coste      27       27
( 251, 269)   coste      27       27
( 251, 270)   coste      46       46
( 252, 399)   coste      45       45
( 253, 499)   coste      44       44
( 253, 503)   coste      45       45
( 254, 503)   coste      63       63
( 255, 297)   coste      25       25
( 256, 257)   coste      22       22
( 256, 496)   coste     106      106
( 257, 297)   coste      11       11
( 257, 418)   coste      16       16
( 258, 505)   coste     109      109
( 259, 455)   coste      56       56
( 259, 500)   coste      49       49
( 259, 501)   coste      50       50
( 259, 504)   coste     147      147
( 260, 328)   coste      18       18
( 262, 435)   coste      42       42
( 262, 533)   coste      93       93
( 262, 534)   coste     115      115
( 263, 279)   coste     108      108
( 263, 286)   coste      65       65
( 264, 286)   coste      54       54
( 264, 433)   coste      47       47
( 264, 438)   coste      56       56
( 265, 321)   coste      18       18
( 265, 350)   coste      36       36
( 267, 339)   coste      27       27
( 267, 340)   coste      13       13
( 267, 424)   coste      25       25
( 268, 339)   coste      41       41
( 269, 486)   coste      41       41
( 270, 486)   coste      29       29
( 271, 376)   coste      84       84
( 271, 377)   coste      91       91
( 272, 403)   coste      31       31
( 273, 378)   coste      38       38
( 273, 379)   coste      28       28
( 273, 399)   coste     140      140
( 273, 400)   coste      83       83
( 273, 507)   coste      43       43
( 274, 378)   coste      15       15
( 274, 379)   coste      25       25
( 276, 469)   coste      50       50
( 276, 532)   coste      89       89
( 280, 414)   coste      48       48
( 281, 282)   coste      41       41
( 281, 498)   coste     144      144
( 283, 419)   coste      11       11
( 287, 449)   coste      40       40
( 287, 494)   coste      21       21
( 288, 494)   coste      11       11
( 289, 521)   coste      96       96
( 290, 291)   coste      87       87
( 290, 292)   coste     117      117
( 290, 293)   coste      69       69
( 290, 319)   coste     107      107
( 290, 376)   coste      84       84
( 290, 467)   coste      52       52
( 291, 376)   coste     111      111
( 292, 293)   coste      69       69
( 292, 376)   coste     141      141
( 293, 376)   coste     150      150
( 293, 391)   coste      33       33
( 293, 467)   coste      40       40
( 294, 462)   coste     101      101
( 294, 464)   coste     119      119
( 295, 461)   coste      24       24
( 296, 315)   coste      42       42
( 296, 525)   coste      27       27
( 297, 418)   coste      26       26
( 298, 330)   coste      72       72
( 298, 333)   coste     118      118
( 298, 384)   coste     108      108
( 299, 330)   coste      86       86
( 299, 333)   coste     132      132
( 299, 384)   coste     122      122
( 299, 439)   coste     121      121
( 301, 309)   coste      28       28
( 301, 510)   coste      31       31
( 302, 355)   coste      45       45
( 302, 356)   coste      19       19
( 303, 304)   coste      10       10
( 303, 356)   coste      24       24
( 303, 422)   coste      28       28
( 304, 356)   coste      17       17
( 304, 421)   coste      16       16
( 304, 422)   coste      21       21
( 305, 468)   coste      62       62
( 306, 307)   coste      20       20
( 306, 342)   coste      19       19
( 307, 342)   coste      20       20
( 308, 468)   coste      55       55
( 309, 510)   coste      25       25
( 310, 470)   coste      26       26
( 310, 492)   coste      18       18
( 310, 493)   coste      20       20
( 310, 526)   coste      42       42
( 311, 471)   coste      30       30
( 311, 493)   coste       8        8
( 311, 526)   coste      38       38
( 312, 426)   coste      34       34
( 312, 427)   coste      46       46
( 312, 428)   coste      40       40
( 312, 483)   coste     132      132
( 312, 524)   coste      58       58
( 313, 428)   coste      11       11
( 313, 483)   coste     135      135
( 314, 525)   coste      46       46
( 315, 461)   coste      33       33
( 316, 393)   coste     114      114
( 316, 507)   coste      47       47
( 316, 536)   coste      90       90
( 317, 341)   coste      43       43
( 317, 443)   coste      31       31
( 319, 376)   coste      85       85
( 320, 469)   coste      44       44
( 322, 347)   coste      21       21
( 323, 325)   coste      32       32
( 324, 347)   coste      44       44
( 324, 454)   coste      53       53
( 325, 327)   coste     139      139
( 325, 357)   coste     234      234
( 325, 358)   coste     239      239
( 325, 431)   coste     100      100
( 325, 436)   coste     148      148
( 325, 531)   coste     130      130
( 326, 436)   coste      30       30
( 326, 437)   coste      41       41
( 326, 513)   coste     100      100
( 326, 514)   coste      92       92
( 327, 436)   coste      18       18
( 327, 437)   coste      39       39
( 328, 367)   coste      43       43
( 330, 384)   coste      57       57
( 331, 443)   coste      36       36
( 332, 384)   coste      34       34
( 332, 404)   coste      29       29
( 333, 384)   coste      30       30
( 333, 404)   coste      31       31
( 335, 486)   coste      63       63
( 336, 502)   coste      52       52
( 336, 508)   coste      27       27
( 336, 528)   coste      80       80
( 341, 445)   coste      42       42
( 343, 374)   coste      99       99
( 345, 346)   coste       9        9
( 346, 425)   coste      49       49
( 348, 410)   coste      55       55
( 351, 357)   coste      21       21
( 351, 395)   coste     119      119
( 351, 397)   coste      39       39
( 351, 529)   coste      31       31
( 351, 530)   coste     119      119
( 352, 397)   coste      30       30
( 354, 421)   coste      41       41
( 355, 356)   coste      52       52
( 356, 421)   coste      17       17
( 357, 395)   coste     130      130
( 357, 436)   coste     112      112
( 357, 529)   coste      42       42
( 357, 530)   coste     130      130
( 357, 531)   coste     105      105
( 358, 395)   coste     157      157
( 358, 436)   coste     117      117
( 358, 513)   coste     137      137
( 358, 514)   coste     129      129
( 358, 530)   coste     137      137
( 358, 531)   coste     110      110
( 360, 390)   coste      34       34
( 362, 364)   coste      42       42
( 362, 412)   coste      47       47
( 363, 364)   coste      42       42
( 363, 412)   coste       5        5
( 364, 412)   coste      45       45
( 366, 393)   coste      38       38
( 368, 512)   coste      14       14
( 369, 416)   coste      29       29
( 369, 463)   coste      54       54
( 369, 464)   coste      40       40
( 369, 512)   coste      27       27
( 370, 512)   coste      12       12
( 370, 514)   coste      28       28
( 371, 416)   coste      42       42
( 372, 434)   coste      28       28
( 372, 468)   coste      86       86
( 373, 434)   coste      25       25
( 373, 533)   coste      70       70
( 373, 534)   coste      92       92
( 375, 489)   coste      90       90
( 376, 467)   coste     133      133
( 378, 507)   coste      13       13
( 380, 474)   coste      30       30
( 380, 475)   coste      24       24
( 383, 454)   coste      31       31
( 385, 435)   coste      75       75
( 385, 473)   coste      47       47
( 386, 387)   coste      32       32
( 391, 527)   coste      38       38
( 392, 527)   coste      31       31
( 393, 536)   coste      94       94
( 395, 431)   coste     118      118
( 395, 474)   coste      30       30
( 395, 475)   coste      29       29
( 395, 523)   coste      13       13
( 395, 529)   coste      89       89
( 395, 530)   coste      67       67
( 396, 424)   coste      30       30
( 396, 474)   coste      17       17
( 398, 459)   coste      25       25
( 408, 409)   coste      44       44
( 409, 465)   coste      34       34
( 411, 442)   coste      39       39
( 413, 535)   coste      11       11
( 413, 536)   coste      53       53
( 416, 464)   coste      39       39
( 420, 522)   coste      14       14
( 421, 429)   coste      45       45
( 422, 429)   coste      42       42
( 424, 523)   coste      20       20
( 426, 524)   coste      36       36
( 427, 524)   coste      30       30
( 428, 483)   coste     144      144
( 430, 436)   coste      76       76
( 430, 530)   coste      30       30
( 430, 531)   coste      29       29
( 431, 436)   coste      91       91
( 432, 443)   coste      21       21
( 434, 533)   coste      46       46
( 434, 534)   coste      68       68
( 435, 473)   coste      45       45
( 435, 533)   coste      52       52
( 435, 534)   coste      74       74
( 436, 529)   coste     129      129
( 436, 530)   coste     104      104
( 436, 531)   coste      74       74
( 438, 479)   coste     161      161
( 438, 480)   coste     185      185
( 438, 520)   coste     213      213
( 441, 486)   coste      36       36
( 444, 472)   coste      85       85
( 446, 456)   coste      57       57
( 446, 457)   coste      57       57
( 447, 477)   coste      37       37
( 447, 515)   coste      30       30
( 448, 477)   coste      29       29
( 448, 515)   coste      29       29
( 449, 453)   coste       1        1
( 450, 451)   coste      72       72
( 450, 494)   coste      44       44
( 451, 485)   coste      29       29
( 451, 532)   coste      50       50
( 452, 503)   coste      39       39
( 455, 457)   coste      28       28
( 455, 458)   coste      37       37
( 455, 500)   coste      58       58
( 455, 501)   coste      37       37
( 455, 504)   coste     107      107
( 456, 457)   coste      11       11
( 457, 501)   coste      47       47
( 460, 482)   coste      24       24
( 461, 525)   coste      21       21
( 462, 519)   coste     173      173
( 463, 464)   coste      16       16
( 465, 495)   coste      26       26
( 465, 519)   coste      28       28
( 466, 527)   coste      36       36
( 466, 528)   coste      19       19
( 469, 532)   coste      92       92
( 470, 492)   coste      39       39
( 470, 526)   coste      33       33
( 476, 513)   coste      33       33
( 479, 520)   coste     117      117
( 482, 518)   coste       8        8
( 485, 532)   coste      26       26
( 486, 511)   coste      57       57
( 488, 517)   coste     101      101
( 495, 519)   coste      39       39
( 497, 533)   coste      38       38
( 497, 534)   coste       1        1
( 497, 537)   coste      53       53
( 498, 533)   coste      42       42
( 502, 508)   coste      72       72
( 502, 528)   coste      89       89
( 503, 506)   coste      26       26
( 508, 528)   coste      81       81
( 513, 514)   coste      17       17
( 529, 530)   coste      89       89
( 529, 531)   coste     122      122
