NOMBRE : UR745
COMENTARIO :  57  componentes 
VERTICES :  713
ARISTAS_REQ :  808
ARISTAS_NOREQ :  808
LISTA_ARISTAS_REQ :
(   1,   2)   coste      60       60
(   1,   3)   coste      30       30
(   1,   4)   coste      24       24
(   5,   6)   coste      19       19
(   5,   7)   coste      16       16
(   5,   8)   coste       7        7
(   5,   9)   coste      24       24
(   5,  10)   coste      44       44
(  11,  12)   coste       9        9
(  11,  13)   coste      27       27
(  14,  15)   coste      34       34
(  14,  16)   coste      34       34
(  17,  18)   coste      27       27
(  19,  20)   coste      37       37
(  19,  21)   coste      46       46
(  19,  22)   coste      39       39
(  19,  23)   coste       2        2
(  19,  24)   coste      40       40
(  19,  25)   coste      49       49
(  26,  27)   coste      48       48
(  28,  29)   coste      14       14
(  30,  31)   coste      30       30
(  30,  32)   coste      27       27
(  33,  34)   coste      45       45
(  33,  35)   coste      13       13
(  33,  36)   coste      34       34
(  37,  38)   coste       3        3
(  37,  39)   coste      41       41
(  40,  41)   coste      23       23
(  40,  42)   coste      22       22
(  40,  43)   coste      20       20
(  44,  45)   coste      34       34
(  44,  46)   coste      58       58
(  47,  48)   coste      58       58
(  47,  49)   coste      36       36
(  47,  50)   coste      27       27
(  15,  51)   coste      14       14
(  15,  52)   coste      41       41
(  15,  53)   coste      29       29
(  54,  55)   coste      36       36
(  56,  57)   coste      38       38
(  56,  58)   coste      18       18
(  56,  59)   coste      47       47
(  60,  61)   coste      54       54
(  60,  62)   coste      16       16
(  63,  64)   coste      16       16
(  63,  65)   coste      54       54
(  63,  66)   coste      16       16
(  67,  68)   coste      22       22
(  69,  70)   coste      39       39
(  71,  72)   coste      37       37
(  73,  74)   coste      48       48
(  75,  76)   coste      44       44
(  75,  77)   coste      39       39
(  78,  79)   coste      13       13
(  80,  81)   coste      26       26
(  80,  82)   coste      61       61
(  83,  84)   coste      45       45
(  85,  86)   coste       7        7
(  85,  87)   coste      34       34
(  85,  88)   coste      30       30
(  85,  89)   coste      20       20
(  90,  91)   coste      13       13
(  90,  92)   coste      44       44
(  93,  94)   coste      34       34
(  93,  95)   coste      12       12
(  93,  96)   coste      41       41
(  97,  98)   coste      39       39
(  99, 100)   coste      22       22
(  99, 101)   coste      12       12
( 102, 103)   coste      10       10
( 102, 104)   coste      36       36
( 105, 106)   coste      19       19
( 103, 105)   coste      12       12
( 107, 108)   coste      38       38
( 109, 110)   coste      16       16
( 109, 111)   coste       8        8
(  94,  95)   coste      45       45
(  94, 112)   coste      32       32
(  27,  84)   coste      22       22
( 113, 114)   coste      39       39
( 115, 116)   coste      49       49
( 115, 117)   coste      36       36
( 118, 119)   coste      34       34
( 118, 120)   coste      27       27
( 118, 121)   coste      37       37
(  65, 122)   coste      43       43
( 123, 124)   coste      45       45
( 123, 125)   coste      42       42
( 123, 126)   coste      37       37
( 123, 127)   coste      43       43
(  34, 128)   coste      26       26
(  34, 100)   coste      30       30
( 129, 130)   coste      38       38
( 131, 132)   coste      18       18
( 131, 133)   coste      18       18
( 134, 135)   coste      50       50
( 134, 136)   coste      40       40
( 134, 137)   coste      26       26
( 134, 138)   coste      21       21
( 139, 140)   coste      34       34
( 139, 141)   coste      16       16
( 139, 142)   coste      27       27
( 143, 144)   coste      21       21
( 143, 145)   coste      27       27
( 143, 146)   coste      44       44
( 143, 147)   coste      26       26
(  74, 143)   coste      45       45
( 148, 149)   coste      35       35
( 148, 150)   coste      31       31
( 151, 152)   coste      33       33
( 151, 153)   coste      40       40
( 154, 155)   coste      15       15
( 154, 156)   coste      17       17
( 116, 157)   coste      46       46
( 157, 158)   coste      27       27
( 159, 160)   coste      37       37
( 140, 141)   coste      34       34
( 140, 142)   coste      22       22
( 161, 162)   coste      46       46
( 163, 164)   coste      29       29
( 163, 165)   coste      33       33
( 166, 167)   coste      28       28
( 166, 168)   coste      40       40
( 169, 170)   coste      50       50
( 169, 171)   coste      11       11
( 169, 172)   coste      53       53
( 173, 174)   coste      37       37
( 173, 175)   coste      34       34
( 173, 176)   coste      23       23
(  82, 177)   coste      22       22
( 178, 179)   coste      23       23
( 114, 178)   coste      18       18
( 180, 181)   coste       8        8
( 180, 182)   coste      19       19
(  20,  21)   coste      28       28
(  20,  23)   coste      38       38
(  20, 183)   coste      44       44
( 184, 185)   coste      10       10
( 184, 186)   coste      31       31
( 184, 187)   coste       6        6
( 184, 188)   coste       9        9
( 189, 190)   coste      17       17
( 191, 192)   coste      23       23
( 191, 193)   coste      19       19
( 191, 194)   coste      20       20
( 195, 196)   coste       6        6
( 195, 197)   coste      32       32
( 195, 198)   coste      19       19
( 155, 199)   coste      13       13
( 155, 156)   coste       4        4
(   7, 200)   coste      49       49
(  10, 200)   coste      24       24
( 201, 202)   coste      12       12
( 203, 204)   coste      38       38
( 165, 205)   coste      24       24
( 206, 207)   coste      31       31
( 206, 208)   coste      56       56
( 209, 210)   coste      22       22
( 209, 211)   coste      31       31
( 209, 212)   coste      30       30
( 213, 214)   coste      28       28
( 198, 213)   coste      31       31
( 215, 216)   coste      35       35
( 215, 217)   coste      17       17
( 215, 218)   coste      21       21
( 219, 220)   coste      46       46
( 219, 221)   coste       2        2
( 222, 223)   coste      40       40
( 222, 224)   coste      17       17
( 222, 225)   coste      41       41
( 226, 227)   coste      42       42
( 226, 228)   coste      44       44
( 226, 229)   coste      38       38
( 230, 231)   coste      35       35
( 230, 232)   coste      40       40
( 233, 234)   coste      42       42
( 233, 235)   coste      46       46
(  86, 236)   coste      51       51
(  86,  89)   coste      21       21
( 237, 238)   coste      20       20
( 237, 239)   coste      43       43
( 207, 240)   coste      50       50
(  70, 207)   coste      43       43
( 241, 242)   coste      42       42
( 241, 243)   coste      26       26
( 212, 241)   coste      33       33
( 110, 244)   coste      48       48
( 116, 245)   coste      48       48
( 116, 246)   coste      33       33
( 247, 248)   coste       7        7
( 247, 249)   coste      45       45
(  36, 247)   coste      36       36
( 247, 250)   coste      40       40
(  58, 124)   coste      18       18
( 124, 251)   coste      35       35
( 124, 252)   coste      46       46
( 210, 243)   coste      27       27
( 253, 254)   coste      14       14
( 225, 255)   coste      50       50
( 256, 257)   coste      44       44
( 256, 258)   coste      37       37
( 190, 259)   coste      40       40
( 190, 260)   coste      34       34
( 190, 261)   coste      27       27
( 262, 263)   coste      10       10
( 264, 265)   coste       8        8
( 264, 266)   coste      27       27
( 114, 179)   coste      33       33
( 267, 268)   coste      44       44
( 269, 270)   coste      45       45
( 208, 271)   coste      22       22
( 248, 272)   coste      39       39
( 273, 274)   coste      12       12
( 273, 275)   coste      36       36
( 223, 276)   coste       2        2
( 277, 278)   coste       4        4
( 277, 279)   coste      30       30
( 238, 280)   coste      48       48
( 281, 282)   coste       2        2
( 281, 283)   coste      11       11
( 284, 285)   coste      17       17
( 286, 287)   coste      38       38
( 286, 288)   coste      43       43
( 289, 290)   coste      38       38
( 289, 291)   coste      44       44
( 292, 293)   coste      26       26
(  87,  88)   coste       8        8
(  87, 231)   coste      21       21
( 294, 295)   coste      71       71
( 294, 296)   coste      24       24
( 294, 297)   coste      40       40
(  84, 294)   coste      55       55
( 298, 299)   coste      33       33
( 298, 300)   coste      41       41
( 301, 302)   coste      11       11
( 301, 303)   coste      18       18
( 301, 304)   coste      25       25
( 301, 305)   coste      28       28
( 306, 307)   coste      42       42
( 306, 308)   coste      29       29
( 309, 310)   coste      27       27
( 145, 311)   coste      21       21
( 311, 312)   coste      31       31
( 311, 313)   coste      29       29
( 314, 315)   coste      41       41
( 314, 316)   coste      21       21
( 314, 317)   coste      33       33
( 314, 318)   coste      42       42
( 319, 320)   coste      34       34
( 319, 321)   coste       6        6
( 310, 319)   coste      36       36
( 319, 322)   coste      23       23
( 323, 324)   coste      53       53
( 323, 325)   coste      64       64
( 326, 327)   coste      11       11
( 326, 328)   coste      35       35
( 164, 326)   coste      32       32
( 149, 150)   coste      16       16
( 108, 149)   coste      33       33
( 235, 329)   coste      31       31
( 329, 330)   coste      31       31
( 121, 329)   coste      45       45
( 125, 126)   coste      47       47
( 125, 127)   coste      24       24
( 125, 279)   coste      43       43
( 331, 332)   coste      23       23
( 331, 333)   coste      25       25
(  91, 334)   coste      34       34
( 145, 335)   coste      17       17
( 335, 336)   coste      28       28
( 337, 338)   coste      44       44
( 339, 340)   coste      41       41
( 228, 339)   coste      39       39
( 229, 339)   coste      47       47
( 339, 341)   coste      27       27
(  88, 231)   coste      28       28
(  88,  89)   coste      33       33
( 227, 278)   coste      24       24
( 278, 342)   coste      58       58
( 278, 343)   coste      51       51
(  46, 344)   coste      50       50
( 344, 345)   coste      76       76
( 160, 346)   coste      44       44
( 132, 346)   coste      56       56
( 346, 347)   coste       9        9
( 325, 346)   coste      28       28
( 224, 348)   coste      47       47
( 224, 349)   coste      20       20
( 350, 351)   coste      47       47
( 350, 352)   coste      23       23
( 350, 353)   coste      27       27
(  21,  25)   coste       6        6
(  21, 354)   coste      41       41
(  91, 355)   coste       1        1
( 355, 356)   coste      19       19
( 355, 357)   coste      49       49
( 285, 358)   coste      24       24
( 358, 359)   coste      12       12
(  91, 360)   coste      28       28
( 361, 362)   coste      21       21
( 363, 364)   coste      25       25
( 363, 365)   coste      52       52
( 363, 366)   coste      60       60
( 260, 367)   coste       7        7
( 236, 367)   coste      44       44
( 368, 369)   coste      36       36
( 137, 368)   coste      43       43
( 370, 371)   coste      25       25
( 370, 372)   coste      37       37
( 370, 373)   coste      19       19
( 370, 374)   coste      23       23
(  51,  53)   coste      42       42
( 375, 376)   coste      38       38
( 377, 378)   coste      58       58
( 280, 379)   coste      27       27
( 380, 381)   coste      30       30
( 382, 383)   coste      39       39
( 382, 384)   coste      29       29
( 382, 385)   coste      39       39
( 295, 386)   coste      38       38
(  46, 387)   coste      21       21
( 345, 387)   coste      49       49
( 388, 389)   coste       5        5
( 390, 391)   coste      10       10
( 390, 392)   coste      56       56
(  77, 390)   coste      54       54
( 393, 394)   coste      23       23
(  36, 395)   coste      15       15
( 395, 396)   coste      35       35
( 395, 397)   coste      36       36
( 398, 399)   coste      44       44
(  61, 398)   coste      40       40
( 400, 401)   coste      36       36
( 119, 400)   coste      40       40
( 400, 402)   coste      32       32
( 240, 324)   coste      31       31
(  70, 324)   coste      39       39
( 403, 404)   coste       8        8
(  46, 403)   coste      49       49
( 345, 403)   coste      38       38
( 126, 127)   coste      28       28
( 126, 405)   coste      38       38
( 231, 394)   coste      33       33
( 399, 406)   coste      24       24
( 406, 407)   coste      43       43
( 214, 408)   coste      30       30
( 194, 214)   coste      25       25
(  48, 242)   coste      46       46
( 409, 410)   coste      44       44
( 410, 411)   coste      36       36
( 411, 412)   coste      15       15
( 413, 414)   coste      13       13
( 413, 415)   coste      39       39
( 413, 416)   coste      40       40
( 417, 418)   coste      52       52
( 417, 419)   coste      34       34
( 376, 417)   coste      36       36
( 420, 421)   coste      17       17
( 422, 423)   coste      43       43
( 202, 424)   coste      31       31
( 424, 425)   coste      16       16
( 426, 427)   coste      22       22
( 426, 428)   coste      30       30
( 426, 429)   coste      41       41
( 426, 430)   coste      11       11
( 431, 432)   coste      14       14
( 254, 431)   coste      13       13
( 332, 433)   coste      30       30
( 342, 410)   coste      59       59
( 410, 412)   coste      27       27
( 112, 434)   coste      32       32
( 434, 435)   coste      25       25
( 434, 436)   coste      34       34
( 327, 437)   coste      15       15
( 164, 327)   coste      28       28
( 438, 439)   coste      33       33
( 438, 440)   coste       8        8
( 199, 438)   coste      31       31
( 290, 441)   coste      22       22
( 290, 291)   coste      29       29
( 442, 443)   coste       7        7
( 444, 445)   coste      50       50
( 444, 446)   coste      36       36
( 447, 448)   coste      40       40
( 165, 447)   coste      39       39
( 449, 450)   coste      36       36
( 451, 452)   coste      34       34
(  61, 451)   coste      54       54
( 451, 453)   coste      23       23
(  62, 451)   coste      53       53
( 383, 454)   coste      20       20
( 383, 455)   coste      47       47
(  61, 452)   coste      53       53
( 299, 456)   coste      22       22
( 446, 456)   coste      33       33
( 212, 243)   coste       9        9
( 394, 457)   coste      11       11
( 457, 458)   coste      19       19
( 459, 460)   coste      11       11
( 461, 462)   coste      13       13
( 461, 463)   coste      19       19
( 391, 423)   coste      47       47
( 391, 464)   coste      34       34
( 136, 369)   coste      36       36
( 399, 465)   coste      42       42
( 466, 467)   coste      36       36
( 466, 468)   coste      37       37
( 164, 469)   coste      57       57
( 470, 471)   coste      41       41
( 470, 472)   coste      38       38
( 174, 473)   coste      40       40
( 174, 176)   coste      20       20
( 174, 474)   coste      16       16
( 475, 476)   coste      40       40
( 475, 477)   coste      22       22
( 476, 478)   coste      41       41
( 117, 478)   coste      43       43
( 478, 479)   coste      46       46
( 356, 360)   coste      29       29
( 272, 340)   coste      45       45
( 480, 481)   coste      17       17
( 480, 482)   coste      51       51
( 480, 483)   coste       5        5
(  10, 484)   coste      62       62
( 485, 486)   coste      65       65
( 293, 487)   coste       7        7
( 167, 168)   coste      13       13
( 167, 488)   coste      32       32
( 167, 489)   coste      42       42
( 490, 491)   coste      43       43
( 490, 492)   coste      14       14
( 460, 490)   coste      47       47
(  95, 270)   coste      35       35
( 100, 128)   coste       8        8
( 128, 493)   coste      23       23
( 300, 494)   coste       5        5
( 494, 495)   coste      24       24
( 257, 496)   coste      24       24
( 430, 497)   coste      62       62
(  38, 293)   coste      28       28
( 498, 499)   coste      44       44
( 412, 498)   coste      41       41
( 464, 500)   coste      23       23
( 500, 501)   coste      44       44
( 142, 500)   coste      45       45
( 502, 503)   coste      22       22
( 394, 458)   coste      19       19
( 263, 504)   coste      19       19
( 263, 505)   coste       9        9
(  12, 135)   coste      46       46
(  13, 135)   coste      21       21
( 175, 474)   coste      33       33
(  29,  77)   coste      19       19
(  29, 270)   coste      24       24
( 506, 507)   coste      31       31
( 508, 509)   coste      41       41
( 146, 510)   coste      36       36
(  74, 510)   coste      24       24
( 408, 511)   coste      17       17
( 198, 408)   coste      22       22
( 512, 513)   coste       4        4
( 514, 515)   coste      27       27
( 481, 483)   coste      14       14
( 481, 516)   coste      32       32
( 481, 517)   coste      31       31
( 518, 519)   coste      53       53
( 518, 520)   coste      46       46
(  12, 103)   coste      17       17
( 521, 522)   coste      32       32
( 521, 523)   coste      51       51
( 100, 524)   coste      34       34
( 405, 525)   coste      40       40
( 251, 526)   coste      31       31
(  59, 526)   coste      14       14
( 527, 528)   coste      53       53
( 300, 527)   coste      37       37
( 445, 527)   coste      22       22
( 328, 529)   coste      24       24
( 164, 529)   coste      57       57
( 492, 530)   coste      25       25
(  53, 531)   coste      21       21
(  53, 532)   coste      29       29
( 473, 533)   coste      25       25
( 229, 534)   coste      39       39
( 291, 535)   coste      47       47
( 150, 535)   coste      46       46
( 181, 536)   coste      20       20
( 274, 275)   coste      26       26
( 171, 274)   coste      50       50
( 473, 537)   coste      40       40
( 538, 539)   coste      33       33
(  18, 538)   coste      10       10
( 538, 540)   coste      17       17
( 541, 542)   coste      13       13
( 541, 543)   coste      38       38
( 541, 544)   coste      32       32
( 545, 546)   coste      31       31
( 545, 547)   coste      20       20
( 545, 548)   coste      54       54
(  92, 545)   coste      45       45
( 404, 491)   coste      43       43
( 153, 491)   coste      37       37
( 549, 550)   coste      22       22
( 507, 549)   coste      28       28
( 464, 551)   coste      36       36
( 552, 553)   coste      56       56
( 550, 552)   coste      15       15
( 450, 554)   coste      65       65
( 450, 555)   coste      36       36
( 111, 556)   coste      39       39
(  57, 557)   coste      53       53
(  57, 558)   coste      48       48
( 559, 560)   coste      38       38
( 559, 561)   coste      25       25
( 211, 562)   coste      35       35
( 204, 563)   coste      36       36
( 158, 564)   coste      28       28
( 132, 565)   coste      37       37
( 133, 565)   coste      47       47
(   6, 566)   coste      44       44
(   6,   9)   coste      22       22
( 567, 568)   coste      15       15
( 287, 569)   coste      56       56
(  39, 287)   coste      14       14
( 192, 570)   coste       3        3
( 192, 571)   coste      29       29
( 192, 572)   coste      33       33
( 495, 573)   coste      21       21
( 496, 574)   coste      40       40
( 574, 575)   coste      35       35
( 522, 576)   coste      64       64
( 364, 366)   coste      72       72
( 427, 429)   coste      58       58
( 543, 577)   coste      40       40
( 577, 578)   coste      24       24
( 577, 579)   coste      43       43
( 577, 580)   coste       5        5
( 499, 581)   coste      47       47
( 499, 582)   coste      16       16
( 516, 583)   coste       8        8
(  50, 584)   coste      36       36
( 401, 585)   coste       5        5
( 360, 586)   coste      14       14
( 587, 588)   coste      34       34
(  18, 539)   coste      24       24
( 428, 430)   coste      29       29
( 106, 160)   coste      35       35
( 531, 532)   coste      16       16
(  22, 589)   coste      21       21
(  24, 589)   coste      41       41
( 100, 101)   coste      25       25
( 542, 590)   coste       3        3
(  76, 591)   coste      32       32
( 258, 592)   coste      29       29
( 172, 592)   coste      59       59
( 593, 594)   coste      51       51
( 593, 595)   coste      65       65
( 132, 133)   coste      32       32
( 596, 597)   coste      28       28
( 596, 598)   coste      22       22
( 381, 599)   coste      34       34
( 599, 600)   coste      26       26
(  59, 581)   coste      22       22
( 183, 594)   coste      40       40
( 354, 594)   coste      28       28
( 601, 602)   coste      16       16
( 310, 321)   coste      41       41
(   9, 448)   coste      58       58
( 246, 448)   coste      34       34
( 568, 603)   coste      35       35
( 555, 568)   coste      45       45
( 568, 604)   coste      41       41
( 275, 315)   coste      34       34
(   8, 566)   coste      45       45
( 605, 606)   coste      47       47
(  22,  24)   coste      24       24
( 268, 607)   coste      17       17
( 268, 608)   coste      18       18
( 570, 572)   coste      34       34
(  79, 570)   coste      44       44
(  96, 435)   coste      34       34
( 265, 266)   coste      34       34
( 371, 609)   coste      17       17
(  74, 610)   coste       4        4
( 476, 477)   coste      31       31
(  23,  24)   coste      40       40
( 439, 611)   coste      34       34
( 156, 439)   coste      25       25
( 186, 612)   coste      25       25
( 188, 612)   coste      35       35
(   7,   8)   coste      20       20
(   7,  10)   coste      30       30
( 613, 614)   coste      11       11
( 588, 613)   coste      30       30
( 119, 615)   coste      32       32
( 119, 402)   coste      16       16
( 168, 488)   coste      44       44
( 168, 616)   coste      44       44
( 136, 617)   coste      42       42
( 136, 137)   coste      33       33
( 342, 343)   coste      41       41
(  35, 618)   coste      17       17
(  35,  36)   coste      40       40
( 602, 619)   coste      14       14
( 252, 307)   coste       9        9
( 547, 620)   coste      48       48
( 607, 621)   coste       9        9
(   3, 540)   coste      36       36
(   3,   4)   coste      27       27
( 291, 622)   coste      44       44
( 571, 623)   coste      30       30
( 266, 624)   coste      39       39
( 266, 579)   coste      48       48
( 418, 625)   coste      31       31
( 376, 418)   coste      21       21
( 626, 627)   coste      33       33
( 101, 628)   coste      11       11
( 471, 557)   coste      30       30
(  59, 557)   coste      47       47
( 415, 629)   coste      16       16
( 445, 528)   coste      36       36
( 630, 631)   coste      38       38
( 629, 632)   coste       8        8
( 156, 199)   coste      12       12
( 608, 633)   coste      42       42
( 572, 634)   coste      14       14
( 196, 635)   coste      19       19
( 193, 194)   coste      26       26
( 193, 636)   coste      30       30
( 624, 637)   coste      31       31
( 637, 638)   coste       9        9
(  64, 639)   coste      46       46
( 288, 639)   coste      50       50
(  66, 639)   coste      45       45
(  77, 423)   coste      45       45
(  77, 270)   coste      40       40
( 291, 441)   coste      26       26
( 554, 640)   coste      80       80
( 641, 642)   coste      35       35
( 641, 643)   coste      38       38
( 625, 644)   coste      49       49
( 359, 644)   coste      53       53
( 423, 501)   coste      43       43
( 348, 553)   coste      51       51
(  18, 244)   coste      63       63
( 645, 646)   coste      38       38
( 381, 503)   coste      31       31
( 240, 362)   coste      14       14
( 249, 647)   coste      33       33
( 249, 250)   coste      29       29
(   8,   9)   coste      25       25
( 550, 642)   coste       6        6
( 507, 550)   coste      25       25
( 386, 648)   coste      49       49
( 649, 650)   coste      27       27
( 649, 651)   coste      40       40
( 649, 652)   coste      15       15
(  98, 384)   coste      53       53
( 362, 585)   coste      39       39
( 162, 653)   coste      26       26
( 216, 218)   coste      35       35
( 144, 146)   coste      38       38
( 144, 147)   coste      14       14
( 654, 655)   coste      14       14
(  59, 251)   coste      44       44
( 186, 188)   coste      24       24
( 305, 656)   coste      50       50
( 443, 656)   coste      44       44
( 519, 657)   coste      25       25
( 519, 520)   coste      19       19
( 519, 658)   coste      24       24
( 597, 598)   coste      36       36
(  98, 385)   coste      38       38
(  79, 659)   coste      24       24
( 482, 543)   coste      51       51
( 460, 492)   coste      42       42
( 504, 660)   coste      18       18
( 504, 661)   coste      42       42
( 642, 662)   coste      22       22
( 507, 642)   coste      23       23
( 663, 664)   coste      45       45
( 419, 663)   coste      24       24
( 197, 198)   coste      35       35
( 468, 665)   coste      45       45
( 378, 666)   coste       9        9
( 316, 667)   coste      16       16
( 316, 668)   coste      28       28
( 429, 430)   coste      47       47
( 625, 665)   coste      42       42
(  41, 669)   coste      28       28
( 176, 474)   coste      14       14
( 419, 664)   coste      55       55
( 147, 664)   coste      18       18
( 664, 670)   coste      36       36
( 671, 672)   coste      15       15
( 671, 673)   coste       3        3
( 588, 671)   coste      22       22
( 546, 547)   coste      15       15
( 546, 674)   coste      44       44
( 482, 579)   coste      50       50
(  70, 325)   coste      39       39
( 103, 104)   coste      28       28
( 220, 675)   coste      46       46
( 220, 676)   coste      50       50
( 616, 677)   coste      15       15
( 366, 678)   coste       8        8
( 678, 679)   coste       5        5
( 680, 681)   coste      33       33
(  82, 680)   coste      25       25
( 483, 516)   coste      29       29
( 244, 682)   coste      58       58
( 595, 683)   coste      51       51
( 412, 582)   coste      36       36
( 588, 672)   coste      32       32
( 302, 684)   coste      21       21
( 303, 684)   coste      17       17
( 304, 684)   coste      29       29
( 164, 437)   coste      24       24
( 471, 685)   coste      32       32
( 202, 217)   coste      37       37
( 217, 425)   coste      25       25
( 419, 670)   coste      29       29
( 348, 686)   coste      56       56
( 640, 687)   coste      50       50
( 687, 688)   coste      67       67
( 225, 372)   coste      22       22
( 372, 689)   coste      39       39
( 349, 372)   coste      22       22
( 141, 690)   coste      10       10
( 141, 674)   coste      13       13
( 603, 604)   coste      38       38
( 145, 313)   coste      11       11
( 505, 660)   coste      30       30
( 600, 633)   coste      20       20
( 689, 691)   coste      33       33
( 374, 691)   coste      24       24
( 692, 693)   coste      10       10
( 666, 694)   coste      29       29
(  64,  66)   coste      16       16
( 254, 432)   coste       9        9
( 578, 579)   coste      36       36
( 120, 615)   coste      28       28
( 120, 402)   coste      23       23
( 579, 580)   coste      47       47
( 433, 631)   coste      30       30
( 517, 638)   coste      29       29
( 187, 695)   coste      14       14
( 652, 695)   coste      30       30
( 112, 696)   coste      57       57
( 435, 696)   coste      52       52
( 537, 697)   coste      21       21
( 650, 698)   coste      14       14
( 652, 698)   coste      17       17
( 558, 685)   coste      30       30
(  89, 236)   coste      39       39
( 288, 653)   coste      38       38
( 254, 659)   coste      38       38
( 661, 699)   coste      49       49
( 486, 700)   coste      34       34
( 112, 435)   coste       9        9
(  55, 619)   coste      41       41
(  55, 333)   coste      35       35
( 511, 701)   coste      20       20
( 636, 701)   coste       8        8
( 701, 702)   coste      17       17
( 302, 304)   coste      16       16
( 674, 690)   coste       6        6
( 104, 347)   coste      49       49
( 580, 590)   coste      25       25
( 558, 703)   coste      20       20
( 683, 704)   coste      33       33
( 303, 304)   coste      13       13
( 650, 652)   coste      13       13
( 352, 353)   coste      15       15
( 121, 235)   coste      31       31
( 463, 633)   coste      35       35
( 511, 702)   coste      18       18
( 198, 511)   coste      22       22
( 308, 477)   coste      38       38
( 667, 705)   coste      21       21
( 493, 628)   coste      20       20
( 397, 647)   coste      22       22
( 312, 336)   coste      28       28
(  98, 108)   coste      38       38
( 165, 509)   coste      29       29
( 463, 515)   coste      32       32
(  41,  42)   coste       6        6
( 172, 472)   coste      54       54
( 638, 706)   coste      22       22
( 353, 707)   coste      33       33
( 353, 708)   coste      11       11
( 156, 275)   coste      32       32
( 640, 709)   coste      36       36
( 688, 709)   coste      12       12
( 182, 532)   coste      14       14
( 376, 710)   coste      26       26
( 588, 614)   coste      37       37
( 336, 683)   coste      38       38
(  25, 354)   coste      43       43
( 250, 272)   coste       6        6
( 660, 711)   coste      30       30
(  42,  43)   coste      17       17
( 707, 708)   coste      30       30
( 576, 688)   coste      72       72
( 563, 712)   coste      47       47
( 313, 336)   coste      39       39
( 272, 713)   coste      26       26
LISTA_ARISTAS_NOREQ :
(   1, 520)   coste      63       63
(   1, 540)   coste      61       61
(   2,   3)   coste      33       33
(   2,  17)   coste      20       20
(   2, 538)   coste      29       29
(   4, 538)   coste      54       54
(   4, 540)   coste      44       44
(   5, 566)   coste      42       42
(   6,   7)   coste      33       33
(   6,   8)   coste      14       14
(   7, 645)   coste      63       63
(   7, 646)   coste      28       28
(   9, 566)   coste      23       23
(  10, 645)   coste      52       52
(  10, 646)   coste      17       17
(  11, 103)   coste      23       23
(  11, 135)   coste      39       39
(  12, 102)   coste      14       14
(  13, 689)   coste      48       48
(  14,  51)   coste      24       24
(  14,  52)   coste      14       14
(  16,  51)   coste      47       47
(  16,  52)   coste      45       45
(  17, 538)   coste      21       21
(  17, 682)   coste      33       33
(  18, 540)   coste      15       15
(  18, 682)   coste       8        8
(  20, 594)   coste      45       45
(  22,  23)   coste      38       38
(  26,  83)   coste      46       46
(  26,  84)   coste      42       42
(  26, 681)   coste      20       20
(  27,  83)   coste      27       27
(  27, 294)   coste      68       68
(  27, 295)   coste     100      100
(  27, 386)   coste     136      136
(  28,  77)   coste      16       16
(  28, 270)   coste      26       26
(  29,  75)   coste      54       54
(  30, 660)   coste      42       42
(  30, 711)   coste      27       27
(  31,  32)   coste      25       25
(  31, 252)   coste      42       42
(  31, 307)   coste      34       34
(  32, 307)   coste      56       56
(  35, 175)   coste      19       19
(  36, 396)   coste      26       26
(  36, 397)   coste      45       45
(  36, 647)   coste      38       38
(  37, 293)   coste      30       30
(  37, 518)   coste      56       56
(  38,  39)   coste      40       40
(  38, 487)   coste      23       23
(  39, 286)   coste      42       42
(  40, 292)   coste      34       34
(  40, 669)   coste      17       17
(  42, 669)   coste      31       31
(  43, 669)   coste      36       36
(  44, 345)   coste      42       42
(  44, 351)   coste      65       65
(  45, 345)   coste      73       73
(  45, 350)   coste      63       63
(  45, 351)   coste      37       37
(  46, 345)   coste      30       30
(  47, 584)   coste      59       59
(  48, 466)   coste      56       56
(  48, 468)   coste      47       47
(  48, 632)   coste      56       56
(  49,  50)   coste      40       40
(  49, 219)   coste     164      164
(  49, 380)   coste      40       40
(  49, 606)   coste     124      124
(  49, 672)   coste      38       38
(  49, 675)   coste     156      156
(  50,  71)   coste      48       48
(  50, 606)   coste     126      126
(  50, 675)   coste     158      158
(  51,  52)   coste      35       35
(  52, 363)   coste      82       82
(  52, 364)   coste      59       59
(  52, 365)   coste      87       87
(  54, 267)   coste      43       43
(  54, 268)   coste      45       45
(  54, 333)   coste      42       42
(  55, 331)   coste      51       51
(  56, 124)   coste      34       34
(  56, 251)   coste      29       29
(  57,  58)   coste      42       42
(  57, 471)   coste      34       34
(  57, 685)   coste      20       20
(  58, 251)   coste      35       35
(  60, 398)   coste      48       48
(  60, 451)   coste      48       48
(  60, 452)   coste      15       15
(  61, 687)   coste      60       60
(  62, 436)   coste     105      105
(  62, 452)   coste      22       22
(  62, 453)   coste      61       61
(  63, 559)   coste      43       43
(  64, 560)   coste      75       75
(  65, 161)   coste      44       44
(  65, 323)   coste      51       51
(  66, 653)   coste      49       49
(  67, 365)   coste      46       46
(  67, 388)   coste      20       20
(  67, 638)   coste      32       32
(  67, 706)   coste      23       23
(  68, 365)   coste      30       30
(  68, 706)   coste      16       16
(  69, 206)   coste      13       13
(  69, 207)   coste      25       25
(  69, 615)   coste      68       68
(  70, 323)   coste      54       54
(  71, 544)   coste      41       41
(  71, 584)   coste      14       14
(  72, 512)   coste      22       22
(  72, 584)   coste      46       46
(  72, 606)   coste     145      145
(  73, 217)   coste      47       47
(  73, 368)   coste      23       23
(  73, 369)   coste      44       44
(  75, 422)   coste      40       40
(  75, 423)   coste      21       21
(  78, 253)   coste      54       54
(  78, 254)   coste      44       44
(  78, 432)   coste      51       51
(  78, 659)   coste      12       12
(  79, 192)   coste      46       46
(  80, 111)   coste      50       50
(  80, 616)   coste      49       49
(  80, 677)   coste      43       43
(  81, 111)   coste      47       47
(  81, 244)   coste      47       47
(  81, 556)   coste      30       30
(  84, 295)   coste      92       92
(  84, 318)   coste      49       49
(  84, 386)   coste     128      128
(  87,  89)   coste      40       40
(  90, 334)   coste      32       32
(  90, 355)   coste      13       13
(  90, 356)   coste      31       31
(  90, 357)   coste      61       61
(  90, 690)   coste      36       36
(  91, 586)   coste      39       39
(  92, 334)   coste      21       21
(  92, 547)   coste      35       35
(  93, 270)   coste      35       35
(  94,  96)   coste       9        9
(  94, 435)   coste      33       33
(  94, 700)   coste      33       33
(  96, 112)   coste      31       31
(  96, 269)   coste      50       50
(  96, 486)   coste      53       53
(  96, 700)   coste      26       26
(  97, 108)   coste      30       30
(  97, 383)   coste      18       18
(  97, 454)   coste      36       36
(  97, 455)   coste      40       40
(  98, 382)   coste      26       26
(  99, 128)   coste      22       22
(  99, 338)   coste      53       53
(  99, 493)   coste       4        4
(  99, 628)   coste      18       18
( 100, 396)   coste      38       38
( 100, 493)   coste      24       24
( 101, 337)   coste      57       57
( 101, 524)   coste      32       32
( 102, 105)   coste      18       18
( 102, 589)   coste      16       16
( 103, 589)   coste      23       23
( 104, 105)   coste      19       19
( 104, 106)   coste      20       20
( 105, 589)   coste      23       23
( 106, 589)   coste      31       31
( 107, 148)   coste      32       32
( 107, 149)   coste      30       30
( 107, 150)   coste      41       41
( 107, 305)   coste      32       32
( 108, 455)   coste      56       56
( 109, 616)   coste      35       35
( 109, 677)   coste      47       47
( 110, 111)   coste      12       12
( 110, 556)   coste      38       38
( 111, 244)   coste      52       52
( 111, 616)   coste      41       41
( 113, 179)   coste       8        8
( 113, 649)   coste      31       31
( 113, 651)   coste      17       17
( 114, 129)   coste      60       60
( 114, 686)   coste      54       54
( 115, 157)   coste      48       48
( 115, 245)   coste      85       85
( 115, 246)   coste      73       73
( 115, 420)   coste      75       75
( 115, 564)   coste      71       71
( 116, 564)   coste      30       30
( 117, 420)   coste      50       50
( 117, 476)   coste      35       35
( 118, 615)   coste      16       16
( 119, 120)   coste       9        9
( 121, 234)   coste      35       35
( 122, 323)   coste      41       41
( 122, 393)   coste      34       34
( 122, 458)   coste      41       41
( 125, 343)   coste      45       45
( 127, 405)   coste      30       30
( 127, 534)   coste      32       32
( 129, 377)   coste      19       19
( 129, 686)   coste      51       51
( 130, 222)   coste      26       26
( 130, 224)   coste      36       36
( 130, 348)   coste      46       46
( 130, 377)   coste      40       40
( 131, 159)   coste      21       21
( 131, 565)   coste      31       31
( 132, 159)   coste      16       16
( 136, 138)   coste      40       40
( 136, 368)   coste      36       36
( 137, 138)   coste       9        9
( 139, 422)   coste      42       42
( 139, 501)   coste      47       47
( 139, 620)   coste      34       34
( 139, 674)   coste      25       25
( 139, 690)   coste      25       25
( 142, 501)   coste      28       28
( 142, 551)   coste      27       27
( 143, 313)   coste      30       30
( 143, 510)   coste      32       32
( 143, 610)   coste      45       45
( 144, 145)   coste      32       32
( 144, 664)   coste      11       11
( 145, 147)   coste      22       22
( 146, 664)   coste      39       39
( 147, 311)   coste      26       26
( 147, 670)   coste      44       44
( 148, 305)   coste      29       29
( 148, 535)   coste      61       61
( 148, 684)   coste      31       31
( 150, 289)   coste      60       60
( 151, 416)   coste      26       26
( 151, 627)   coste      43       43
( 152, 413)   coste      30       30
( 152, 416)   coste      20       20
( 152, 627)   coste      44       44
( 153, 416)   coste      40       40
( 153, 490)   coste      28       28
( 154, 199)   coste      12       12
( 155, 274)   coste      30       30
( 155, 275)   coste      31       31
( 155, 439)   coste      28       28
( 156, 273)   coste      39       39
( 156, 274)   coste      28       28
( 157, 245)   coste      85       85
( 157, 246)   coste      73       73
( 157, 309)   coste      47       47
( 157, 442)   coste      44       44
( 157, 443)   coste      44       44
( 157, 564)   coste      37       37
( 158, 442)   coste      23       23
( 158, 443)   coste      20       20
( 159, 565)   coste      23       23
( 160, 347)   coste      38       38
( 161, 361)   coste      53       53
( 161, 653)   coste      42       42
( 162, 288)   coste      42       42
( 162, 569)   coste      25       25
( 163, 437)   coste      33       33
( 163, 655)   coste      27       27
( 165, 654)   coste      12       12
( 165, 655)   coste      16       16
( 166, 488)   coste      10       10
( 166, 489)   coste      16       16
( 169, 273)   coste      52       52
( 170, 171)   coste      56       56
( 170, 581)   coste      48       48
( 170, 582)   coste      73       73
( 171, 273)   coste      44       44
( 171, 275)   coste      54       54
( 172, 273)   coste      50       50
( 172, 470)   coste      53       53
( 173, 508)   coste      37       37
( 173, 537)   coste      47       47
( 173, 618)   coste      33       33
( 174, 533)   coste      46       46
( 175, 176)   coste      28       28
( 175, 618)   coste       6        6
( 176, 618)   coste      30       30
( 177, 680)   coste      18       18
( 177, 681)   coste      22       22
( 178, 649)   coste      40       40
( 179, 649)   coste      30       30
( 180, 531)   coste      23       23
( 180, 532)   coste      31       31
( 182, 531)   coste       6        6
( 183, 354)   coste      64       64
( 183, 593)   coste      20       20
( 184, 695)   coste      19       19
( 185, 187)   coste       8        8
( 185, 188)   coste      18       18
( 185, 522)   coste      60       60
( 185, 555)   coste      57       57
( 185, 695)   coste      21       21
( 186, 567)   coste      32       32
( 186, 568)   coste      40       40
( 189, 256)   coste       7        7
( 189, 258)   coste      34       34
( 189, 260)   coste      24       24
( 190, 256)   coste      12       12
( 190, 367)   coste      39       39
( 191, 570)   coste      25       25
( 192, 194)   coste      32       32
( 192, 634)   coste      29       29
( 193, 408)   coste      33       33
( 195, 635)   coste      16       16
( 196, 197)   coste      36       36
( 196, 702)   coste      32       32
( 197, 359)   coste      42       42
( 198, 635)   coste      16       16
( 199, 439)   coste      22       22
( 199, 440)   coste      38       38
( 199, 611)   coste      44       44
( 200, 469)   coste      52       52
( 200, 484)   coste      43       43
( 201, 217)   coste      38       38
( 201, 424)   coste      23       23
( 201, 548)   coste      12       12
( 202, 548)   coste      11       11
( 203, 385)   coste      63       63
( 203, 563)   coste      49       49
( 203, 607)   coste      80       80
( 203, 621)   coste      84       84
( 203, 712)   coste      16       16
( 204, 442)   coste      21       21
( 204, 443)   coste      26       26
( 204, 712)   coste      48       48
( 205, 508)   coste      26       26
( 205, 509)   coste      22       22
( 205, 654)   coste      26       26
( 206, 615)   coste      66       66
( 207, 324)   coste      40       40
( 207, 615)   coste      51       51
( 208, 371)   coste      60       60
( 208, 609)   coste      46       46
( 209, 243)   coste      28       28
( 209, 466)   coste      25       25
( 209, 467)   coste      27       27
( 210, 211)   coste      26       26
( 210, 212)   coste      22       22
( 210, 467)   coste      40       40
( 210, 562)   coste      26       26
( 211, 467)   coste      27       27
( 212, 562)   coste      39       39
( 213, 408)   coste      28       28
( 213, 601)   coste      19       19
( 213, 602)   coste      33       33
( 214, 601)   coste      17       17
( 214, 602)   coste      30       30
( 215, 425)   coste      26       26
( 216, 641)   coste      41       41
( 216, 643)   coste      16       16
( 217, 218)   coste      30       30
( 217, 424)   coste      26       26
( 217, 548)   coste      47       47
( 218, 424)   coste      30       30
( 218, 425)   coste      15       15
( 219, 513)   coste      33       33
( 219, 672)   coste     170      170
( 220, 221)   coste      45       45
( 221, 675)   coste      33       33
( 223, 233)   coste      69       69
( 223, 329)   coste      80       80
( 223, 330)   coste      55       55
( 223, 378)   coste      43       43
( 224, 225)   coste      25       25
( 225, 348)   coste      43       43
( 225, 349)   coste       6        6
( 226, 339)   coste      35       35
( 226, 341)   coste      16       16
( 227, 277)   coste      24       24
( 227, 279)   coste      20       20
( 227, 341)   coste      50       50
( 228, 340)   coste      18       18
( 228, 341)   coste      50       50
( 229, 341)   coste      27       27
( 230, 560)   coste      31       31
( 230, 561)   coste      38       38
( 231, 457)   coste      27       27
( 232, 457)   coste      27       27
( 232, 458)   coste      30       30
( 232, 559)   coste      25       25
( 232, 561)   coste       5        5
( 233, 276)   coste      69       69
( 233, 329)   coste      16       16
( 233, 330)   coste      24       24
( 233, 666)   coste      73       73
( 234, 235)   coste       5        5
( 234, 329)   coste      27       27
( 237, 444)   coste      34       34
( 238, 379)   coste      46       46
( 238, 444)   coste      49       49
( 239, 444)   coste      46       46
( 239, 445)   coste      39       39
( 239, 528)   coste      12       12
( 240, 361)   coste      29       29
( 241, 415)   coste      20       20
( 241, 629)   coste      17       17
( 241, 632)   coste      22       22
( 242, 632)   coste      24       24
( 243, 466)   coste      41       41
( 244, 539)   coste      64       64
( 244, 556)   coste      18       18
( 245, 246)   coste      16       16
( 245, 448)   coste      19       19
( 247, 395)   coste      32       32
( 248, 250)   coste      36       36
( 248, 713)   coste      33       33
( 250, 713)   coste      30       30
( 252, 306)   coste      42       42
( 253, 331)   coste      27       27
( 253, 332)   coste      18       18
( 253, 432)   coste       6        6
( 253, 619)   coste      39       39
( 253, 659)   coste      49       49
( 255, 348)   coste      42       42
( 255, 372)   coste      60       60
( 256, 259)   coste      49       49
( 256, 260)   coste      30       30
( 256, 261)   coste      38       38
( 257, 258)   coste      38       38
( 257, 592)   coste      42       42
( 259, 261)   coste      45       45
( 259, 572)   coste      96       96
( 259, 593)   coste     108      108
( 259, 595)   coste     106      106
( 259, 634)   coste     106      106
( 261, 354)   coste      26       26
( 261, 594)   coste      33       33
( 262, 504)   coste      27       27
( 262, 505)   coste      18       18
( 262, 660)   coste      22       22
( 262, 661)   coste      22       22
( 262, 711)   coste      33       33
( 263, 660)   coste      22       22
( 263, 661)   coste      24       24
( 264, 624)   coste      16       16
( 265, 624)   coste      20       20
( 267, 284)   coste      26       26
( 267, 285)   coste      27       27
( 267, 608)   coste      28       28
( 268, 621)   coste      18       18
( 269, 486)   coste      11       11
( 269, 700)   coste      36       36
( 271, 371)   coste      42       42
( 271, 609)   coste      32       32
( 273, 439)   coste      40       40
( 276, 329)   coste      80       80
( 276, 330)   coste      55       55
( 276, 378)   coste      44       44
( 278, 279)   coste      27       27
( 279, 343)   coste      34       34
( 280, 506)   coste      26       26
( 280, 507)   coste      37       37
( 280, 662)   coste      45       45
( 281, 605)   coste      30       30
( 281, 606)   coste      19       19
( 282, 283)   coste      10       10
( 282, 605)   coste      29       29
( 282, 606)   coste      19       19
( 283, 605)   coste      20       20
( 283, 614)   coste      53       53
( 284, 358)   coste      31       31
( 284, 359)   coste      42       42
( 285, 359)   coste      31       31
( 286, 639)   coste      56       56
( 287, 288)   coste      45       45
( 287, 487)   coste      53       53
( 288, 569)   coste      19       19
( 289, 441)   coste      57       57
( 290, 497)   coste      70       70
( 292, 487)   coste      29       29
( 292, 669)   coste      19       19
( 295, 648)   coste      61       61
( 296, 297)   coste      52       52
( 296, 386)   coste      58       58
( 297, 314)   coste      40       40
( 297, 315)   coste      35       35
( 297, 318)   coste      49       49
( 298, 494)   coste      42       42
( 298, 591)   coste      42       42
( 299, 495)   coste      33       33
( 299, 573)   coste      24       24
( 300, 591)   coste      19       19
( 301, 684)   coste      13       13
( 302, 303)   coste      16       16
( 303, 305)   coste      23       23
( 305, 684)   coste      16       16
( 306, 479)   coste      17       17
( 308, 475)   coste      34       34
( 308, 478)   coste      33       33
( 308, 479)   coste      16       16
( 309, 320)   coste      35       35
( 309, 476)   coste      23       23
( 310, 320)   coste      10       10
( 311, 335)   coste      21       21
( 311, 704)   coste       5        5
( 312, 683)   coste      12       12
( 312, 704)   coste      27       27
( 313, 335)   coste      15       15
( 314, 667)   coste      21       21
( 315, 667)   coste      37       37
( 316, 705)   coste       9        9
( 317, 318)   coste      29       29
( 317, 668)   coste      27       27
( 317, 677)   coste      30       30
( 319, 563)   coste      37       37
( 320, 321)   coste      39       39
( 320, 563)   coste      35       35
( 321, 322)   coste      20       20
( 322, 563)   coste      41       41
( 322, 630)   coste      32       32
( 325, 347)   coste      35       35
( 326, 529)   coste      40       40
( 327, 328)   coste      45       45
( 327, 509)   coste      34       34
( 329, 666)   coste      84       84
( 330, 666)   coste      59       59
( 330, 694)   coste      32       32
( 331, 433)   coste      15       15
( 331, 630)   coste      28       28
( 332, 431)   coste       9        9
( 332, 432)   coste      14       14
( 332, 631)   coste      11       11
( 333, 433)   coste      31       31
( 333, 630)   coste      39       39
( 334, 586)   coste      35       35
( 335, 704)   coste      24       24
( 337, 397)   coste      52       52
( 337, 628)   coste      50       50
( 338, 628)   coste      39       39
( 342, 409)   coste      63       63
( 342, 498)   coste      38       38
( 344, 387)   coste      48       48
( 345, 404)   coste      37       37
( 350, 392)   coste      74       74
( 350, 708)   coste      36       36
( 351, 352)   coste      66       66
( 352, 392)   coste      55       55
( 352, 707)   coste      38       38
( 356, 357)   coste      31       31
( 357, 375)   coste      36       36
( 358, 515)   coste      45       45
( 361, 585)   coste      35       35
( 364, 365)   coste      30       30
( 369, 617)   coste      46       46
( 370, 689)   coste      17       17
( 370, 691)   coste      19       19
( 371, 374)   coste       6        6
( 371, 691)   coste      21       21
( 372, 373)   coste      36       36
( 373, 689)   coste       4        4
( 373, 691)   coste      36       36
( 374, 609)   coste      19       19
( 375, 418)   coste      36       36
( 375, 710)   coste      21       21
( 377, 666)   coste      57       57
( 378, 694)   coste      33       33
( 379, 446)   coste      37       37
( 379, 573)   coste      51       51
( 380, 502)   coste      13       13
( 380, 503)   coste      28       28
( 380, 673)   coste      30       30
( 381, 462)   coste      28       28
( 381, 502)   coste      18       18
( 381, 514)   coste      24       24
( 382, 454)   coste      29       29
( 384, 454)   coste      21       21
( 385, 607)   coste      71       71
( 385, 621)   coste      75       75
( 385, 656)   coste      40       40
( 386, 411)   coste      58       58
( 387, 403)   coste      56       56
( 388, 481)   coste      12       12
( 388, 517)   coste      28       28
( 389, 480)   coste      24       24
( 389, 481)   coste       8        8
( 389, 517)   coste      26       26
( 390, 423)   coste      48       48
( 391, 392)   coste      58       58
( 393, 457)   coste      30       30
( 393, 458)   coste      15       15
( 395, 647)   coste      24       24
( 396, 397)   coste      46       46
( 396, 524)   coste       7        7
( 398, 406)   coste      24       24
( 399, 407)   coste      28       28
( 399, 449)   coste      18       18
( 400, 585)   coste      38       38
( 402, 615)   coste      47       47
( 405, 534)   coste      19       19
( 406, 449)   coste      39       39
( 407, 449)   coste      13       13
( 407, 450)   coste      26       26
( 407, 465)   coste      39       39
( 408, 636)   coste      25       25
( 409, 498)   coste      52       52
( 410, 498)   coste      24       24
( 410, 648)   coste      59       59
( 411, 582)   coste      47       47
( 411, 648)   coste      29       29
( 412, 499)   coste      45       45
( 414, 415)   coste      34       34
( 414, 629)   coste      47       47
( 417, 663)   coste      41       41
( 418, 710)   coste      16       16
( 420, 692)   coste      43       43
( 421, 537)   coste      36       36
( 421, 692)   coste      35       35
( 421, 697)   coste      37       37
( 422, 501)   coste      32       32
( 422, 620)   coste      22       22
( 426, 497)   coste      57       57
( 427, 430)   coste      29       29
( 428, 429)   coste      27       27
( 428, 497)   coste      36       36
( 429, 497)   coste      18       18
( 431, 631)   coste      14       14
( 432, 659)   coste      46       46
( 433, 630)   coste      14       14
( 434, 696)   coste      29       29
( 436, 451)   coste      77       77
( 436, 452)   coste      90       90
( 436, 453)   coste      74       74
( 436, 696)   coste      15       15
( 437, 509)   coste      30       30
( 438, 489)   coste      34       34
( 438, 611)   coste      21       21
( 439, 440)   coste      36       36
( 440, 489)   coste      38       38
( 440, 611)   coste      15       15
( 441, 622)   coste      65       65
( 444, 495)   coste      36       36
( 444, 527)   coste      43       43
( 446, 495)   coste      24       24
( 446, 573)   coste      19       19
( 447, 654)   coste      28       28
( 447, 655)   coste      27       27
( 449, 465)   coste      31       31
( 450, 523)   coste      35       35
( 452, 453)   coste      46       46
( 455, 605)   coste      42       42
( 456, 495)   coste      37       37
( 456, 573)   coste      17       17
( 458, 559)   coste      36       36
( 459, 490)   coste      37       37
( 459, 492)   coste      33       33
( 459, 530)   coste      31       31
( 460, 530)   coste      34       34
( 461, 514)   coste      17       17
( 461, 515)   coste      14       14
( 462, 463)   coste      11       11
( 462, 514)   coste      14       14
( 463, 599)   coste      33       33
( 463, 600)   coste      46       46
( 465, 603)   coste      20       20
( 467, 468)   coste      60       60
( 467, 665)   coste      44       44
( 469, 484)   coste      12       12
( 469, 566)   coste      53       53
( 470, 575)   coste      36       36
( 471, 472)   coste      38       38
( 472, 557)   coste      30       30
( 473, 697)   coste      25       25
( 475, 478)   coste      31       31
( 477, 478)   coste      13       13
( 479, 525)   coste      68       68
( 479, 692)   coste      70       70
( 479, 693)   coste      61       61
( 480, 516)   coste      33       33
( 480, 583)   coste      40       40
( 482, 517)   coste      48       48
( 483, 583)   coste      36       36
( 484, 566)   coste      61       61
( 485, 700)   coste      68       68
( 485, 707)   coste      34       34
( 488, 489)   coste      12       12
( 494, 527)   coste      38       38
( 496, 571)   coste      93       93
( 496, 592)   coste      47       47
( 496, 623)   coste      64       64
( 496, 699)   coste      37       37
( 498, 582)   coste      50       50
( 500, 551)   coste      19       19
( 501, 551)   coste      32       32
( 501, 620)   coste      46       46
( 502, 673)   coste      37       37
( 503, 599)   coste      25       25
( 503, 600)   coste      48       48
( 503, 671)   coste      32       32
( 504, 505)   coste      21       21
( 505, 661)   coste      22       22
( 506, 549)   coste      40       40
( 506, 604)   coste      42       42
( 507, 662)   coste      19       19
( 508, 654)   coste      49       49
( 510, 610)   coste      21       21
( 511, 635)   coste      17       17
( 511, 636)   coste      15       15
( 512, 606)   coste     131      131
( 512, 672)   coste     160      160
( 513, 606)   coste     128      128
( 513, 672)   coste     157      157
( 515, 644)   coste      53       53
( 518, 657)   coste      32       32
( 520, 657)   coste      29       29
( 521, 555)   coste      62       62
( 521, 576)   coste      41       41
( 522, 650)   coste      56       56
( 522, 695)   coste      56       56
( 523, 554)   coste      51       51
( 523, 555)   coste      27       27
( 525, 692)   coste      24       24
( 525, 693)   coste      17       17
( 525, 697)   coste      44       44
( 526, 581)   coste      33       33
( 527, 591)   coste      41       41
( 533, 534)   coste      44       44
( 533, 697)   coste      48       48
( 535, 622)   coste      28       28
( 536, 676)   coste      48       48
( 539, 540)   coste      24       24
( 539, 682)   coste      18       18
( 540, 682)   coste      19       19
( 541, 580)   coste      35       35
( 541, 590)   coste      13       13
( 543, 544)   coste      20       20
( 543, 590)   coste      43       43
( 544, 584)   coste      52       52
( 544, 590)   coste      42       42
( 546, 620)   coste      34       34
( 549, 552)   coste      31       31
( 549, 642)   coste      27       27
( 552, 642)   coste      18       18
( 553, 651)   coste      64       64
( 553, 686)   coste      25       25
( 554, 709)   coste      49       49
( 558, 711)   coste      37       37
( 560, 561)   coste      20       20
( 562, 626)   coste      28       28
( 567, 603)   coste      40       40
( 567, 604)   coste      32       32
( 569, 653)   coste      20       20
( 570, 571)   coste      28       28
( 570, 623)   coste      52       52
( 570, 634)   coste      29       29
( 571, 634)   coste      10       10
( 571, 699)   coste      91       91
( 572, 593)   coste      94       94
( 572, 595)   coste      92       92
( 574, 661)   coste      52       52
( 574, 699)   coste      16       16
( 575, 703)   coste      34       34
( 576, 709)   coste      72       72
( 577, 590)   coste      28       28
( 578, 580)   coste      23       23
( 578, 596)   coste      41       41
( 578, 597)   coste      33       33
( 578, 598)   coste      27       27
( 580, 597)   coste      52       52
( 580, 598)   coste      26       26
( 587, 613)   coste      37       37
( 587, 614)   coste      33       33
( 587, 672)   coste      34       34
( 588, 673)   coste      24       24
( 593, 634)   coste     104      104
( 593, 683)   coste      57       57
( 595, 634)   coste     102      102
( 599, 633)   coste      34       34
( 606, 672)   coste     130      130
( 606, 675)   coste     105      105
( 608, 621)   coste      33       33
( 609, 691)   coste      37       37
( 612, 651)   coste      30       30
( 613, 671)   coste      50       50
( 616, 668)   coste      25       25
( 620, 674)   coste      38       38
( 622, 645)   coste      61       61
( 623, 634)   coste      39       39
( 623, 699)   coste      62       62
( 624, 638)   coste      34       34
( 625, 710)   coste      43       43
( 635, 701)   coste      31       31
( 635, 702)   coste      18       18
( 636, 702)   coste      20       20
( 637, 706)   coste      18       18
( 640, 688)   coste      33       33
( 641, 662)   coste      19       19
( 644, 665)   coste      35       35
( 649, 698)   coste      31       31
( 650, 695)   coste      24       24
( 657, 658)   coste      40       40
( 663, 670)   coste      37       37
( 668, 677)   coste      23       23
( 668, 705)   coste      27       27
( 672, 673)   coste      16       16
( 672, 675)   coste     162      162
( 685, 703)   coste      41       41
( 687, 709)   coste      60       60
( 703, 711)   coste      44       44
