NOMBRE : UR755
COMENTARIO :  15  componentes 
VERTICES :  724
ARISTAS_REQ : 1003
ARISTAS_NOREQ :  963
LISTA_ARISTAS_REQ :
(   1,   2)   coste      22       22
(   1,   3)   coste      28       28
(   4,   5)   coste      40       40
(   4,   6)   coste      11       11
(   4,   7)   coste      35       35
(   4,   8)   coste      47       47
(   9,  10)   coste      22       22
(   9,  11)   coste      21       21
(  12,  13)   coste      42       42
(  12,  14)   coste      33       33
(  15,  16)   coste      60       60
(  15,  17)   coste      12       12
(  15,  18)   coste      43       43
(  19,  20)   coste      27       27
(  21,  22)   coste      51       51
(  21,  23)   coste      24       24
(  21,  24)   coste      24       24
(  25,  26)   coste       8        8
(  25,  27)   coste       9        9
(  28,  29)   coste      71       71
(  28,  30)   coste      35       35
(  28,  31)   coste      45       45
(  32,  33)   coste      32       32
(  34,  35)   coste      49       49
(  34,  36)   coste      24       24
(  34,  37)   coste      40       40
(  38,  39)   coste      14       14
(  40,  41)   coste      31       31
(  40,  42)   coste      35       35
(  40,  43)   coste      48       48
(  44,  45)   coste      53       53
(  44,  46)   coste      44       44
(  44,  47)   coste      54       54
(  48,  49)   coste      40       40
(  48,  50)   coste      20       20
(  51,  52)   coste      24       24
(  51,  53)   coste      24       24
(  54,  55)   coste      36       36
(  54,  56)   coste      42       42
(  54,  57)   coste      46       46
(  54,  58)   coste      49       49
(  59,  60)   coste      32       32
(  59,  61)   coste      15       15
(  62,  63)   coste      12       12
(  22,  64)   coste      33       33
(  22,  65)   coste      42       42
(   6,  66)   coste      51       51
(  17,  66)   coste      48       48
(  66,  67)   coste      24       24
(  68,  69)   coste      16       16
(  68,  70)   coste      22       22
(  68,  71)   coste      46       46
(  68,  72)   coste      11       11
(  68,  73)   coste      26       26
(  74,  75)   coste      65       65
(  74,  76)   coste      69       69
(  74,  77)   coste      31       31
(  78,  79)   coste      49       49
(  78,  80)   coste      13       13
(  78,  81)   coste      48       48
(  78,  82)   coste      24       24
(  83,  84)   coste      57       57
(  83,  85)   coste      27       27
(  11,  83)   coste      11       11
(  86,  87)   coste      37       37
(  86,  88)   coste      40       40
(  89,  90)   coste      55       55
(  75,  91)   coste       9        9
(  92,  93)   coste      42       42
(  92,  94)   coste      24       24
(  92,  95)   coste      28       28
(  92,  96)   coste      32       32
(  92,  97)   coste      68       68
(  98,  99)   coste      48       48
(  98, 100)   coste      31       31
(  98, 101)   coste      12       12
(  13, 102)   coste      16       16
( 103, 104)   coste      26       26
( 103, 105)   coste      60       60
( 103, 106)   coste      28       28
( 107, 108)   coste      15       15
( 107, 109)   coste      28       28
( 107, 110)   coste      43       43
( 107, 111)   coste      28       28
( 112, 113)   coste      28       28
( 112, 114)   coste      68       68
( 115, 116)   coste      36       36
( 117, 118)   coste      31       31
( 117, 119)   coste      32       32
( 120, 121)   coste      49       49
( 120, 122)   coste      28       28
( 120, 123)   coste      52       52
( 124, 125)   coste      26       26
( 126, 127)   coste      15       15
( 128, 129)   coste      19       19
( 128, 130)   coste      47       47
( 131, 132)   coste       3        3
( 131, 133)   coste      50       50
( 131, 134)   coste      39       39
( 135, 136)   coste      30       30
( 135, 137)   coste      32       32
( 138, 139)   coste      11       11
( 138, 140)   coste      22       22
( 138, 141)   coste      30       30
( 138, 142)   coste      31       31
( 143, 144)   coste      72       72
( 143, 145)   coste      25       25
( 146, 147)   coste      37       37
( 146, 148)   coste      11       11
(  85, 146)   coste      33       33
( 146, 149)   coste      20       20
( 150, 151)   coste      40       40
( 150, 152)   coste      28       28
( 150, 153)   coste      42       42
( 150, 154)   coste      34       34
( 155, 156)   coste      40       40
( 155, 157)   coste      39       39
( 155, 158)   coste      28       28
( 159, 160)   coste      15       15
( 159, 161)   coste      43       43
( 159, 162)   coste      21       21
( 163, 164)   coste      12       12
( 163, 165)   coste      20       20
( 166, 167)   coste      60       60
( 166, 168)   coste      38       38
( 166, 169)   coste      38       38
( 170, 171)   coste      13       13
( 170, 172)   coste      49       49
( 170, 173)   coste      16       16
( 170, 174)   coste      61       61
( 170, 175)   coste      15       15
( 176, 177)   coste      40       40
(  79, 178)   coste      34       34
(  79, 179)   coste      25       25
(  79,  80)   coste      39       39
(  79, 180)   coste      21       21
(  79, 181)   coste      31       31
( 182, 183)   coste      87       87
( 182, 184)   coste      88       88
( 182, 185)   coste      50       50
(  13, 186)   coste      14       14
(  13, 187)   coste      35       35
( 188, 189)   coste      33       33
( 188, 190)   coste      43       43
( 191, 192)   coste      33       33
(  49, 191)   coste      42       42
(  50, 191)   coste      24       24
( 193, 194)   coste      51       51
( 193, 195)   coste      55       55
( 193, 196)   coste      28       28
( 197, 198)   coste      28       28
( 197, 199)   coste      11       11
( 197, 200)   coste      33       33
( 197, 201)   coste      24       24
( 167, 202)   coste      55       55
(   2, 167)   coste      45       45
( 203, 204)   coste      42       42
(  72, 203)   coste      40       40
(  73, 203)   coste       8        8
( 203, 205)   coste      30       30
( 206, 207)   coste      46       46
( 206, 208)   coste      49       49
( 206, 209)   coste      44       44
( 206, 210)   coste      30       30
( 206, 211)   coste      35       35
( 108, 212)   coste      42       42
( 212, 213)   coste       4        4
( 109, 212)   coste      25       25
( 214, 215)   coste      64       64
( 216, 217)   coste      17       17
( 216, 218)   coste      25       25
( 216, 219)   coste      55       55
( 216, 220)   coste      38       38
( 216, 221)   coste      12       12
( 216, 222)   coste      44       44
( 223, 224)   coste      46       46
( 223, 225)   coste      38       38
(  33, 226)   coste      49       49
(  33, 227)   coste      30       30
( 228, 229)   coste      38       38
( 228, 230)   coste      37       37
( 231, 232)   coste      34       34
( 231, 233)   coste      28       28
( 231, 234)   coste      16       16
( 231, 235)   coste      20       20
( 236, 237)   coste      16       16
( 236, 238)   coste      14       14
( 236, 239)   coste      37       37
( 236, 240)   coste      45       45
( 236, 241)   coste      66       66
( 242, 243)   coste      42       42
( 242, 244)   coste      33       33
(  57, 242)   coste      24       24
( 242, 245)   coste      46       46
( 242, 246)   coste      36       36
( 247, 248)   coste      40       40
( 247, 249)   coste      36       36
( 250, 251)   coste      18       18
( 250, 252)   coste      42       42
( 253, 254)   coste      27       27
( 253, 255)   coste      31       31
( 253, 256)   coste       8        8
(  45, 257)   coste      25       25
(  45,  61)   coste      38       38
( 258, 259)   coste      58       58
( 258, 260)   coste      17       17
( 261, 262)   coste      18       18
( 261, 263)   coste      20       20
( 261, 264)   coste      33       33
( 261, 265)   coste      37       37
(  69, 266)   coste      47       47
( 266, 267)   coste      25       25
(  71, 266)   coste      43       43
( 268, 269)   coste      52       52
( 268, 270)   coste      54       54
( 246, 268)   coste      43       43
(  69,  71)   coste      31       31
(  69, 271)   coste      70       70
(  85, 147)   coste      31       31
( 108, 213)   coste      41       41
( 108, 109)   coste      32       32
( 272, 273)   coste      59       59
( 272, 274)   coste      63       63
( 148, 149)   coste      22       22
( 148, 275)   coste      12       12
( 148, 276)   coste      26       26
( 277, 278)   coste      60       60
( 277, 279)   coste      41       41
(  97, 277)   coste      52       52
( 280, 281)   coste      37       37
( 282, 283)   coste      27       27
(  39, 282)   coste      15       15
( 282, 284)   coste      13       13
( 285, 286)   coste      40       40
( 285, 287)   coste      65       65
( 183, 288)   coste      42       42
( 288, 289)   coste      13       13
( 288, 290)   coste      30       30
( 291, 292)   coste      28       28
( 291, 293)   coste      24       24
(  46, 291)   coste      47       47
( 291, 294)   coste      54       54
( 291, 295)   coste      60       60
( 296, 297)   coste      41       41
( 296, 298)   coste      44       44
( 299, 300)   coste      32       32
( 301, 302)   coste      30       30
( 301, 303)   coste      45       45
( 301, 304)   coste      54       54
(  55, 153)   coste      25       25
(  55, 222)   coste      40       40
(   5, 300)   coste      33       33
( 305, 306)   coste      37       37
( 307, 308)   coste      60       60
( 114, 307)   coste      20       20
( 307, 309)   coste      53       53
( 310, 311)   coste      48       48
( 310, 312)   coste       3        3
( 123, 310)   coste      33       33
( 313, 314)   coste      39       39
( 313, 315)   coste      51       51
( 313, 316)   coste      25       25
( 317, 318)   coste      42       42
( 317, 319)   coste      25       25
( 317, 320)   coste      18       18
( 113, 321)   coste      60       60
( 321, 322)   coste       6        6
(  84, 149)   coste      46       46
(  84, 323)   coste      60       60
(   6, 300)   coste      37       37
(   7, 300)   coste      27       27
(   8, 300)   coste      32       32
( 324, 325)   coste      32       32
( 226, 324)   coste      36       36
( 326, 327)   coste      36       36
( 328, 329)   coste      61       61
( 255, 330)   coste      72       72
( 330, 331)   coste      72       72
( 116, 332)   coste      60       60
(  20, 116)   coste      23       23
( 333, 334)   coste      48       48
( 333, 335)   coste      30       30
( 333, 336)   coste      46       46
( 333, 337)   coste      38       38
( 118, 274)   coste      60       60
( 118, 338)   coste      46       46
( 118, 264)   coste      29       29
( 118, 339)   coste      36       36
( 237, 238)   coste      25       25
( 237, 240)   coste      50       50
( 237, 340)   coste      18       18
( 341, 342)   coste      31       31
( 341, 343)   coste      24       24
( 341, 344)   coste      43       43
( 341, 345)   coste      28       28
( 346, 347)   coste      52       52
( 346, 348)   coste      33       33
( 349, 350)   coste      48       48
( 351, 352)   coste      42       42
( 351, 353)   coste      25       25
( 278, 354)   coste      22       22
( 278, 355)   coste      18       18
( 278, 356)   coste      25       25
( 132, 133)   coste      49       49
( 132, 357)   coste      18       18
( 132, 358)   coste      35       35
( 132, 359)   coste      50       50
( 360, 361)   coste      42       42
( 362, 363)   coste      46       46
(  49, 342)   coste      34       34
(  43, 342)   coste      23       23
( 342, 364)   coste      34       34
(  60, 217)   coste      44       44
( 217, 244)   coste      38       38
( 217, 220)   coste      24       24
( 289, 365)   coste      30       30
( 366, 367)   coste      39       39
( 366, 368)   coste      48       48
( 369, 370)   coste      45       45
( 369, 371)   coste      44       44
( 145, 372)   coste      26       26
( 241, 372)   coste      49       49
( 373, 374)   coste      57       57
( 373, 375)   coste      32       32
( 373, 376)   coste      29       29
( 373, 377)   coste      26       26
( 373, 378)   coste      57       57
(  35, 379)   coste      10       10
( 379, 380)   coste      43       43
(  36, 379)   coste      20       20
( 213, 381)   coste      17       17
( 109, 381)   coste      37       37
( 110, 381)   coste      32       32
( 382, 383)   coste      41       41
( 384, 385)   coste      29       29
( 384, 386)   coste      25       25
( 275, 384)   coste      56       56
(  41,  42)   coste      50       50
(  41, 345)   coste      24       24
(  41, 387)   coste      11       11
(  99, 388)   coste      35       35
(  99, 389)   coste      25       25
(  99, 101)   coste      39       39
( 273, 390)   coste      54       54
(  85, 275)   coste      30       30
(  11,  85)   coste      33       33
( 391, 392)   coste      12       12
( 391, 393)   coste      36       36
( 391, 394)   coste      49       49
( 391, 395)   coste      23       23
( 133, 357)   coste      35       35
( 133, 396)   coste      38       38
( 151, 397)   coste      37       37
( 390, 398)   coste      48       48
( 390, 399)   coste      38       38
( 390, 400)   coste      51       51
( 390, 401)   coste      47       47
(  91, 402)   coste      54       54
( 403, 404)   coste      51       51
( 403, 405)   coste      29       29
( 334, 406)   coste      17       17
( 334, 407)   coste      26       26
( 334, 336)   coste       7        7
( 137, 334)   coste      19       19
( 334, 337)   coste      25       25
( 408, 409)   coste      31       31
( 408, 410)   coste      40       40
( 165, 408)   coste      12       12
( 357, 411)   coste      10       10
( 412, 413)   coste      52       52
( 412, 414)   coste      25       25
(  16, 412)   coste      55       55
( 412, 415)   coste      62       62
( 416, 417)   coste      48       48
( 418, 419)   coste      27       27
( 418, 420)   coste       4        4
(  65, 418)   coste      39       39
( 394, 418)   coste      24       24
( 171, 172)   coste      42       42
( 171, 421)   coste      75       75
( 422, 423)   coste      79       79
( 422, 424)   coste      58       58
( 422, 425)   coste      24       24
(   6,  18)   coste      36       36
( 426, 427)   coste      38       38
( 426, 428)   coste      29       29
( 348, 426)   coste      16       16
( 274, 338)   coste      19       19
(  87, 248)   coste      27       27
(  87,  88)   coste      47       47
( 429, 430)   coste      52       52
( 409, 431)   coste      21       21
( 432, 433)   coste      47       47
( 161, 434)   coste      53       53
( 400, 434)   coste      34       34
( 435, 436)   coste      44       44
(  63, 435)   coste      15       15
( 435, 437)   coste      46       46
( 438, 439)   coste      21       21
( 187, 440)   coste      54       54
( 265, 440)   coste      62       62
( 440, 441)   coste      68       68
( 440, 442)   coste      38       38
( 443, 444)   coste      38       38
( 445, 446)   coste      38       38
( 445, 447)   coste      30       30
( 448, 449)   coste      43       43
( 292, 448)   coste      52       52
( 448, 450)   coste      31       31
( 269, 448)   coste      38       38
( 190, 448)   coste      24       24
( 235, 451)   coste      30       30
( 451, 452)   coste      27       27
( 453, 454)   coste      45       45
( 453, 455)   coste      28       28
( 276, 453)   coste      43       43
( 453, 456)   coste      50       50
( 350, 457)   coste      43       43
( 457, 458)   coste      17       17
( 457, 459)   coste      38       38
( 113, 219)   coste      19       19
( 460, 461)   coste      50       50
( 460, 462)   coste      55       55
( 281, 460)   coste      28       28
( 460, 463)   coste      46       46
( 460, 464)   coste      58       58
( 465, 466)   coste      39       39
( 331, 465)   coste      55       55
( 262, 467)   coste      18       18
( 467, 468)   coste      40       40
( 263, 467)   coste      17       17
(  56, 469)   coste      14       14
( 469, 470)   coste      11       11
( 469, 471)   coste      28       28
( 100, 472)   coste      20       20
( 100, 473)   coste      45       45
( 100, 101)   coste      25       25
( 461, 474)   coste      41       41
( 461, 475)   coste      38       38
(  67, 476)   coste       6        6
( 161, 398)   coste      34       34
( 385, 386)   coste      24       24
( 385, 477)   coste      14       14
( 275, 385)   coste      51       51
( 478, 479)   coste      14       14
( 478, 480)   coste       8        8
( 481, 482)   coste       5        5
( 121, 483)   coste      39       39
( 121, 211)   coste      55       55
( 484, 485)   coste      10       10
( 134, 486)   coste      19       19
( 486, 487)   coste      40       40
( 402, 488)   coste      18       18
( 402, 489)   coste       5        5
( 152, 397)   coste       4        4
( 183, 289)   coste      33       33
( 490, 491)   coste      48       48
( 492, 493)   coste      23       23
( 492, 494)   coste      45       45
( 297, 495)   coste      22       22
( 297, 485)   coste      45       45
( 281, 496)   coste      54       54
(   7,  18)   coste       8        8
( 314, 497)   coste      40       40
( 262, 263)   coste      10       10
( 262, 264)   coste      45       45
( 498, 499)   coste      36       36
( 232, 234)   coste      20       20
( 232, 500)   coste      15       15
( 406, 407)   coste      10       10
( 336, 406)   coste      23       23
( 137, 406)   coste       9        9
( 337, 406)   coste      32       32
( 501, 502)   coste      30       30
( 501, 503)   coste      28       28
( 207, 504)   coste      42       42
( 207, 211)   coste      16       16
( 505, 506)   coste      31       31
( 505, 507)   coste      16       16
( 505, 508)   coste      26       26
( 254, 340)   coste      61       61
(  70, 267)   coste      24       24
(  70, 509)   coste      22       22
( 510, 511)   coste      30       30
( 374, 510)   coste      37       37
( 226, 512)   coste      19       19
( 226, 513)   coste      37       37
( 233, 234)   coste      34       34
( 233, 514)   coste      28       28
( 233, 235)   coste      44       44
( 233, 515)   coste      43       43
( 172, 173)   coste      62       62
( 516, 517)   coste      21       21
( 516, 518)   coste      61       61
( 104, 516)   coste      35       35
( 506, 507)   coste      23       23
( 506, 508)   coste      37       37
( 281, 474)   coste      16       16
( 281, 463)   coste      55       55
( 308, 519)   coste      32       32
( 519, 520)   coste      45       45
( 519, 521)   coste      55       55
( 259, 392)   coste      44       44
( 392, 393)   coste      41       41
( 392, 395)   coste      28       28
( 522, 523)   coste      15       15
( 367, 522)   coste      15       15
( 522, 524)   coste      11       11
( 270, 493)   coste      56       56
( 525, 526)   coste      41       41
( 527, 528)   coste       8        8
( 527, 529)   coste      17       17
( 527, 530)   coste      37       37
( 218, 222)   coste      23       23
( 531, 532)   coste      36       36
( 187, 468)   coste      39       39
( 265, 468)   coste      20       20
( 468, 533)   coste      85       85
( 442, 468)   coste      24       24
( 323, 534)   coste      67       67
( 314, 532)   coste      14       14
( 308, 421)   coste      33       33
( 535, 536)   coste      25       25
(  80, 178)   coste      33       33
( 178, 537)   coste      34       34
( 178, 538)   coste      20       20
( 178, 539)   coste      29       29
( 540, 541)   coste      45       45
( 542, 543)   coste      36       36
( 314, 544)   coste      17       17
( 544, 545)   coste      29       29
( 544, 546)   coste      59       59
(  29, 547)   coste      42       42
( 548, 549)   coste      38       38
( 144, 548)   coste      46       46
( 239, 548)   coste      46       46
( 550, 551)   coste      59       59
( 552, 553)   coste      35       35
( 552, 554)   coste      25       25
( 552, 555)   coste      42       42
( 556, 557)   coste      16       16
( 395, 556)   coste      54       54
( 425, 558)   coste      44       44
( 386, 559)   coste      60       60
( 386, 477)   coste      14       14
( 343, 364)   coste      24       24
( 125, 560)   coste      11       11
( 125, 561)   coste      48       48
( 168, 562)   coste      55       55
( 316, 514)   coste      53       53
(  97, 514)   coste      68       68
( 436, 437)   coste      38       38
( 251, 436)   coste      66       66
( 436, 563)   coste      89       89
( 252, 436)   coste      55       55
( 458, 564)   coste      35       35
( 375, 564)   coste      43       43
(  26, 564)   coste      28       28
( 396, 565)   coste      32       32
( 354, 566)   coste      24       24
( 355, 566)   coste      25       25
( 565, 566)   coste      21       21
( 566, 567)   coste      38       38
( 568, 569)   coste      35       35
( 394, 568)   coste      36       36
( 395, 568)   coste      27       27
( 243, 245)   coste      50       50
( 243, 570)   coste      23       23
( 243, 571)   coste      40       40
( 243, 246)   coste      12       12
( 413, 572)   coste      45       45
(  90, 413)   coste       4        4
(  72, 267)   coste      34       34
( 267, 573)   coste      23       23
( 267, 271)   coste      48       48
( 198, 574)   coste      18       18
( 574, 575)   coste      34       34
( 199, 574)   coste      32       32
( 201, 574)   coste      18       18
( 574, 576)   coste      39       39
( 574, 577)   coste      24       24
( 318, 388)   coste      43       43
( 318, 499)   coste      33       33
( 318, 578)   coste      46       46
( 318, 579)   coste      26       26
( 580, 581)   coste      38       38
( 130, 235)   coste      19       19
( 194, 195)   coste      30       30
( 194, 196)   coste      39       39
( 194, 582)   coste      19       19
( 194, 344)   coste      43       43
( 194, 583)   coste      36       36
(  47, 194)   coste      45       45
( 517, 518)   coste      50       50
( 105, 517)   coste      52       52
( 584, 585)   coste      47       47
( 584, 586)   coste      21       21
( 240, 584)   coste       8        8
( 319, 587)   coste      40       40
(  93, 588)   coste      29       29
(  93, 283)   coste      23       23
(  93,  95)   coste      15       15
( 306, 541)   coste      24       24
( 256, 589)   coste      20       20
( 553, 590)   coste      25       25
( 553, 554)   coste      48       48
( 553, 591)   coste      29       29
( 553, 592)   coste      21       21
( 263, 265)   coste      29       29
( 263, 442)   coste      57       57
( 348, 428)   coste      34       34
(  63,  81)   coste      36       36
(  16, 414)   coste      38       38
( 199, 414)   coste      70       70
( 404, 593)   coste      36       36
( 353, 594)   coste      36       36
( 227, 595)   coste      41       41
( 526, 595)   coste       4        4
( 417, 595)   coste      38       38
( 596, 597)   coste      23       23
( 136, 335)   coste      49       49
( 195, 582)   coste      44       44
( 195, 583)   coste       8        8
(  10, 477)   coste      55       55
( 423, 598)   coste      30       30
( 599, 600)   coste      37       37
(  14, 186)   coste       4        4
( 186, 441)   coste      16       16
( 186, 601)   coste      16       16
( 602, 603)   coste      20       20
( 602, 604)   coste      48       48
( 602, 605)   coste      31       31
( 518, 606)   coste      59       59
( 298, 606)   coste      35       35
( 383, 472)   coste      37       37
( 323, 383)   coste      36       36
( 607, 608)   coste      81       81
( 139, 141)   coste      27       27
( 139, 561)   coste      49       49
( 139, 609)   coste       7        7
( 224, 610)   coste      62       62
( 224, 225)   coste      63       63
( 431, 604)   coste      47       47
( 156, 431)   coste      32       32
( 611, 612)   coste      54       54
(  16, 613)   coste      27       27
(  16,  18)   coste      59       59
( 208, 332)   coste      32       32
( 179, 181)   coste      28       28
( 605, 614)   coste      34       34
( 614, 615)   coste      54       54
( 614, 616)   coste      35       35
( 617, 618)   coste      26       26
( 306, 617)   coste      13       13
( 617, 619)   coste      46       46
( 370, 371)   coste      38       38
( 200, 370)   coste      43       43
( 370, 620)   coste      46       46
( 370, 621)   coste      42       42
( 329, 622)   coste      32       32
( 348, 454)   coste      36       36
( 454, 456)   coste      33       33
( 536, 623)   coste      47       47
( 111, 623)   coste      16       16
(  29, 624)   coste      45       45
(  29, 287)   coste      49       49
(  29, 625)   coste      81       81
( 424, 598)   coste      58       58
( 140, 626)   coste       9        9
( 140, 142)   coste      36       36
( 140, 609)   coste      32       32
( 439, 612)   coste      11       11
( 286, 627)   coste      39       39
( 415, 627)   coste      43       43
( 286, 415)   coste       6        6
( 388, 389)   coste      11       11
( 528, 529)   coste      10       10
(  20, 363)   coste      29       29
(  20, 327)   coste      23       23
( 565, 628)   coste      18       18
( 104, 628)   coste      44       44
(  50, 192)   coste      38       38
(  42, 192)   coste      31       31
(  43, 192)   coste      26       26
( 433, 551)   coste      40       40
(  77, 433)   coste      33       33
( 536, 629)   coste      59       59
( 202, 630)   coste      31       31
(   2, 202)   coste      27       27
( 612, 631)   coste      50       50
( 101, 472)   coste      43       43
( 323, 472)   coste      54       54
(  60, 632)   coste      33       33
( 494, 633)   coste      48       48
( 354, 355)   coste      37       37
( 354, 567)   coste      15       15
( 354, 356)   coste      38       38
(   3, 630)   coste      28       28
( 600, 630)   coste      11       11
( 162, 399)   coste      49       49
(   2, 634)   coste      44       44
( 355, 356)   coste      37       37
( 458, 634)   coste      29       29
( 458, 635)   coste      32       32
( 636, 637)   coste      19       19
( 567, 588)   coste      47       47
(  95, 588)   coste      30       30
(  35, 638)   coste      16       16
( 127, 639)   coste      40       40
( 122, 587)   coste      36       36
( 122, 123)   coste      38       38
( 122, 320)   coste      39       39
( 114, 309)   coste      63       63
( 640, 641)   coste      42       42
(  52, 640)   coste      43       43
(  53, 640)   coste      33       33
( 459, 511)   coste      10       10
( 459, 642)   coste      26       26
( 459, 635)   coste      38       38
( 459, 643)   coste      15       15
( 644, 645)   coste      31       31
( 644, 646)   coste      26       26
( 644, 647)   coste      19       19
( 644, 648)   coste      32       32
( 229, 649)   coste      25       25
( 649, 650)   coste      21       21
( 230, 649)   coste      27       27
( 389, 473)   coste      23       23
( 320, 389)   coste      42       42
( 173, 174)   coste      52       52
( 651, 652)   coste      10       10
( 204, 651)   coste      32       32
( 205, 651)   coste      45       45
( 119, 653)   coste      36       36
( 572, 654)   coste      31       31
( 129, 655)   coste       6        6
( 129, 656)   coste      33       33
( 603, 647)   coste      44       44
( 198, 575)   coste      45       45
( 198, 201)   coste       5        5
( 198, 576)   coste      44       44
( 198, 577)   coste      38       38
(  53, 641)   coste      54       54
( 136, 641)   coste      61       61
( 555, 641)   coste      56       56
( 657, 658)   coste      38       38
( 425, 657)   coste      48       48
( 190, 449)   coste      21       21
( 371, 624)   coste      30       30
( 371, 659)   coste      41       41
( 371, 621)   coste      29       29
(  46, 660)   coste      52       52
( 294, 660)   coste      37       37
( 344, 582)   coste      43       43
( 260, 661)   coste      22       22
( 260, 480)   coste      42       42
( 518, 662)   coste      54       54
(  76, 551)   coste      44       44
( 189, 190)   coste      28       28
( 189, 663)   coste      40       40
( 515, 664)   coste      47       47
( 581, 664)   coste      32       32
( 292, 665)   coste      45       45
( 666, 667)   coste      46       46
( 358, 359)   coste      19       19
( 358, 668)   coste      49       49
( 134, 358)   coste      34       34
( 358, 487)   coste      36       36
( 111, 536)   coste      57       57
( 590, 592)   coste      32       32
(  95, 283)   coste      35       35
( 283, 669)   coste      32       32
( 512, 638)   coste      22       22
( 621, 624)   coste      32       32
( 394, 569)   coste      18       18
( 652, 670)   coste      60       60
( 156, 604)   coste      45       45
( 604, 671)   coste      37       37
( 157, 604)   coste      30       30
( 632, 672)   coste      16       16
( 393, 479)   coste      31       31
( 393, 480)   coste      40       40
( 495, 673)   coste      32       32
( 269, 450)   coste      10       10
( 450, 665)   coste      19       19
( 452, 543)   coste      21       21
( 153, 309)   coste      44       44
( 309, 674)   coste      39       39
( 309, 397)   coste      20       20
( 361, 658)   coste      26       26
( 658, 668)   coste      43       43
(  56, 153)   coste      40       40
(  56, 470)   coste      22       22
(  56, 471)   coste      35       35
(  56, 154)   coste      29       29
( 204, 675)   coste      20       20
( 204, 205)   coste      15       15
( 165, 499)   coste      28       28
( 347, 348)   coste      25       25
( 144, 676)   coste      29       29
( 511, 643)   coste      19       19
(  67, 650)   coste      42       42
( 257, 632)   coste      31       31
(  61, 632)   coste      25       25
( 554, 555)   coste      42       42
( 554, 592)   coste      32       32
( 175, 521)   coste      91       91
( 344, 387)   coste      25       25
( 331, 677)   coste      55       55
( 677, 678)   coste      16       16
( 447, 677)   coste      22       22
(  71, 271)   coste      56       56
( 239, 585)   coste      45       45
( 662, 679)   coste       9        9
( 679, 680)   coste      52       52
( 337, 593)   coste      27       27
( 303, 546)   coste      28       28
( 645, 646)   coste      31       31
( 255, 645)   coste      16       16
( 645, 647)   coste      13       13
( 256, 645)   coste      31       31
( 645, 648)   coste      15       15
( 314, 681)   coste      42       42
( 314, 546)   coste      52       52
( 244, 245)   coste      32       32
( 244, 682)   coste      33       33
(  76, 583)   coste      59       59
( 329, 683)   coste      37       37
( 437, 684)   coste      52       52
( 538, 685)   coste      35       35
( 538, 539)   coste      29       29
(  96, 538)   coste      44       44
( 311, 488)   coste      60       60
( 295, 311)   coste      22       22
( 482, 686)   coste      49       49
( 374, 687)   coste      15       15
( 374, 376)   coste      30       30
( 153, 154)   coste      28       28
( 312, 488)   coste      53       53
( 123, 312)   coste      33       33
( 352, 353)   coste      33       33
( 352, 688)   coste      53       53
( 539, 689)   coste      35       35
( 545, 689)   coste      29       29
( 689, 690)   coste      44       44
( 474, 691)   coste      49       49
( 184, 597)   coste      10       10
( 249, 597)   coste      13       13
( 692, 693)   coste      49       49
( 119, 264)   coste      33       33
(  73, 205)   coste      32       32
( 694, 695)   coste      48       48
( 503, 694)   coste      37       37
( 419, 696)   coste      37       37
( 419, 420)   coste      24       24
( 572, 697)   coste       3        3
( 592, 698)   coste      27       27
( 417, 526)   coste      39       39
( 211, 483)   coste      26       26
( 306, 618)   coste      15       15
( 488, 587)   coste      48       48
( 489, 587)   coste      56       56
( 579, 587)   coste      39       39
( 320, 587)   coste      13       13
( 533, 699)   coste      27       27
( 109, 111)   coste      30       30
( 199, 613)   coste      46       46
( 101, 473)   coste      28       28
(  49,  50)   coste      21       21
(  49, 364)   coste      21       21
(  97, 315)   coste      37       37
( 646, 647)   coste      29       29
( 575, 667)   coste      14       14
( 164, 410)   coste      30       30
(   3, 634)   coste      27       27
(   3, 700)   coste      24       24
( 331, 466)   coste      40       40
( 156, 701)   coste      43       43
( 157, 701)   coste      32       32
(  14, 601)   coste      17       17
(  57, 702)   coste      52       52
(  57, 682)   coste      20       20
(  30, 659)   coste      60       60
(  30,  31)   coste      19       19
( 691, 703)   coste      34       34
(  46, 293)   coste      25       25
( 605, 616)   coste      33       33
( 471, 702)   coste      37       37
( 491, 704)   coste      48       48
(  52, 407)   coste      27       27
(  52, 137)   coste      21       21
( 304, 705)   coste      36       36
( 686, 705)   coste      47       47
( 255, 647)   coste      15       15
( 255, 648)   coste      27       27
( 136, 706)   coste      47       47
( 706, 707)   coste      45       45
( 337, 708)   coste      56       56
( 598, 708)   coste      76       76
( 251, 290)   coste      85       85
( 252, 290)   coste      63       63
( 271, 573)   coste      31       31
(  53, 485)   coste      15       15
( 669, 691)   coste      33       33
( 375, 376)   coste      47       47
( 455, 709)   coste      51       51
( 378, 455)   coste      58       58
( 455, 456)   coste      28       28
( 339, 581)   coste      31       31
( 251, 563)   coste      36       36
( 670, 710)   coste      30       30
(  23, 711)   coste      37       37
(  23, 712)   coste      32       32
( 353, 695)   coste      26       26
( 187, 442)   coste      36       36
( 693, 713)   coste      33       33
( 364, 713)   coste      14       14
( 364, 693)   coste      32       32
( 675, 714)   coste      56       56
( 675, 715)   coste      63       63
( 515, 716)   coste       6        6
( 546, 681)   coste      14       14
(  96, 685)   coste      11       11
( 156, 157)   coste      43       43
( 156, 158)   coste      26       26
( 123, 488)   coste      50       50
(  64,  65)   coste      27       27
(  64, 529)   coste      37       37
( 130, 717)   coste      19       19
(  17, 718)   coste      24       24
(  17, 719)   coste      33       33
( 718, 719)   coste      11       11
(  36, 380)   coste      31       31
( 380, 513)   coste      38       38
( 380, 710)   coste      68       68
( 380, 638)   coste      38       38
( 180, 684)   coste      46       46
( 181, 684)   coste      43       43
( 695, 720)   coste      74       74
(  58, 470)   coste       4        4
( 265, 442)   coste      30       30
( 655, 717)   coste      24       24
( 570, 571)   coste      51       51
( 208, 209)   coste      39       39
( 208, 210)   coste      24       24
( 141, 721)   coste      50       50
( 141, 609)   coste      21       21
( 331, 678)   coste      54       54
( 545, 690)   coste      20       20
( 524, 530)   coste      34       34
( 200, 201)   coste      45       45
( 200, 621)   coste      35       35
( 209, 503)   coste      46       46
( 503, 720)   coste      62       62
(  31, 625)   coste      73       73
( 533, 722)   coste      68       68
( 136, 707)   coste       5        5
(  42,  43)   coste      33       33
(  42, 387)   coste      45       45
(  43, 345)   coste      29       29
(  43, 387)   coste      27       27
( 463, 464)   coste      26       26
( 110, 723)   coste      35       35
( 663, 723)   coste      44       44
( 634, 635)   coste      41       41
( 555, 592)   coste      30       30
( 239, 586)   coste      16       16
( 441, 601)   coste      15       15
( 470, 471)   coste      18       18
( 647, 648)   coste      14       14
( 209, 504)   coste      13       13
( 110, 663)   coste      25       25
(  26,  27)   coste      15       15
( 447, 678)   coste      11       11
( 456, 709)   coste      72       72
( 201, 577)   coste      40       40
( 635, 642)   coste      49       49
( 711, 712)   coste      19       19
( 287, 625)   coste      68       68
( 487, 724)   coste      39       39
( 145, 608)   coste      54       54
( 576, 667)   coste      24       24
( 635, 700)   coste      38       38
(  39, 669)   coste      38       38
( 513, 710)   coste      57       57
(  37, 513)   coste      40       40
( 513, 638)   coste      38       38
( 592, 620)   coste      40       40
( 294, 571)   coste      38       38
( 710, 715)   coste      47       47
( 444, 712)   coste      29       29
( 157, 158)   coste      55       55
( 656, 717)   coste      13       13
( 111, 663)   coste      28       28
( 145, 241)   coste      67       67
(  37, 638)   coste      14       14
( 142, 609)   coste      37       37
( 158, 368)   coste      47       47
( 529, 530)   coste      21       21
( 377, 378)   coste      45       45
( 246, 270)   coste      52       52
( 378, 456)   coste      45       45
( 211, 504)   coste      47       47
LISTA_ARISTAS_NOREQ :
(   1, 202)   coste      27       27
(   1, 599)   coste      39       39
(   1, 600)   coste      20       20
(   1, 630)   coste      14       14
(   1, 634)   coste      40       40
(   1, 700)   coste      39       39
(   3, 600)   coste      19       19
(   3, 635)   coste      37       37
(   4,  67)   coste      57       57
(   4, 300)   coste      33       33
(   5,   8)   coste      10       10
(   5, 299)   coste      42       42
(   6,   7)   coste      30       30
(   6,  67)   coste      48       48
(   7, 299)   coste      54       54
(   8, 299)   coste      33       33
(   9, 614)   coste      39       39
(   9, 615)   coste      29       29
(  10,  11)   coste      41       41
(  10,  83)   coste      50       50
(  10,  85)   coste      54       54
(  10, 559)   coste      58       58
(  10, 615)   coste      14       14
(  11, 614)   coste      44       44
(  12, 102)   coste      49       49
(  12, 186)   coste      35       35
(  12, 508)   coste      40       40
(  13, 441)   coste      12       12
(  13, 601)   coste      24       24
(  15,  66)   coste      47       47
(  15, 613)   coste      57       57
(  18, 300)   coste      34       34
(  19, 115)   coste      50       50
(  19, 166)   coste      47       47
(  19, 327)   coste       7        7
(  19, 363)   coste      37       37
(  19, 562)   coste      16       16
(  20, 326)   coste      43       43
(  21, 443)   coste      28       28
(  21, 444)   coste      12       12
(  21, 711)   coste      33       33
(  22, 443)   coste      39       39
(  22, 529)   coste      49       49
(  23,  24)   coste      24       24
(  23, 341)   coste      30       30
(  23, 343)   coste      21       21
(  23, 444)   coste      16       16
(  23, 713)   coste      32       32
(  24, 443)   coste      18       18
(  24, 444)   coste      28       28
(  24, 713)   coste      23       23
(  25, 350)   coste      21       21
(  25, 457)   coste      28       28
(  26, 375)   coste      46       46
(  26, 457)   coste      23       23
(  27, 349)   coste      45       45
(  27, 350)   coste      20       20
(  27, 491)   coste      34       34
(  28, 625)   coste      32       32
(  28, 708)   coste      58       58
(  29,  31)   coste      48       48
(  29, 371)   coste      55       55
(  30, 369)   coste      62       62
(  30, 708)   coste      38       38
(  31, 659)   coste      48       48
(  31, 708)   coste      54       54
(  32, 202)   coste      29       29
(  32, 227)   coste      35       35
(  32, 324)   coste      45       45
(  32, 599)   coste      13       13
(  32, 630)   coste      37       37
(  33, 324)   coste      20       20
(  33, 325)   coste      45       45
(  33, 599)   coste      42       42
(  34, 380)   coste      29       29
(  35,  36)   coste      26       26
(  35,  37)   coste      17       17
(  35, 721)   coste      60       60
(  36,  37)   coste      23       23
(  36, 638)   coste      35       35
(  37, 379)   coste      21       21
(  37, 380)   coste      26       26
(  37, 512)   coste      34       34
(  38,  94)   coste      36       36
(  38, 282)   coste       7        7
(  38, 284)   coste       9        9
(  38, 669)   coste      47       47
(  39,  93)   coste      28       28
(  39, 283)   coste      13       13
(  40,  59)   coste      42       42
(  40, 215)   coste      53       53
(  40, 322)   coste      51       51
(  40, 387)   coste      36       36
(  41, 344)   coste      23       23
(  42, 214)   coste      59       59
(  44, 257)   coste      40       40
(  44, 432)   coste      56       56
(  44, 660)   coste      48       48
(  45,  47)   coste      22       22
(  45, 632)   coste      16       16
(  45, 672)   coste      31       31
(  46, 295)   coste      55       55
(  47, 195)   coste      49       49
(  47, 257)   coste      43       43
(  47, 582)   coste      33       33
(  47, 632)   coste      35       35
(  48, 177)   coste      49       49
(  48, 191)   coste      21       21
(  48, 639)   coste      45       45
(  49, 693)   coste      32       32
(  49, 713)   coste      34       34
(  50, 693)   coste      41       41
(  51, 484)   coste      32       32
(  51, 485)   coste      27       27
(  51, 640)   coste      30       30
(  52,  53)   coste      47       47
(  52, 406)   coste      27       27
(  54, 222)   coste      55       55
(  54, 682)   coste      45       45
(  55,  56)   coste      47       47
(  55, 154)   coste      49       49
(  56,  58)   coste      22       22
(  57, 246)   coste      49       49
(  57, 270)   coste      44       44
(  58, 469)   coste      13       13
(  58, 471)   coste      16       16
(  59, 322)   coste      52       52
(  59, 632)   coste      39       39
(  60,  61)   coste      23       23
(  60, 221)   coste      45       45
(  60, 672)   coste      21       21
(  61, 672)   coste      10       10
(  62,  81)   coste      25       25
(  62,  82)   coste      38       38
(  62, 288)   coste      49       49
(  63,  82)   coste      46       46
(  63, 288)   coste      44       44
(  64, 527)   coste      33       33
(  64, 528)   coste      37       37
(  65, 394)   coste      40       40
(  65, 420)   coste      42       42
(  66, 476)   coste      24       24
(  68, 203)   coste      30       30
(  69,  70)   coste      33       33
(  69,  72)   coste      25       25
(  69,  73)   coste      20       20
(  70,  72)   coste      13       13
(  71,  73)   coste      40       40
(  71, 714)   coste      73       73
(  74, 433)   coste      61       61
(  74, 551)   coste      29       29
(  75,  77)   coste      66       66
(  75, 318)   coste      51       51
(  75, 402)   coste      54       54
(  76, 193)   coste      42       42
(  76, 195)   coste      54       54
(  76, 196)   coste      32       32
(  77, 551)   coste      27       27
(  78, 178)   coste      34       34
(  79, 538)   coste      24       24
(  80,  82)   coste      22       22
(  80, 538)   coste      46       46
(  81,  82)   coste      26       26
(  81,  86)   coste      50       50
(  83, 147)   coste      32       32
(  84, 146)   coste      53       53
(  84, 147)   coste      28       28
(  85, 148)   coste      41       41
(  85, 385)   coste      47       47
(  86, 248)   coste      46       46
(  86, 289)   coste      56       56
(  87, 247)   coste      21       21
(  87, 249)   coste      33       33
(  87, 597)   coste      43       43
(  88, 247)   coste      54       54
(  88, 304)   coste      30       30
(  88, 686)   coste      24       24
(  89, 285)   coste     101      101
(  89, 415)   coste      61       61
(  89, 627)   coste      93       93
(  89, 631)   coste      46       46
(  90, 412)   coste      54       54
(  90, 572)   coste      48       48
(  90, 612)   coste      53       53
(  90, 631)   coste      43       43
(  90, 697)   coste      49       49
(  91, 317)   coste      41       41
(  91, 318)   coste      44       44
(  91, 319)   coste      21       21
(  92, 685)   coste      41       41
(  93, 282)   coste      35       35
(  94,  95)   coste      32       32
(  94,  96)   coste      23       23
(  94, 282)   coste      30       30
(  94, 284)   coste      37       37
(  97, 689)   coste      74       74
(  98, 473)   coste      38       38
(  98, 534)   coste      40       40
(  98, 619)   coste      51       51
(  99, 120)   coste      52       52
(  99, 320)   coste      36       36
(  99, 473)   coste      12       12
( 100, 382)   coste      57       57
( 100, 383)   coste      53       53
( 100, 534)   coste      15       15
( 101, 534)   coste      31       31
( 102, 187)   coste      26       26
( 102, 441)   coste      25       25
( 102, 601)   coste      39       39
( 103, 516)   coste      32       32
( 103, 517)   coste      40       40
( 103, 565)   coste      34       34
( 103, 628)   coste      19       19
( 104, 279)   coste      40       40
( 104, 429)   coste      47       47
( 104, 517)   coste      26       26
( 105, 106)   coste      85       85
( 105, 134)   coste      99       99
( 105, 357)   coste     102      102
( 105, 411)   coste      93       93
( 105, 486)   coste     110      110
( 105, 516)   coste      35       35
( 105, 606)   coste      47       47
( 106, 134)   coste      72       72
( 106, 357)   coste      75       75
( 106, 396)   coste      44       44
( 106, 411)   coste      66       66
( 106, 486)   coste      83       83
( 106, 565)   coste      23       23
( 106, 566)   coste      40       40
( 106, 628)   coste      11       11
( 107, 535)   coste      59       59
( 107, 536)   coste      52       52
( 107, 623)   coste      37       37
( 108, 111)   coste      42       42
( 108, 535)   coste      62       62
( 109, 110)   coste      16       16
( 109, 213)   coste      22       22
( 109, 663)   coste      32       32
( 110, 111)   coste      37       37
( 110, 213)   coste      23       23
( 112, 219)   coste      46       46
( 112, 307)   coste      52       52
( 112, 674)   coste      47       47
( 113, 218)   coste      57       57
( 114, 308)   coste      49       49
( 114, 519)   coste      53       53
( 114, 674)   coste      41       41
( 115, 124)   coste      57       57
( 115, 125)   coste      81       81
( 115, 362)   coste      40       40
( 115, 363)   coste      16       16
( 116, 327)   coste      44       44
( 116, 362)   coste      45       45
( 116, 363)   coste      24       24
( 117, 261)   coste      35       35
( 117, 264)   coste      12       12
( 118, 119)   coste       8        8
( 118, 581)   coste      60       60
( 118, 653)   coste      41       41
( 119, 339)   coste      42       42
( 119, 581)   coste      62       62
( 120, 320)   coste      54       54
( 121, 123)   coste      53       53
( 121, 207)   coste      52       52
( 121, 629)   coste       8        8
( 122, 488)   coste      50       50
( 123, 629)   coste      53       53
( 124, 362)   coste      26       26
( 124, 560)   coste      33       33
( 124, 561)   coste      37       37
( 125, 362)   coste      43       43
( 126, 176)   coste      42       42
( 126, 177)   coste      26       26
( 126, 639)   coste      38       38
( 126, 692)   coste      37       37
( 127, 176)   coste      50       50
( 127, 177)   coste      19       19
( 127, 692)   coste      23       23
( 128, 542)   coste      29       29
( 128, 717)   coste      36       36
( 129, 542)   coste      21       21
( 129, 717)   coste      23       23
( 130, 231)   coste      38       38
( 130, 451)   coste      38       38
( 130, 594)   coste      41       41
( 130, 656)   coste      23       23
( 131, 357)   coste      18       18
( 131, 358)   coste      35       35
( 131, 411)   coste      15       15
( 132, 411)   coste      17       17
( 134, 411)   coste      52       52
( 134, 628)   coste      82       82
( 135, 333)   coste      41       41
( 135, 336)   coste      10       10
( 135, 337)   coste      34       34
( 137, 336)   coste      23       23
( 137, 407)   coste      16       16
( 137, 640)   coste      42       42
( 138, 609)   coste      11       11
( 139, 140)   coste      29       29
( 141, 142)   coste      44       44
( 141, 434)   coste      50       50
( 142, 417)   coste      24       24
( 142, 626)   coste      40       40
( 142, 721)   coste      45       45
( 143, 372)   coste      24       24
( 143, 548)   coste      69       69
( 143, 608)   coste      33       33
( 144, 465)   coste      40       40
( 144, 585)   coste      47       47
( 144, 608)   coste      77       77
( 145, 548)   coste      46       46
( 146, 275)   coste       6        6
( 146, 276)   coste      36       36
( 147, 149)   coste      43       43
( 147, 275)   coste      40       40
( 148, 384)   coste      55       55
( 149, 276)   coste      31       31
( 149, 453)   coste      47       47
( 150, 309)   coste      47       47
( 151, 152)   coste      37       37
( 151, 666)   coste      42       42
( 152, 153)   coste      46       46
( 152, 309)   coste      22       22
( 153, 397)   coste      48       48
( 154, 469)   coste      36       36
( 155, 701)   coste       9        9
( 157, 368)   coste      24       24
( 158, 701)   coste      36       36
( 159, 398)   coste      14       14
( 160, 162)   coste       7        7
( 160, 390)   coste      54       54
( 160, 398)   coste      20       20
( 160, 399)   coste      50       50
( 161, 400)   coste      23       23
( 162, 699)   coste      57       57
( 163, 408)   coste      12       12
( 163, 409)   coste      21       21
( 163, 431)   coste      39       39
( 163, 498)   coste      33       33
( 164, 408)   coste      16       16
( 164, 409)   coste      19       19
( 165, 498)   coste      19       19
( 165, 578)   coste      40       40
( 166, 490)   coste      38       38
( 166, 562)   coste      32       32
( 167, 416)   coste      51       51
( 167, 525)   coste      35       35
( 168, 169)   coste      12       12
( 168, 540)   coste      32       32
( 169, 490)   coste      12       12
( 169, 491)   coste      55       55
( 169, 540)   coste      42       42
( 171, 175)   coste      19       19
( 172, 214)   coste      25       25
( 173, 175)   coste      21       21
( 174, 176)   coste      23       23
( 174, 639)   coste      33       33
( 176, 639)   coste      22       22
( 177, 639)   coste      23       23
( 177, 692)   coste      32       32
( 179, 180)   coste      17       17
( 179, 437)   coste      54       54
( 179, 684)   coste      44       44
( 180, 181)   coste      12       12
( 180, 538)   coste      40       40
( 181, 538)   coste      45       45
( 183, 184)   coste      25       25
( 183, 365)   coste       6        6
( 184, 185)   coste      45       45
( 184, 248)   coste      27       27
( 184, 365)   coste      22       22
( 184, 596)   coste      25       25
( 185, 596)   coste      29       29
( 185, 597)   coste      49       49
( 187, 265)   coste      22       22
( 187, 441)   coste      37       37
( 188, 292)   coste      25       25
( 188, 448)   coste      43       43
( 188, 449)   coste      41       41
( 189, 448)   coste      46       46
( 189, 449)   coste      11       11
( 190, 665)   coste      49       49
( 191, 214)   coste      54       54
( 192, 342)   coste      29       29
( 193, 711)   coste      55       55
( 195, 196)   coste      30       30
( 195, 550)   coste      53       53
( 197, 574)   coste      23       23
( 198, 698)   coste      43       43
( 199, 200)   coste      33       33
( 202, 525)   coste      38       38
( 202, 599)   coste      33       33
( 203, 675)   coste      56       56
( 204, 714)   coste      45       45
( 205, 714)   coste      47       47
( 206, 504)   coste      42       42
( 206, 619)   coste      40       40
( 207, 483)   coste      15       15
( 209, 210)   coste      22       22
( 209, 332)   coste      46       46
( 209, 501)   coste      52       52
( 210, 332)   coste      46       46
( 210, 504)   coste      30       30
( 212, 381)   coste      16       16
( 212, 680)   coste      47       47
( 213, 680)   coste      48       48
( 215, 321)   coste       2        2
( 215, 322)   coste       7        7
( 216, 244)   coste      41       41
( 217, 221)   coste      10       10
( 218, 219)   coste      44       44
( 218, 221)   coste      35       35
( 219, 321)   coste      55       55
( 220, 244)   coste      30       30
( 220, 245)   coste      27       27
( 223, 360)   coste      41       41
( 223, 361)   coste      31       31
( 223, 610)   coste      35       35
( 223, 657)   coste      56       56
( 224, 669)   coste      50       50
( 224, 691)   coste      62       62
( 225, 329)   coste      87       87
( 225, 360)   coste      24       24
( 225, 610)   coste       4        4
( 225, 622)   coste      68       68
( 225, 703)   coste      53       53
( 226, 638)   coste      40       40
( 226, 670)   coste      67       67
( 227, 324)   coste      22       22
( 227, 325)   coste      16       16
( 227, 525)   coste      38       38
( 228, 519)   coste      58       58
( 228, 649)   coste      14       14
( 229, 230)   coste      12       12
( 229, 650)   coste      16       16
( 230, 650)   coste      27       27
( 232, 351)   coste      38       38
( 232, 515)   coste      28       28
( 232, 594)   coste      32       32
( 232, 716)   coste      26       26
( 234, 500)   coste      31       31
( 234, 515)   coste      27       27
( 234, 716)   coste      30       30
( 235, 656)   coste      24       24
( 235, 717)   coste      30       30
( 236, 340)   coste      26       26
( 236, 549)   coste      44       44
( 237, 239)   coste      48       48
( 238, 239)   coste      47       47
( 238, 241)   coste      57       57
( 238, 340)   coste      25       25
( 238, 549)   coste      52       52
( 239, 240)   coste      19       19
( 239, 549)   coste      10       10
( 239, 584)   coste      26       26
( 240, 549)   coste      27       27
( 240, 586)   coste      20       20
( 241, 549)   coste      70       70
( 242, 682)   coste      21       21
( 245, 571)   coste      52       52
( 246, 570)   coste      22       22
( 248, 249)   coste      18       18
( 248, 289)   coste      44       44
( 248, 365)   coste      37       37
( 248, 596)   coste      42       42
( 248, 597)   coste      20       20
( 249, 596)   coste      28       28
( 250, 464)   coste      97       97
( 250, 563)   coste      26       26
( 251, 252)   coste      34       34
( 252, 563)   coste      36       36
( 253, 645)   coste      24       24
( 253, 646)   coste      41       41
( 253, 648)   coste      35       35
( 254, 255)   coste      44       44
( 254, 256)   coste      26       26
( 254, 589)   coste      25       25
( 254, 646)   coste      45       45
( 255, 589)   coste      57       57
( 255, 644)   coste      22       22
( 255, 646)   coste      16       16
( 257, 672)   coste      45       45
( 258, 478)   coste      27       27
( 258, 479)   coste      39       39
( 258, 480)   coste      27       27
( 259, 480)   coste      50       50
( 259, 568)   coste      41       41
( 259, 608)   coste      76       76
( 261, 467)   coste      35       35
( 263, 468)   coste      37       37
( 264, 338)   coste      37       37
( 265, 467)   coste      40       40
( 266, 271)   coste      25       25
( 266, 573)   coste      19       19
( 267, 509)   coste      26       26
( 268, 493)   coste      49       49
( 268, 570)   coste      25       25
( 268, 633)   coste      32       32
( 269, 633)   coste      35       35
( 270, 702)   coste      33       33
( 272, 399)   coste      75       75
( 272, 401)   coste      49       49
( 272, 560)   coste      84       84
( 272, 722)   coste      61       61
( 273, 399)   coste      19       19
( 273, 401)   coste      24       24
( 273, 533)   coste      86       86
( 273, 722)   coste      26       26
( 274, 339)   coste      49       49
( 274, 580)   coste      62       62
( 276, 709)   coste      50       50
( 277, 355)   coste      45       45
( 277, 429)   coste      44       44
( 278, 279)   coste      27       27
( 278, 566)   coste      24       24
( 278, 567)   coste      27       27
( 279, 355)   coste      10       10
( 279, 566)   coste      26       26
( 280, 474)   coste      23       23
( 280, 636)   coste      18       18
( 280, 637)   coste       6        6
( 280, 684)   coste      40       40
( 281, 461)   coste      36       36
( 281, 464)   coste      76       76
( 281, 637)   coste      34       34
( 285, 547)   coste      38       38
( 285, 627)   coste      18       18
( 286, 412)   coste      64       64
( 287, 547)   coste      76       76
( 287, 627)   coste      63       63
( 288, 365)   coste      40       40
( 288, 435)   coste      38       38
( 290, 435)   coste      28       28
( 290, 436)   coste      27       27
( 290, 437)   coste      52       52
( 292, 293)   coste      49       49
( 293, 294)   coste      45       45
( 293, 295)   coste      61       61
( 293, 660)   coste      52       52
( 294, 450)   coste      48       48
( 294, 665)   coste      42       42
( 296, 492)   coste      42       42
( 296, 494)   coste      22       22
( 296, 495)   coste      24       24
( 296, 673)   coste      32       32
( 297, 484)   coste      45       45
( 297, 673)   coste      27       27
( 298, 495)   coste      45       45
( 298, 679)   coste      42       42
( 299, 438)   coste      45       45
( 302, 303)   coste      65       65
( 302, 304)   coste      33       33
( 302, 482)   coste      38       38
( 302, 705)   coste      31       31
( 303, 681)   coste      41       41
( 304, 481)   coste      38       38
( 304, 482)   coste      40       40
( 304, 686)   coste      16       16
( 305, 382)   coste      63       63
( 305, 541)   coste      32       32
( 305, 617)   coste      25       25
( 305, 619)   coste      41       41
( 306, 619)   coste      51       51
( 307, 674)   coste      22       22
( 308, 520)   coste      24       24
( 308, 521)   coste      48       48
( 311, 312)   coste      46       46
( 311, 489)   coste      58       58
( 312, 489)   coste      62       62
( 313, 507)   coste      41       41
( 313, 531)   coste      15       15
( 313, 532)   coste      27       27
( 315, 316)   coste      41       41
( 315, 497)   coste      58       58
( 315, 514)   coste      59       59
( 315, 689)   coste      53       53
( 316, 507)   coste      45       45
( 316, 531)   coste      27       27
( 317, 579)   coste      23       23
( 317, 587)   coste      18       18
( 318, 319)   coste      28       28
( 318, 498)   coste      41       41
( 319, 579)   coste       3        3
( 323, 578)   coste      60       60
( 325, 416)   coste      32       32
( 325, 525)   coste      30       30
( 325, 526)   coste      26       26
( 325, 595)   coste      27       27
( 326, 562)   coste      41       41
( 326, 618)   coste      34       34
( 327, 363)   coste      39       39
( 327, 562)   coste      18       18
( 328, 423)   coste      54       54
( 328, 558)   coste      30       30
( 328, 683)   coste      52       52
( 329, 360)   coste      80       80
( 329, 462)   coste     113      113
( 329, 610)   coste      88       88
( 330, 466)   coste      60       60
( 330, 644)   coste      62       62
( 330, 646)   coste      60       60
( 331, 447)   coste      45       45
( 333, 369)   coste      49       49
( 333, 708)   coste      56       56
( 335, 369)   coste      29       29
( 335, 707)   coste      47       47
( 336, 337)   coste      29       29
( 338, 339)   coste      48       48
( 339, 580)   coste      39       39
( 339, 653)   coste      68       68
( 341, 711)   coste      43       43
( 341, 712)   coste      25       25
( 342, 343)   coste      23       23
( 343, 713)   coste      28       28
( 344, 345)   coste      21       21
( 345, 387)   coste      15       15
( 346, 426)   coste      19       19
( 346, 427)   coste      42       42
( 346, 428)   coste      43       43
( 346, 454)   coste      41       41
( 347, 426)   coste      39       39
( 347, 427)   coste      22       22
( 348, 427)   coste      32       32
( 349, 428)   coste      95       95
( 349, 491)   coste      48       48
( 349, 540)   coste      97       97
( 349, 704)   coste       9        9
( 350, 491)   coste      15       15
( 350, 704)   coste      51       51
( 351, 500)   coste      42       42
( 351, 515)   coste      64       64
( 351, 580)   coste     111      111
( 351, 594)   coste      23       23
( 351, 716)   coste      60       60
( 352, 580)   coste      86       86
( 352, 695)   coste      39       39
( 352, 720)   coste      58       58
( 353, 580)   coste     111      111
( 354, 396)   coste      31       31
( 354, 565)   coste      26       26
( 356, 567)   coste      32       32
( 356, 588)   coste      21       21
( 357, 628)   coste      85       85
( 358, 486)   coste      49       49
( 359, 487)   coste      39       39
( 359, 668)   coste      43       43
( 360, 610)   coste      21       21
( 360, 622)   coste      61       61
( 360, 657)   coste      28       28
( 360, 658)   coste      60       60
( 361, 403)   coste      88       88
( 361, 610)   coste      57       57
( 361, 657)   coste      35       35
( 365, 597)   coste      31       31
( 366, 445)   coste      32       32
( 366, 446)   coste       8        8
( 366, 678)   coste      47       47
( 367, 446)   coste      34       34
( 367, 523)   coste      28       28
( 368, 701)   coste      12       12
( 369, 659)   coste       4        4
( 370, 659)   coste      45       45
( 371, 547)   coste      42       42
( 372, 549)   coste      67       67
( 373, 687)   coste      47       47
( 374, 377)   coste      40       40
( 375, 510)   coste      45       45
( 376, 377)   coste      11       11
( 376, 687)   coste      26       26
( 378, 709)   coste      71       71
( 379, 638)   coste      25       25
( 379, 721)   coste      62       62
( 381, 680)   coste      32       32
( 381, 723)   coste      38       38
( 382, 428)   coste      57       57
( 382, 472)   coste      55       55
( 384, 477)   coste      32       32
( 385, 559)   coste      66       66
( 388, 473)   coste      33       33
( 388, 534)   coste      43       43
( 389, 534)   coste      40       40
( 390, 434)   coste      30       30
( 391, 568)   coste      28       28
( 392, 568)   coste      20       20
( 393, 478)   coste      39       39
( 394, 395)   coste      28       28
( 394, 420)   coste      22       22
( 395, 569)   coste      40       40
( 396, 567)   coste      34       34
( 397, 674)   coste      55       55
( 398, 400)   coste      46       46
( 398, 434)   coste      59       59
( 399, 401)   coste      30       30
( 399, 699)   coste      72       72
( 399, 722)   coste      42       42
( 401, 722)   coste      47       47
( 402, 587)   coste      54       54
( 403, 422)   coste       9        9
( 403, 424)   coste      53       53
( 403, 668)   coste      69       69
( 404, 405)   coste      25       25
( 404, 407)   coste      50       50
( 404, 424)   coste      34       34
( 405, 422)   coste      36       36
( 405, 424)   coste      28       28
( 405, 593)   coste      54       54
( 405, 598)   coste      74       74
( 406, 593)   coste      42       42
( 407, 593)   coste      38       38
( 408, 498)   coste      30       30
( 408, 499)   coste      35       35
( 408, 578)   coste      42       42
( 409, 410)   coste      41       41
( 411, 486)   coste      63       63
( 411, 628)   coste      76       76
( 413, 612)   coste      51       51
( 413, 631)   coste      46       46
( 413, 697)   coste      47       47
( 414, 613)   coste      48       48
( 416, 525)   coste      29       29
( 416, 526)   coste      20       20
( 417, 721)   coste      37       37
( 418, 676)   coste      52       52
( 418, 696)   coste      47       47
( 419, 569)   coste      21       21
( 419, 676)   coste      39       39
( 420, 569)   coste      11       11
( 421, 519)   coste      60       60
( 421, 520)   coste      17       17
( 421, 521)   coste      37       37
( 422, 658)   coste      54       54
( 422, 668)   coste      72       72
( 423, 558)   coste      45       45
( 424, 593)   coste      39       39
( 425, 683)   coste      43       43
( 426, 454)   coste      40       40
( 427, 454)   coste       7        7
( 427, 455)   coste      49       49
( 427, 456)   coste      36       36
( 428, 540)   coste     104      104
( 428, 704)   coste      87       87
( 429, 452)   coste      47       47
( 429, 543)   coste      53       53
( 430, 452)   coste      49       49
( 430, 518)   coste      38       38
( 430, 542)   coste      38       38
( 430, 543)   coste      33       33
( 430, 655)   coste      49       49
( 431, 605)   coste      36       36
( 432, 550)   coste      20       20
( 432, 583)   coste      44       44
( 433, 550)   coste      29       29
( 438, 612)   coste      31       31
( 438, 654)   coste      28       28
( 438, 697)   coste      25       25
( 439, 572)   coste       8        8
( 439, 611)   coste      62       62
( 439, 654)   coste      24       24
( 439, 697)   coste       7        7
( 443, 557)   coste      67       67
( 443, 713)   coste      38       38
( 444, 711)   coste      25       25
( 445, 677)   coste      16       16
( 445, 678)   coste      20       20
( 446, 701)   coste      53       53
( 448, 665)   coste      26       26
( 449, 723)   coste      40       40
( 450, 633)   coste      44       44
( 451, 514)   coste      61       61
( 451, 543)   coste      35       35
( 451, 656)   coste      18       18
( 452, 655)   coste      48       48
( 452, 656)   coste      39       39
( 453, 709)   coste      64       64
( 454, 455)   coste      43       43
( 457, 564)   coste      20       20
( 458, 700)   coste      28       28
( 459, 510)   coste      38       38
( 459, 564)   coste      27       27
( 460, 496)   coste      47       47
( 461, 636)   coste      46       46
( 461, 691)   coste      21       21
( 461, 703)   coste      28       28
( 462, 475)   coste      49       49
( 462, 622)   coste      88       88
( 462, 703)   coste      57       57
( 463, 496)   coste       4        4
( 465, 676)   coste      17       17
( 465, 696)   coste      16       16
( 470, 590)   coste      40       40
( 470, 591)   coste      48       48
( 471, 591)   coste      42       42
( 472, 534)   coste      17       17
( 474, 636)   coste       9        9
( 474, 637)   coste      22       22
( 475, 622)   coste     132      132
( 475, 703)   coste      13       13
( 476, 649)   coste      51       51
( 476, 650)   coste      37       37
( 477, 559)   coste      54       54
( 479, 480)   coste      21       21
( 481, 686)   coste      49       49
( 481, 705)   coste       3        3
( 483, 504)   coste      55       55
( 483, 629)   coste      43       43
( 484, 487)   coste      37       37
( 484, 724)   coste      51       51
( 485, 487)   coste      45       45
( 486, 628)   coste      93       93
( 486, 724)   coste       9        9
( 488, 489)   coste      15       15
( 492, 495)   coste      52       52
( 492, 673)   coste      22       22
( 493, 494)   coste      45       45
( 493, 495)   coste      70       70
( 493, 673)   coste      44       44
( 494, 673)   coste      45       45
( 496, 637)   coste      50       50
( 497, 532)   coste      33       33
( 497, 544)   coste      27       27
( 497, 545)   coste      20       20
( 497, 689)   coste      20       20
( 497, 690)   coste      27       27
( 499, 578)   coste      16       16
( 500, 515)   coste      24       24
( 500, 594)   coste      46       46
( 500, 716)   coste      19       19
( 500, 720)   coste     139      139
( 501, 504)   coste      43       43
( 501, 535)   coste      57       57
( 501, 694)   coste      42       42
( 502, 503)   coste      49       49
( 502, 535)   coste      35       35
( 502, 688)   coste      53       53
( 502, 694)   coste      37       37
( 503, 504)   coste      44       44
( 505, 531)   coste      37       37
( 506, 653)   coste      37       37
( 506, 664)   coste      47       47
( 507, 508)   coste      38       38
( 507, 531)   coste      27       27
( 508, 653)   coste      41       41
( 509, 573)   coste      42       42
( 509, 600)   coste      40       40
( 510, 642)   coste      41       41
( 510, 643)   coste      33       33
( 510, 687)   coste      26       26
( 511, 564)   coste      22       22
( 512, 513)   coste      29       29
( 513, 670)   coste      41       41
( 515, 720)   coste     161      161
( 516, 628)   coste      48       48
( 520, 521)   coste      26       26
( 522, 528)   coste      60       60
( 522, 677)   coste      81       81
( 523, 524)   coste      14       14
( 523, 528)   coste      48       48
( 523, 530)   coste      21       21
( 523, 677)   coste      69       69
( 528, 530)   coste      30       30
( 528, 677)   coste      44       44
( 530, 677)   coste      58       58
( 532, 544)   coste      22       22
( 537, 538)   coste      39       39
( 537, 539)   coste      11       11
( 537, 545)   coste      30       30
( 537, 689)   coste      26       26
( 539, 685)   coste      35       35
( 540, 704)   coste      89       89
( 541, 617)   coste      19       19
( 541, 618)   coste      27       27
( 542, 655)   coste      19       19
( 543, 655)   coste      33       33
( 544, 681)   coste      53       53
( 544, 690)   coste      12       12
( 547, 621)   coste      43       43
( 547, 624)   coste      13       13
( 548, 585)   coste       4        4
( 548, 586)   coste      32       32
( 549, 584)   coste      32       32
( 549, 585)   coste      38       38
( 549, 586)   coste      15       15
( 550, 583)   coste      49       49
( 552, 592)   coste      15       15
( 552, 620)   coste      27       27
( 552, 698)   coste      24       24
( 553, 555)   coste      21       21
( 553, 698)   coste      41       41
( 554, 620)   coste      16       16
( 555, 591)   coste      35       35
( 555, 706)   coste      30       30
( 556, 692)   coste      86       86
( 557, 692)   coste      87       87
( 558, 598)   coste      65       65
( 558, 683)   coste      43       43
( 559, 615)   coste      55       55
( 560, 561)   coste      45       45
( 564, 643)   coste      40       40
( 566, 628)   coste      31       31
( 570, 633)   coste      51       51
( 571, 660)   coste      31       31
( 572, 612)   coste      11       11
( 572, 631)   coste      54       54
( 575, 576)   coste      15       15
( 575, 577)   coste      11       11
( 576, 577)   coste      23       23
( 577, 667)   coste      23       23
( 580, 720)   coste     133      133
( 581, 653)   coste      47       47
( 582, 583)   coste      46       46
( 585, 586)   coste      31       31
( 590, 591)   coste      40       40
( 590, 698)   coste      31       31
( 591, 702)   coste      53       53
( 593, 708)   coste      54       54
( 599, 630)   coste      29       29
( 602, 614)   coste      51       51
( 602, 616)   coste      23       23
( 602, 671)   coste      13       13
( 603, 616)   coste      31       31
( 603, 644)   coste      33       33
( 603, 671)   coste      21       21
( 605, 671)   coste      38       38
( 606, 662)   coste      28       28
( 606, 679)   coste      24       24
( 607, 661)   coste      54       54
( 610, 622)   coste      69       69
( 610, 658)   coste      74       74
( 611, 631)   coste      61       61
( 611, 654)   coste      47       47
( 612, 654)   coste      24       24
( 612, 697)   coste      13       13
( 615, 616)   coste      52       52
( 620, 698)   coste      48       48
( 622, 658)   coste     120      120
( 622, 683)   coste      60       60
( 623, 663)   coste      40       40
( 634, 700)   coste       4        4
( 637, 684)   coste      42       42
( 641, 706)   coste      29       29
( 642, 643)   coste      12       12
( 651, 675)   coste      15       15
( 651, 715)   coste      50       50
( 652, 710)   coste      60       60
( 652, 715)   coste      42       42
( 653, 664)   coste      25       25
( 655, 656)   coste      31       31
( 657, 683)   coste      47       47
( 662, 680)   coste      45       45
( 664, 716)   coste      43       43
( 666, 718)   coste      13       13
( 666, 719)   coste      10       10
( 667, 719)   coste      40       40
( 670, 715)   coste      26       26
( 676, 696)   coste       7        7
( 680, 723)   coste      28       28
( 688, 694)   coste      34       34
( 688, 695)   coste      18       18
( 694, 720)   coste      59       59
( 699, 722)   coste      63       63
( 716, 720)   coste     157      157
