NOMBRE : UR757
COMENTARIO :   1  componentes 
VERTICES :  748
ARISTAS_REQ : 1459
ARISTAS_NOREQ :  510
LISTA_ARISTAS_REQ :
(   1,   2)   coste      22       22
(   1,   3)   coste      23       23
(   1,   4)   coste      60       60
(   1,   5)   coste      21       21
(   1,   6)   coste      60       60
(   7,   8)   coste      47       47
(   7,   9)   coste      28       28
(  10,  11)   coste      32       32
(  10,  12)   coste      25       25
(  10,  13)   coste      14       14
(  10,  14)   coste      42       42
(  10,  15)   coste      31       31
(  16,  17)   coste      51       51
(  16,  18)   coste      31       31
(  19,  20)   coste      37       37
(  19,  21)   coste      57       57
(  19,  22)   coste      33       33
(  19,  23)   coste      15       15
(  19,  24)   coste      44       44
(  11,  25)   coste      37       37
(  25,  26)   coste      42       42
(  25,  27)   coste      17       17
(  25,  28)   coste      32       32
(  25,  29)   coste      22       22
(  30,  31)   coste      31       31
(  30,  32)   coste      20       20
(  30,  33)   coste      12       12
(  30,  34)   coste      48       48
(  30,  35)   coste      50       50
(  30,  36)   coste      42       42
(  37,  38)   coste      45       45
(  37,  39)   coste      48       48
(  37,  40)   coste      35       35
(  37,  41)   coste      41       41
(  37,  42)   coste      25       25
(  43,  44)   coste      24       24
(  43,  45)   coste      63       63
(  43,  46)   coste      66       66
(  43,  47)   coste      28       28
(  43,  48)   coste      61       61
(  49,  50)   coste      41       41
(  49,  51)   coste      74       74
(  49,  52)   coste      42       42
(  49,  53)   coste      52       52
(  49,  54)   coste      45       45
(  55,  56)   coste      48       48
(  55,  57)   coste      27       27
(  55,  58)   coste      32       32
(  55,  59)   coste      25       25
(  55,  60)   coste      36       36
(  55,  61)   coste      28       28
(  62,  63)   coste      53       53
(  62,  64)   coste      56       56
(  62,  65)   coste      50       50
(  66,  67)   coste      14       14
(  66,  68)   coste      54       54
(  66,  69)   coste      36       36
(  70,  71)   coste      48       48
(  70,  72)   coste      50       50
(  70,  73)   coste      33       33
(  74,  75)   coste      26       26
(  74,  76)   coste      72       72
(  77,  78)   coste      20       20
(  77,  79)   coste      24       24
(  80,  81)   coste      33       33
(  80,  82)   coste      47       47
(  80,  83)   coste      15       15
(  80,  84)   coste      38       38
(  85,  86)   coste      30       30
(  85,  87)   coste      64       64
(  85,  88)   coste      25       25
(  85,  89)   coste      54       54
(  90,  91)   coste      32       32
(   8,  90)   coste      50       50
(  90,  92)   coste      40       40
(  90,  93)   coste      28       28
(  90,  94)   coste      25       25
(  95,  96)   coste      17       17
(  95,  97)   coste      15       15
(  95,  98)   coste      17       17
(  99, 100)   coste      34       34
(  99, 101)   coste      48       48
(  99, 102)   coste      55       55
(  38,  39)   coste      15       15
(  38,  41)   coste      61       61
( 103, 104)   coste      46       46
( 103, 105)   coste      51       51
( 103, 106)   coste      27       27
( 103, 107)   coste       5        5
( 108, 109)   coste      46       46
( 108, 110)   coste       8        8
( 108, 111)   coste      55       55
( 108, 112)   coste      40       40
( 113, 114)   coste      51       51
( 113, 115)   coste      26       26
( 113, 116)   coste      15       15
( 113, 117)   coste      56       56
( 118, 119)   coste      43       43
( 118, 120)   coste      26       26
( 118, 121)   coste      10       10
( 118, 122)   coste      30       30
( 123, 124)   coste      20       20
( 123, 125)   coste      76       76
( 126, 127)   coste      67       67
( 126, 128)   coste      33       33
( 126, 129)   coste      17       17
( 130, 131)   coste      46       46
( 130, 132)   coste      23       23
( 130, 133)   coste      16       16
(  91, 134)   coste      55       55
(  91, 135)   coste      50       50
(  91,  94)   coste      30       30
(  91, 136)   coste      47       47
( 137, 138)   coste      18       18
( 137, 139)   coste      39       39
( 140, 141)   coste      28       28
( 140, 142)   coste      28       28
( 140, 143)   coste      42       42
( 140, 144)   coste      22       22
( 145, 146)   coste      65       65
( 145, 147)   coste      56       56
( 117, 145)   coste      33       33
( 145, 148)   coste      39       39
( 149, 150)   coste      28       28
( 149, 151)   coste      28       28
( 149, 152)   coste      40       40
(  78, 153)   coste      39       39
(  78,  98)   coste      32       32
(  78,  79)   coste       7        7
( 154, 155)   coste      45       45
( 154, 156)   coste      31       31
( 154, 157)   coste      18       18
( 154, 158)   coste      40       40
( 154, 159)   coste      35       35
( 160, 161)   coste      22       22
( 160, 162)   coste      19       19
( 160, 163)   coste      43       43
( 160, 164)   coste      37       37
( 165, 166)   coste      16       16
( 165, 167)   coste      49       49
( 165, 168)   coste      56       56
( 165, 169)   coste      79       79
( 170, 171)   coste      44       44
( 172, 173)   coste      60       60
(  51, 172)   coste      33       33
( 110, 172)   coste      66       66
( 111, 172)   coste      14       14
( 174, 175)   coste      42       42
( 174, 176)   coste      52       52
( 177, 178)   coste      10       10
( 177, 179)   coste      33       33
(   4, 177)   coste      26       26
( 177, 180)   coste      32       32
( 177, 181)   coste      36       36
( 182, 183)   coste      39       39
( 182, 184)   coste      29       29
( 182, 185)   coste      24       24
( 182, 186)   coste      31       31
( 182, 187)   coste      40       40
( 188, 189)   coste      46       46
( 188, 190)   coste      38       38
( 188, 191)   coste      29       29
( 188, 192)   coste      41       41
( 150, 151)   coste      34       34
( 150, 152)   coste      58       58
( 193, 194)   coste      49       49
( 193, 195)   coste      48       48
( 193, 196)   coste      63       63
( 193, 197)   coste      59       59
( 198, 199)   coste      74       74
( 198, 200)   coste      83       83
( 198, 201)   coste      29       29
(  21, 202)   coste      57       57
( 202, 203)   coste      63       63
( 202, 204)   coste      83       83
( 202, 205)   coste      43       43
( 202, 206)   coste      54       54
(  24, 202)   coste      43       43
( 207, 208)   coste      46       46
( 179, 207)   coste      48       48
( 207, 209)   coste      17       17
( 207, 210)   coste      35       35
( 211, 212)   coste      36       36
( 211, 213)   coste      33       33
( 214, 215)   coste      42       42
( 214, 216)   coste      19       19
( 214, 217)   coste      56       56
( 214, 218)   coste      33       33
( 219, 220)   coste      44       44
( 219, 221)   coste      22       22
( 219, 222)   coste      51       51
( 223, 224)   coste      30       30
( 223, 225)   coste      45       45
( 223, 226)   coste      16       16
(  63, 227)   coste      12       12
(  63, 228)   coste      27       27
(  63,  65)   coste       9        9
(  63, 229)   coste      29       29
( 230, 231)   coste      22       22
(  53, 230)   coste       1        1
(  44,  47)   coste      35       35
(  44, 232)   coste      58       58
(  44, 233)   coste      64       64
( 234, 235)   coste      37       37
( 234, 236)   coste      26       26
( 234, 237)   coste      48       48
(  22, 234)   coste      54       54
( 104, 134)   coste      46       46
( 200, 238)   coste      32       32
( 238, 239)   coste      48       48
( 169, 238)   coste      72       72
(  81,  82)   coste      20       20
(  81,  83)   coste      43       43
(  81, 240)   coste      49       49
( 241, 242)   coste      44       44
( 241, 243)   coste      50       50
( 241, 244)   coste      62       62
( 241, 245)   coste      59       59
( 246, 247)   coste      41       41
( 246, 248)   coste       7        7
( 246, 249)   coste      31       31
( 250, 251)   coste      13       13
( 250, 252)   coste      34       34
(  69, 253)   coste      46       46
( 253, 254)   coste      36       36
( 255, 256)   coste      78       78
( 255, 257)   coste      33       33
( 255, 258)   coste      43       43
( 255, 259)   coste      61       61
(  60, 255)   coste      38       38
( 171, 260)   coste      44       44
( 171, 261)   coste      52       52
( 262, 263)   coste      42       42
( 262, 264)   coste      62       62
( 265, 266)   coste      55       55
( 265, 267)   coste      59       59
( 265, 268)   coste      60       60
( 178, 269)   coste      40       40
( 178, 179)   coste      36       36
( 178, 270)   coste      36       36
( 178, 181)   coste      30       30
( 271, 272)   coste      34       34
( 271, 273)   coste      50       50
( 271, 274)   coste      47       47
( 275, 276)   coste      49       49
(  73, 275)   coste      39       39
( 220, 277)   coste      25       25
( 220, 278)   coste      22       22
( 220, 279)   coste      20       20
( 119, 280)   coste      23       23
( 120, 280)   coste      17       17
( 121, 280)   coste      11       11
( 280, 281)   coste      35       35
( 181, 282)   coste      23       23
( 282, 283)   coste      33       33
( 284, 285)   coste      32       32
( 284, 286)   coste      32       32
( 284, 287)   coste      35       35
( 272, 288)   coste      37       37
( 272, 289)   coste      28       28
( 272, 290)   coste      21       21
( 272, 274)   coste      14       14
(  48, 263)   coste      31       31
( 263, 291)   coste      12       12
( 263, 292)   coste      16       16
( 293, 294)   coste       8        8
( 293, 295)   coste      57       57
( 293, 296)   coste      37       37
(  96, 297)   coste       9        9
(  97, 297)   coste      19       19
(  82, 297)   coste      47       47
(  84, 297)   coste      43       43
( 297, 298)   coste      19       19
(  79, 297)   coste      33       33
(  50, 173)   coste      54       54
(  51, 173)   coste      74       74
( 109, 173)   coste      52       52
( 299, 300)   coste       4        4
(  68, 299)   coste      28       28
( 299, 301)   coste      43       43
( 299, 302)   coste      42       42
( 299, 303)   coste      45       45
( 304, 305)   coste      18       18
( 109, 304)   coste      13       13
( 304, 306)   coste      30       30
( 112, 304)   coste      47       47
( 161, 162)   coste      30       30
( 161, 307)   coste      35       35
(  31, 308)   coste      49       49
(  31,  36)   coste      12       12
( 309, 310)   coste      35       35
( 309, 311)   coste      32       32
( 309, 312)   coste      11       11
( 309, 313)   coste      49       49
( 102, 309)   coste      43       43
( 294, 314)   coste      52       52
( 314, 315)   coste      50       50
( 296, 314)   coste      49       49
( 221, 314)   coste      34       34
( 314, 316)   coste      23       23
( 256, 258)   coste      54       54
(  40, 256)   coste      62       62
(  41, 256)   coste      46       46
( 256, 259)   coste      52       52
( 317, 318)   coste      39       39
( 317, 319)   coste      76       76
( 317, 320)   coste       6        6
( 317, 321)   coste      39       39
( 201, 322)   coste      34       34
( 322, 323)   coste      11       11
( 291, 324)   coste      28       28
( 325, 326)   coste      13       13
( 325, 327)   coste      16       16
( 325, 328)   coste      35       35
( 325, 329)   coste      62       62
( 310, 330)   coste      36       36
( 310, 331)   coste      12       12
( 332, 333)   coste      40       40
( 332, 334)   coste      47       47
( 332, 335)   coste      28       28
( 332, 336)   coste      37       37
( 332, 337)   coste      40       40
( 338, 339)   coste      16       16
( 338, 340)   coste      41       41
( 267, 338)   coste      23       23
(  36, 338)   coste      62       62
( 341, 342)   coste      28       28
( 341, 343)   coste      44       44
( 341, 344)   coste      37       37
( 341, 345)   coste      49       49
( 341, 346)   coste      29       29
( 162, 164)   coste      21       21
( 162, 302)   coste      49       49
( 162, 307)   coste      32       32
( 347, 348)   coste      27       27
( 347, 349)   coste      57       57
( 347, 350)   coste      23       23
( 347, 351)   coste      27       27
( 100, 101)   coste      52       52
( 100, 352)   coste      51       51
( 100, 353)   coste      51       51
( 100, 354)   coste      51       51
( 100, 355)   coste      54       54
( 356, 357)   coste      35       35
( 356, 358)   coste      25       25
( 356, 359)   coste       7        7
(  61, 356)   coste      41       41
( 360, 361)   coste      24       24
( 360, 362)   coste      51       51
( 360, 363)   coste      53       53
( 189, 203)   coste      43       43
( 189, 204)   coste      50       50
( 189, 205)   coste      34       34
(  56,  57)   coste      28       28
(  56,  58)   coste      31       31
(  56, 364)   coste      35       35
(  56, 258)   coste      41       41
( 365, 366)   coste      47       47
( 365, 367)   coste      29       29
( 365, 368)   coste      37       37
( 363, 365)   coste      57       57
( 245, 365)   coste      24       24
(  52, 231)   coste      15       15
(  53, 231)   coste      22       22
(  86, 369)   coste      40       40
( 369, 370)   coste      25       25
( 369, 371)   coste      48       48
(  89, 369)   coste      42       42
( 369, 372)   coste      26       26
( 373, 374)   coste      34       34
( 373, 375)   coste      27       27
( 373, 376)   coste      26       26
(  45,  48)   coste      35       35
(  45, 377)   coste      32       32
(  45, 378)   coste      33       33
(  45, 379)   coste      46       46
(  45, 380)   coste      20       20
(  45, 381)   coste      47       47
(  45, 382)   coste      34       34
( 383, 384)   coste      49       49
( 266, 383)   coste      62       62
( 383, 385)   coste      16       16
( 267, 383)   coste      52       52
( 384, 385)   coste      34       34
( 384, 386)   coste      42       42
( 384, 387)   coste      55       55
( 384, 388)   coste      24       24
( 384, 389)   coste      36       36
( 153, 261)   coste      26       26
(  98, 153)   coste      42       42
( 153, 283)   coste      30       30
(  79, 153)   coste      45       45
(  20,  22)   coste      36       36
(  20, 390)   coste      35       35
( 105, 391)   coste      54       54
( 391, 392)   coste      25       25
( 276, 393)   coste      59       59
( 393, 394)   coste      58       58
( 395, 396)   coste      29       29
( 395, 397)   coste      37       37
( 395, 398)   coste      41       41
( 346, 395)   coste      39       39
( 141, 142)   coste      33       33
( 141, 228)   coste      21       21
( 141, 144)   coste      15       15
( 243, 366)   coste      20       20
( 245, 366)   coste      53       53
( 326, 327)   coste      26       26
( 326, 399)   coste      16       16
( 326, 328)   coste      30       30
( 326, 400)   coste      37       37
( 401, 402)   coste      66       66
( 401, 403)   coste      53       53
( 401, 404)   coste      10       10
( 139, 401)   coste      50       50
( 401, 405)   coste      20       20
(  72, 401)   coste      38       38
( 269, 270)   coste      21       21
( 269, 406)   coste      31       31
(  12, 208)   coste      31       31
( 208, 407)   coste      54       54
( 208, 210)   coste      14       14
(  11,  13)   coste      19       19
(  11,  29)   coste      34       34
(  57,  58)   coste      33       33
(  57, 364)   coste      22       22
(  57, 258)   coste      45       45
(  57,  60)   coste      34       34
( 408, 409)   coste      31       31
( 408, 410)   coste      42       42
( 408, 411)   coste      20       20
( 224, 412)   coste      45       45
( 412, 413)   coste      71       71
( 226, 412)   coste       6        6
( 412, 414)   coste      54       54
(  83, 318)   coste      11       11
( 318, 320)   coste      36       36
( 318, 321)   coste      16       16
( 183, 184)   coste      31       31
( 183, 185)   coste      16       16
( 183, 186)   coste      44       44
( 183, 394)   coste       5        5
( 183, 415)   coste      41       41
( 183, 187)   coste      21       21
(  71, 183)   coste      39       39
( 163, 416)   coste      40       40
( 163, 417)   coste      25       25
( 163, 418)   coste      30       30
( 163, 307)   coste      29       29
( 419, 420)   coste      25       25
( 419, 421)   coste      37       37
( 419, 422)   coste      48       48
( 419, 423)   coste      45       45
( 424, 425)   coste      39       39
( 424, 426)   coste      28       28
( 424, 427)   coste      47       47
( 285, 424)   coste      40       40
( 287, 424)   coste      30       30
( 428, 429)   coste      49       49
( 409, 428)   coste      34       34
( 428, 430)   coste      17       17
( 428, 431)   coste      31       31
( 428, 432)   coste      41       41
( 433, 434)   coste      23       23
( 433, 435)   coste      23       23
( 433, 436)   coste      44       44
( 437, 438)   coste       5        5
( 179, 437)   coste      48       48
( 180, 437)   coste      32       32
( 127, 264)   coste      30       30
( 119, 439)   coste      34       34
( 119, 120)   coste      32       32
( 119, 281)   coste      14       14
( 440, 441)   coste      47       47
( 440, 442)   coste       8        8
( 440, 443)   coste      46       46
( 440, 444)   coste      16       16
( 440, 445)   coste      66       66
( 155, 446)   coste      22       22
( 155, 157)   coste      54       54
( 155, 159)   coste      24       24
( 155, 447)   coste      20       20
( 155, 448)   coste      17       17
(  26,  27)   coste      31       31
(  26, 443)   coste      23       23
(  26,  29)   coste      33       33
( 449, 450)   coste      22       22
( 449, 451)   coste      39       39
( 449, 452)   coste      13       13
( 449, 453)   coste      25       25
( 454, 455)   coste      41       41
( 454, 456)   coste      45       45
( 454, 457)   coste      22       22
( 311, 454)   coste      49       49
( 361, 454)   coste      45       45
( 454, 458)   coste      54       54
( 459, 460)   coste      69       69
( 290, 461)   coste      17       17
( 274, 461)   coste      42       42
( 224, 301)   coste      23       23
( 224, 226)   coste      41       41
( 224, 462)   coste      23       23
( 151, 463)   coste      52       52
( 151, 464)   coste      19       19
( 151, 465)   coste      35       35
( 466, 467)   coste      34       34
(  58,  59)   coste      53       53
(  58, 364)   coste      53       53
( 367, 468)   coste      38       38
( 245, 367)   coste      49       49
( 156, 420)   coste      60       60
( 420, 421)   coste      48       48
( 396, 469)   coste      43       43
( 397, 469)   coste      39       39
( 469, 470)   coste      43       43
(   8, 471)   coste      56       56
(   8,  92)   coste      50       50
(   8,  93)   coste      35       35
( 472, 473)   coste      37       37
( 425, 472)   coste      37       37
( 167, 472)   coste      44       44
( 128, 129)   coste      17       17
( 128, 474)   coste       7        7
( 128, 414)   coste      30       30
(  46, 334)   coste      45       45
(  46,  47)   coste      41       41
(  46, 475)   coste      66       66
( 476, 477)   coste      23       23
( 403, 476)   coste      40       40
( 476, 478)   coste      47       47
(  72, 476)   coste      46       46
( 194, 479)   coste      21       21
( 479, 480)   coste      29       29
( 479, 481)   coste      33       33
( 479, 482)   coste      32       32
( 479, 483)   coste      33       33
(   9, 308)   coste      26       26
( 308, 340)   coste      55       55
(  36, 308)   coste      40       40
( 484, 485)   coste      57       57
( 484, 486)   coste      37       37
( 487, 488)   coste      36       36
( 487, 489)   coste      39       39
( 232, 487)   coste      48       48
( 487, 490)   coste      61       61
( 104, 106)   coste      43       43
( 104, 491)   coste      51       51
( 104, 492)   coste      49       49
( 104, 107)   coste      48       48
( 114, 493)   coste       3        3
( 131, 493)   coste      82       82
( 116, 493)   coste      40       40
( 191, 493)   coste      49       49
( 184, 185)   coste      18       18
( 184, 494)   coste      13       13
( 184, 187)   coste      17       17
( 495, 496)   coste      35       35
( 495, 497)   coste      41       41
(  23, 495)   coste      52       52
( 495, 498)   coste      35       35
( 495, 499)   coste      29       29
( 500, 501)   coste      36       36
( 500, 502)   coste      23       23
( 500, 503)   coste      35       35
( 333, 334)   coste      43       43
( 333, 335)   coste      37       37
( 333, 504)   coste      27       27
( 425, 505)   coste      48       48
( 167, 505)   coste      38       38
( 505, 506)   coste       5        5
( 507, 508)   coste      11       11
( 507, 509)   coste      16       16
( 507, 510)   coste      25       25
( 260, 511)   coste      27       27
( 511, 512)   coste      42       42
( 513, 514)   coste      10       10
( 513, 515)   coste      46       46
( 513, 516)   coste      43       43
( 389, 513)   coste      44       44
( 179, 438)   coste      45       45
(   4, 438)   coste      34       34
( 180, 438)   coste      28       28
(   6, 438)   coste      19       19
( 334, 517)   coste      47       47
( 260, 518)   coste      45       45
( 257, 519)   coste      30       30
( 257, 359)   coste      13       13
(  60, 257)   coste      10       10
( 455, 520)   coste      30       30
( 455, 456)   coste       6        6
( 455, 521)   coste      21       21
( 455, 457)   coste      50       50
( 455, 522)   coste      57       57
( 361, 455)   coste      21       21
( 455, 523)   coste      30       30
( 185, 186)   coste      40       40
( 185, 394)   coste      18       18
(  71, 185)   coste      43       43
( 294, 315)   coste      33       33
( 294, 524)   coste      52       52
( 294, 296)   coste      33       33
( 276, 525)   coste      22       22
( 525, 526)   coste      58       58
( 525, 527)   coste      34       34
(  75, 124)   coste      19       19
( 429, 528)   coste      40       40
( 528, 529)   coste      30       30
( 528, 530)   coste      29       29
( 431, 528)   coste      32       32
( 432, 528)   coste      20       20
( 528, 531)   coste      44       44
( 337, 473)   coste      41       41
( 286, 473)   coste      37       37
( 287, 473)   coste      27       27
( 146, 532)   coste      43       43
( 146, 499)   coste      28       28
( 146, 148)   coste      36       36
(  67,  69)   coste      37       37
(  67, 533)   coste      28       28
(  67, 534)   coste      32       32
( 225, 535)   coste      48       48
( 225, 226)   coste      52       52
( 439, 536)   coste      51       51
( 194, 481)   coste      34       34
( 194, 195)   coste      34       34
( 194, 537)   coste      24       24
( 295, 538)   coste      27       27
( 295, 539)   coste      25       25
( 295, 296)   coste      31       31
( 540, 541)   coste      35       35
( 540, 542)   coste      24       24
( 540, 543)   coste      42       42
( 540, 544)   coste      22       22
( 540, 545)   coste      12       12
(  96,  97)   coste      11       11
(  96, 298)   coste      17       17
(  96,  98)   coste      27       27
(  79,  96)   coste      27       27
( 471, 546)   coste      34       34
( 546, 547)   coste      20       20
(  35, 546)   coste      44       44
( 546, 548)   coste       8        8
( 546, 549)   coste      29       29
( 348, 349)   coste      32       32
( 348, 350)   coste      18       18
(   2,   3)   coste      26       26
(   2, 550)   coste      59       59
(   2, 551)   coste      51       51
( 374, 416)   coste      44       44
( 251, 416)   coste      29       29
( 105, 135)   coste      25       25
( 105, 392)   coste      45       45
( 105, 107)   coste      49       49
( 105, 168)   coste      60       60
( 552, 553)   coste      42       42
( 477, 552)   coste      53       53
( 403, 552)   coste      14       14
( 502, 554)   coste      37       37
( 554, 555)   coste      24       24
( 554, 556)   coste      25       25
( 229, 554)   coste      24       24
( 101, 557)   coste      28       28
( 101, 353)   coste      11       11
( 101, 355)   coste      56       56
( 441, 442)   coste      48       48
(  14, 441)   coste      36       36
( 441, 558)   coste      30       30
( 477, 559)   coste      29       29
( 559, 560)   coste      52       52
( 478, 559)   coste      38       38
( 559, 561)   coste      59       59
(  68, 535)   coste      49       49
( 379, 535)   coste      39       39
( 381, 535)   coste      59       59
( 535, 562)   coste      47       47
( 526, 563)   coste      48       48
( 527, 563)   coste      55       55
( 563, 564)   coste      10       10
( 496, 565)   coste      48       48
( 565, 566)   coste      46       46
( 532, 565)   coste      25       25
( 565, 567)   coste      15       15
( 565, 568)   coste      50       50
( 327, 328)   coste      34       34
( 327, 329)   coste      55       55
( 569, 570)   coste      26       26
( 569, 571)   coste      31       31
( 569, 572)   coste      16       16
( 569, 573)   coste       7        7
( 574, 575)   coste      54       54
( 574, 576)   coste      42       42
( 574, 577)   coste      17       17
( 372, 574)   coste      28       28
(  12,  13)   coste      38       38
(  12, 578)   coste      24       24
(  12, 210)   coste      31       31
( 342, 579)   coste      45       45
( 344, 579)   coste      46       46
( 312, 579)   coste      47       47
( 579, 580)   coste      27       27
( 331, 579)   coste      48       48
( 216, 417)   coste      54       54
( 417, 462)   coste      32       32
( 581, 582)   coste      25       25
( 568, 581)   coste      24       24
( 138, 357)   coste      50       50
( 357, 358)   coste      38       38
( 357, 583)   coste      21       21
( 357, 359)   coste      41       41
( 584, 585)   coste      40       40
( 584, 586)   coste      30       30
( 584, 587)   coste      40       40
( 584, 588)   coste      29       29
(  50, 589)   coste      36       36
(  50, 590)   coste      18       18
(  50,  54)   coste       8        8
(  50, 591)   coste      17       17
( 524, 592)   coste      38       38
(  42, 592)   coste      12       12
( 316, 592)   coste      37       37
(  17, 199)   coste      68       68
(  17, 200)   coste      64       64
(  47, 488)   coste      59       59
( 138, 276)   coste      54       54
( 138, 583)   coste      45       45
( 142, 228)   coste      13       13
(  65, 142)   coste      28       28
( 142, 556)   coste      28       28
( 142, 229)   coste      14       14
( 345, 429)   coste      25       25
( 429, 430)   coste      39       39
( 319, 392)   coste      82       82
( 319, 321)   coste      91       91
( 593, 594)   coste      38       38
( 593, 595)   coste      30       30
( 593, 596)   coste      35       35
( 593, 597)   coste      23       23
( 593, 598)   coste      43       43
(  97, 298)   coste      26       26
(  97,  98)   coste      17       17
( 277, 279)   coste       6        6
( 529, 599)   coste      32       32
( 529, 530)   coste      44       44
( 431, 529)   coste      29       29
( 432, 529)   coste      22       22
( 215, 374)   coste      62       62
( 215, 376)   coste      21       21
( 215, 217)   coste      18       18
( 328, 600)   coste      57       57
( 600, 601)   coste      46       46
( 129, 600)   coste      63       63
( 474, 600)   coste      57       57
(  32,  33)   coste      15       15
(  32, 602)   coste      16       16
(  32,  35)   coste      37       37
( 603, 604)   coste      27       27
( 603, 605)   coste      38       38
( 603, 606)   coste      25       25
( 603, 607)   coste      20       20
( 603, 608)   coste      43       43
( 402, 553)   coste      38       38
(  88, 553)   coste      47       47
( 553, 609)   coste       2        2
( 582, 610)   coste      31       31
( 568, 610)   coste      45       45
( 235, 236)   coste      58       58
( 235, 566)   coste      35       35
( 235, 355)   coste      25       25
(  68, 300)   coste      25       25
( 164, 300)   coste      49       49
( 300, 301)   coste      43       43
( 374, 375)   coste      49       49
( 251, 374)   coste      16       16
( 217, 374)   coste      51       51
( 374, 611)   coste      51       51
( 252, 374)   coste      15       15
( 350, 612)   coste      55       55
( 125, 612)   coste      71       71
( 120, 281)   coste      45       45
( 120, 613)   coste      55       55
( 501, 614)   coste      52       52
( 501, 615)   coste      26       26
( 501, 616)   coste      44       44
(  86, 370)   coste      35       35
(  86, 617)   coste      18       18
(  86,  89)   coste      38       38
( 124, 618)   coste      61       61
( 124, 125)   coste      80       80
( 619, 620)   coste      40       40
( 619, 621)   coste      62       62
( 619, 622)   coste      53       53
( 445, 619)   coste      24       24
( 542, 623)   coste      29       29
( 623, 624)   coste      29       29
( 544, 623)   coste       6        6
( 545, 623)   coste      19       19
( 496, 498)   coste      64       64
( 496, 499)   coste      50       50
( 496, 567)   coste      37       37
( 517, 625)   coste      54       54
( 426, 517)   coste      39       39
( 427, 517)   coste      30       30
( 285, 517)   coste      30       30
( 315, 524)   coste      32       32
( 296, 315)   coste      60       60
( 626, 627)   coste      35       35
(  71, 186)   coste      22       22
( 477, 478)   coste      28       28
( 460, 477)   coste      45       45
(  48, 291)   coste      36       36
( 570, 628)   coste      49       49
( 570, 572)   coste      17       17
(  82,  84)   coste      20       20
(  82, 298)   coste      51       51
( 247, 248)   coste      40       40
( 247, 629)   coste      35       35
( 247, 510)   coste       9        9
( 247, 630)   coste      27       27
( 520, 631)   coste      56       56
( 456, 520)   coste      33       33
( 520, 522)   coste      30       30
( 520, 632)   coste      35       35
( 520, 523)   coste      43       43
( 261, 512)   coste      57       57
( 615, 633)   coste      54       54
( 616, 633)   coste      38       38
( 240, 633)   coste      34       34
( 551, 633)   coste      29       29
( 492, 633)   coste      40       40
( 633, 634)   coste      21       21
( 114, 115)   coste      45       45
( 114, 635)   coste      13       13
( 636, 637)   coste      37       37
( 463, 636)   coste      41       41
( 636, 638)   coste      36       36
( 636, 639)   coste      25       25
( 636, 640)   coste      30       30
( 636, 641)   coste      34       34
( 642, 643)   coste      23       23
( 642, 644)   coste      37       37
( 387, 642)   coste      52       52
( 156, 599)   coste      53       53
( 432, 599)   coste      34       34
( 422, 599)   coste      52       52
( 645, 646)   coste      43       43
( 306, 645)   coste      33       33
( 480, 647)   coste      44       44
( 480, 648)   coste      34       34
( 480, 482)   coste      17       17
( 480, 537)   coste      16       16
( 480, 509)   coste      37       37
( 330, 342)   coste      27       27
( 342, 345)   coste      45       45
( 503, 614)   coste      18       18
( 614, 649)   coste      19       19
( 557, 631)   coste      45       45
( 522, 631)   coste      31       31
( 286, 425)   coste      44       44
( 287, 425)   coste      21       21
( 375, 376)   coste      47       47
( 217, 375)   coste      48       48
( 488, 489)   coste      52       52
( 232, 488)   coste      50       50
( 488, 650)   coste      48       48
(  14, 578)   coste      40       40
( 578, 651)   coste      25       25
( 210, 578)   coste      40       40
(  15, 578)   coste      15       15
( 594, 652)   coste      46       46
( 594, 596)   coste      20       20
( 594, 597)   coste      23       23
( 653, 654)   coste      19       19
( 653, 655)   coste      21       21
( 653, 656)   coste      42       42
( 653, 657)   coste      50       50
( 371, 658)   coste      25       25
(  89, 658)   coste      21       21
( 659, 660)   coste      31       31
( 659, 661)   coste       5        5
( 467, 659)   coste      39       39
( 502, 555)   coste      43       43
( 502, 503)   coste      29       29
( 502, 662)   coste      29       29
( 485, 530)   coste      50       50
( 530, 531)   coste      16       16
( 248, 663)   coste      39       39
( 248, 629)   coste      25       25
( 248, 607)   coste      42       42
( 248, 249)   coste      25       25
( 402, 609)   coste      39       39
( 291, 664)   coste      60       60
( 291, 292)   coste      19       19
( 446, 447)   coste      40       40
( 446, 534)   coste      52       52
( 446, 448)   coste      30       30
( 411, 446)   coste      36       36
( 665, 666)   coste      47       47
( 143, 665)   coste      35       35
( 665, 667)   coste      29       29
( 665, 668)   coste      58       58
( 665, 669)   coste      42       42
( 266, 670)   coste      36       36
( 266, 385)   coste      62       62
( 305, 671)   coste      13       13
( 328, 399)   coste      33       33
( 399, 400)   coste      50       50
( 370, 598)   coste      39       39
( 131, 132)   coste      25       25
(   3,   5)   coste      40       40
(   3, 649)   coste      50       50
(   3, 672)   coste      41       41
(  33, 602)   coste       5        5
(  18, 671)   coste      45       45
(  18, 673)   coste      47       47
(  18, 112)   coste      36       36
( 115, 674)   coste      42       42
( 115, 206)   coste      54       54
( 330, 675)   coste      16       16
( 330, 331)   coste      41       41
( 660, 661)   coste      35       35
( 541, 676)   coste      23       23
( 541, 585)   coste      36       36
( 541, 587)   coste      30       30
( 541, 543)   coste       8        8
( 541, 677)   coste      39       39
( 273, 290)   coste      18       18
( 377, 379)   coste      41       41
( 377, 382)   coste       4        4
( 288, 678)   coste      23       23
( 274, 288)   coste      34       34
( 514, 679)   coste      47       47
( 643, 679)   coste      47       47
( 516, 679)   coste      12       12
( 156, 158)   coste      35       35
( 361, 456)   coste      17       17
( 456, 632)   coste      10       10
( 157, 158)   coste      28       28
( 514, 515)   coste      40       40
( 514, 516)   coste      43       43
( 389, 514)   coste      50       50
( 403, 404)   coste      48       48
(  68, 562)   coste      39       39
( 109, 306)   coste      40       40
( 109, 671)   coste      43       43
( 485, 680)   coste      38       38
( 675, 680)   coste      55       55
( 680, 681)   coste      35       35
( 613, 680)   coste      26       26
( 242, 682)   coste      69       69
( 242, 245)   coste      54       54
( 343, 409)   coste      52       52
( 343, 430)   coste      39       39
( 637, 652)   coste      35       35
( 596, 652)   coste      32       32
( 598, 652)   coste      49       49
( 485, 486)   coste      23       23
( 485, 531)   coste      37       37
( 489, 683)   coste       4        4
( 489, 650)   coste      22       22
( 289, 678)   coste      35       35
( 289, 290)   coste      21       21
( 274, 289)   coste      20       20
( 201, 289)   coste      47       47
(  92, 471)   coste      19       19
(  93, 471)   coste      34       34
( 471, 548)   coste      29       29
( 471, 549)   coste      11       11
( 196, 450)   coste      23       23
( 450, 453)   coste      21       21
( 409, 684)   coste      34       34
( 409, 685)   coste      25       25
( 615, 616)   coste      19       19
( 491, 615)   coste      19       19
( 368, 682)   coste      45       45
( 245, 368)   coste      17       17
( 179, 686)   coste      13       13
( 179, 209)   coste      40       40
( 209, 270)   coste      40       40
( 481, 687)   coste      35       35
( 481, 648)   coste      28       28
( 481, 483)   coste       9        9
( 481, 688)   coste      36       36
( 542, 689)   coste      46       46
( 405, 689)   coste      48       48
( 358, 689)   coste      43       43
( 583, 689)   coste      33       33
( 344, 580)   coste      49       49
( 344, 346)   coste      13       13
(  83, 321)   coste      22       22
( 458, 690)   coste      32       32
( 313, 690)   coste      31       31
( 536, 690)   coste      41       41
( 690, 691)   coste       5        5
( 575, 604)   coste      51       51
( 604, 605)   coste      30       30
( 604, 606)   coste       4        4
( 620, 621)   coste      30       30
( 620, 692)   coste      26       26
( 243, 693)   coste      54       54
( 175, 243)   coste      53       53
( 195, 537)   coste      37       37
( 595, 694)   coste      18       18
( 595, 597)   coste      33       33
( 621, 695)   coste      24       24
( 621, 647)   coste      25       25
( 621, 696)   coste      46       46
( 621, 692)   coste      19       19
( 575, 605)   coste      30       30
( 575, 606)   coste      49       49
( 575, 608)   coste      30       30
(  98, 261)   coste      50       50
( 261, 283)   coste      54       54
( 555, 697)   coste      23       23
( 229, 555)   coste      37       37
(   4, 180)   coste      21       21
(   4,   5)   coste      42       42
(   4,   6)   coste      20       20
(  39, 586)   coste      47       47
(  39,  41)   coste      54       54
(  39, 259)   coste      48       48
( 625, 646)   coste      61       61
( 646, 698)   coste      64       64
( 135, 336)   coste      41       41
( 135, 286)   coste      51       51
( 135, 136)   coste      64       64
( 491, 616)   coste      30       30
( 616, 634)   coste      47       47
(  69, 533)   coste      40       40
(  69, 534)   coste      47       47
(  69, 303)   coste      47       47
( 394, 415)   coste      38       38
( 187, 394)   coste      17       17
( 486, 681)   coste      23       23
( 122, 486)   coste      46       46
( 486, 531)   coste      40       40
( 254, 684)   coste      11       11
( 684, 699)   coste      44       44
( 411, 684)   coste      18       18
( 647, 695)   coste      40       40
( 695, 696)   coste      26       26
( 694, 700)   coste      42       42
( 597, 694)   coste      35       35
( 451, 666)   coste      33       33
( 452, 666)   coste      33       33
( 143, 666)   coste      33       33
(  94, 335)   coste      31       31
( 335, 504)   coste      41       41
( 560, 701)   coste      41       41
( 560, 702)   coste      16       16
( 460, 560)   coste      21       21
( 560, 561)   coste      68       68
(  52,  53)   coste      12       12
( 328, 414)   coste      44       44
( 328, 400)   coste      29       29
(  21,  23)   coste      49       49
(  21, 674)   coste      19       19
(  21,  24)   coste      17       17
( 190, 203)   coste      71       71
( 203, 204)   coste      26       26
( 339, 703)   coste      62       62
( 267, 339)   coste      10       10
( 164, 704)   coste      30       30
( 704, 705)   coste      38       38
( 643, 706)   coste      26       26
( 643, 644)   coste      55       55
( 516, 643)   coste      54       54
( 197, 643)   coste      59       59
( 212, 573)   coste      35       35
( 147, 148)   coste      49       49
( 637, 707)   coste      45       45
( 637, 640)   coste      18       18
( 628, 708)   coste      52       52
( 708, 709)   coste      37       37
( 352, 708)   coste       1        1
( 708, 710)   coste      60       60
( 240, 551)   coste      26       26
( 240, 492)   coste      53       53
( 240, 634)   coste      36       36
( 451, 711)   coste      29       29
( 227, 228)   coste      22       22
(  65, 227)   coste      20       20
( 227, 340)   coste      42       42
( 585, 676)   coste      21       21
( 587, 676)   coste      16       16
( 543, 676)   coste      27       27
( 676, 677)   coste      17       17
(  42, 712)   coste      24       24
(  87, 585)   coste      48       48
( 475, 683)   coste      39       39
( 232, 683)   coste      15       15
( 650, 683)   coste      25       25
( 683, 713)   coste      52       52
( 209, 686)   coste      40       40
( 180, 686)   coste      32       32
( 628, 709)   coste      30       30
( 571, 628)   coste      37       37
( 352, 628)   coste      52       52
( 650, 714)   coste      59       59
( 713, 714)   coste      49       49
(  35, 714)   coste      52       52
( 490, 714)   coste      17       17
( 542, 624)   coste       5        5
( 542, 545)   coste      13       13
( 663, 715)   coste      28       28
( 607, 663)   coste       4        4
( 249, 663)   coste      26       26
(  89, 617)   coste      42       42
( 372, 617)   coste      47       47
( 598, 617)   coste      47       47
( 639, 716)   coste      25       25
( 707, 716)   coste      30       30
( 716, 717)   coste      31       31
( 718, 719)   coste      22       22
( 164, 301)   coste      41       41
( 164, 302)   coste      29       29
( 463, 464)   coste      52       52
( 463, 639)   coste      45       45
( 463, 465)   coste      19       19
( 166, 720)   coste      34       34
( 166, 168)   coste      54       54
( 166, 169)   coste      67       67
( 661, 721)   coste      34       34
( 458, 721)   coste      58       58
( 721, 722)   coste      12       12
( 536, 721)   coste      46       46
( 503, 550)   coste      17       17
( 550, 551)   coste      52       52
( 232, 475)   coste      40       40
( 475, 723)   coste      18       18
( 475, 504)   coste      36       36
( 232, 650)   coste      35       35
( 404, 405)   coste      29       29
( 576, 577)   coste      26       26
( 515, 576)   coste      50       50
( 627, 687)   coste      28       28
( 687, 688)   coste      12       12
( 254, 699)   coste      35       35
( 254, 470)   coste      41       41
( 254, 685)   coste      21       21
( 711, 724)   coste      41       41
( 144, 724)   coste      31       31
( 601, 725)   coste      56       56
(   9,  64)   coste       4        4
(   9, 549)   coste      43       43
(   9,  36)   coste      49       49
( 482, 647)   coste      29       29
( 538, 647)   coste      52       52
( 497, 532)   coste      61       61
( 117, 497)   coste      81       81
( 482, 648)   coste      35       35
( 237, 566)   coste      14       14
( 237, 355)   coste      45       45
( 585, 587)   coste      35       35
( 362, 468)   coste      44       44
( 278, 629)   coste      31       31
( 278, 726)   coste      12       12
( 213, 397)   coste      39       39
( 213, 398)   coste      47       47
( 586, 588)   coste       4        4
( 589, 725)   coste      29       29
(  53, 589)   coste      35       35
(  54, 589)   coste      30       30
( 589, 591)   coste      40       40
( 301, 462)   coste      17       17
( 301, 307)   coste      25       25
( 566, 567)   coste      37       37
( 143, 711)   coste      27       27
( 144, 711)   coste      37       37
( 167, 720)   coste      21       21
( 239, 720)   coste      78       78
( 506, 720)   coste      40       40
( 169, 720)   coste      45       45
( 329, 413)   coste      39       39
( 218, 329)   coste      38       38
( 329, 400)   coste      62       62
( 264, 725)   coste      59       59
( 264, 727)   coste      32       32
( 396, 397)   coste      23       23
( 361, 521)   coste      17       17
( 521, 632)   coste      28       28
( 209, 728)   coste      68       68
(  64, 548)   coste      48       48
(  64, 549)   coste      43       43
( 661, 722)   coste      23       23
( 661, 717)   coste      37       37
( 536, 661)   coste      48       48
( 482, 537)   coste      26       26
( 196, 452)   coste      20       20
( 452, 453)   coste      29       29
( 490, 650)   coste      52       52
( 201, 678)   coste      43       43
( 503, 649)   coste      10       10
( 503, 662)   coste       8        8
( 503, 672)   coste      45       45
(   6, 180)   coste      27       27
( 351, 729)   coste      63       63
( 125, 729)   coste      56       56
( 434, 682)   coste      47       47
( 434, 436)   coste      29       29
( 144, 228)   coste      32       32
( 228, 229)   coste      25       25
( 421, 422)   coste      30       30
( 421, 423)   coste      14       14
( 613, 675)   coste      43       43
( 274, 290)   coste      26       26
( 290, 323)   coste      43       43
( 302, 303)   coste      17       17
( 508, 644)   coste      54       54
(  22,  23)   coste      36       36
(  22, 390)   coste      66       66
( 522, 557)   coste      51       51
( 557, 730)   coste      38       38
( 390, 557)   coste      64       64
( 538, 539)   coste      10       10
( 296, 538)   coste      49       49
( 605, 715)   coste      45       45
( 371, 715)   coste      46       46
( 607, 715)   coste      25       25
( 608, 715)   coste      45       45
(  28, 667)   coste      48       48
( 122, 681)   coste      42       42
( 159, 731)   coste      16       16
( 233, 731)   coste      38       38
( 731, 732)   coste       3        3
( 196, 453)   coste      19       19
( 251, 733)   coste      36       36
( 251, 252)   coste      23       23
(  79, 298)   coste      17       17
( 311, 457)   coste      39       39
( 102, 457)   coste      50       50
(  59, 526)   coste      53       53
( 526, 734)   coste      14       14
( 526, 735)   coste       8        8
( 526, 564)   coste      47       47
( 561, 701)   coste      37       37
( 152, 701)   coste      65       65
( 216, 413)   coste      32       32
( 218, 413)   coste      13       13
( 110, 111)   coste      57       57
( 544, 587)   coste      32       32
( 587, 677)   coste      27       27
( 605, 606)   coste      27       27
( 605, 608)   coste       8        8
( 306, 698)   coste      13       13
( 671, 698)   coste       5        5
( 190, 205)   coste      46       46
( 133, 190)   coste      53       53
( 190, 192)   coste      38       38
(  59, 735)   coste      49       49
(  59, 359)   coste      47       47
( 539, 696)   coste      43       43
( 372, 577)   coste      44       44
( 577, 736)   coste      48       48
( 168, 392)   coste      68       68
( 442, 443)   coste      40       40
( 442, 444)   coste      21       21
( 442, 558)   coste      23       23
( 571, 572)   coste      31       31
( 571, 582)   coste      49       49
( 571, 573)   coste      29       29
( 320, 492)   coste      45       45
( 590, 591)   coste       5        5
( 590, 737)   coste      44       44
( 638, 640)   coste      25       25
( 638, 641)   coste       3        3
(  34, 602)   coste      39       39
( 132, 191)   coste      65       65
( 132, 133)   coste      33       33
( 132, 192)   coste      49       49
(  23,  24)   coste      40       40
(  65, 556)   coste      11       11
( 572, 705)   coste      35       35
( 573, 705)   coste      14       14
( 654, 738)   coste      30       30
( 654, 656)   coste      33       33
( 654, 657)   coste      33       33
( 515, 736)   coste      45       45
( 597, 700)   coste      27       27
( 274, 323)   coste      41       41
( 139, 415)   coste      44       44
(  73, 139)   coste      25       25
( 422, 670)   coste      63       63
( 423, 670)   coste      74       74
( 268, 670)   coste      31       31
( 311, 312)   coste      41       41
( 102, 311)   coste      16       16
( 361, 632)   coste      17       17
( 361, 523)   coste      26       26
( 629, 726)   coste      29       29
( 249, 629)   coste      27       27
(  73, 415)   coste      20       20
( 143, 144)   coste      34       34
( 458, 536)   coste      51       51
( 682, 738)   coste      22       22
( 655, 738)   coste      16       16
(  42, 524)   coste      46       46
(  60, 364)   coste      37       37
( 159, 447)   coste      11       11
( 159, 732)   coste      14       14
( 102, 312)   coste      49       49
( 312, 331)   coste      14       14
(  89, 371)   coste      38       38
( 286, 336)   coste      31       31
(  94, 336)   coste      46       46
( 426, 427)   coste      46       46
( 287, 426)   coste      11       11
( 187, 494)   coste      23       23
( 385, 386)   coste      47       47
( 385, 703)   coste      44       44
( 385, 388)   coste      52       52
( 435, 682)   coste      36       36
( 279, 726)   coste      33       33
( 222, 279)   coste      30       30
( 739, 740)   coste      50       50
( 460, 739)   coste      37       37
( 465, 739)   coste      53       53
( 533, 534)   coste       8        8
( 167, 506)   coste      35       35
( 167, 168)   coste      52       52
( 662, 697)   coste      26       26
( 672, 697)   coste      28       28
( 697, 741)   coste      32       32
( 572, 573)   coste      22       22
( 464, 702)   coste      26       26
( 464, 465)   coste      41       41
( 249, 726)   coste      27       27
( 121, 122)   coste      39       39
( 129, 474)   coste      19       19
( 639, 742)   coste      33       33
( 717, 742)   coste      14       14
( 467, 742)   coste      12       12
( 216, 418)   coste      58       58
(   5,   6)   coste      47       47
( 397, 699)   coste      32       32
(  35, 547)   coste      26       26
( 547, 548)   coste      23       23
( 431, 432)   coste      13       13
( 244, 682)   coste      45       45
( 244, 245)   coste      21       21
( 519, 624)   coste      40       40
( 359, 519)   coste      40       40
(  60, 519)   coste      37       37
( 175, 362)   coste      48       48
( 551, 634)   coste      14       14
( 418, 462)   coste      23       23
( 422, 423)   coste      19       19
( 268, 422)   coste      44       44
( 460, 740)   coste      43       43
( 378, 380)   coste      16       16
( 582, 743)   coste       6        6
( 568, 582)   coste      19       19
(  40,  41)   coste      29       29
(  40,  42)   coste      35       35
( 444, 558)   coste       5        5
( 379, 382)   coste      38       38
(  76, 744)   coste      35       35
(  41, 259)   coste      40       40
( 363, 523)   coste      48       48
( 358, 624)   coste      20       20
( 313, 691)   coste      35       35
( 734, 735)   coste      18       18
( 564, 734)   coste      36       36
( 465, 639)   coste      52       52
( 467, 639)   coste      44       44
( 106, 491)   coste      57       57
( 447, 732)   coste       4        4
( 447, 448)   coste      14       14
(  92,  93)   coste      19       19
( 386, 703)   coste       7        7
( 386, 387)   coste      58       58
( 306, 671)   coste      12       12
( 713, 723)   coste      24       24
( 504, 713)   coste      32       32
( 490, 713)   coste      62       62
( 460, 478)   coste      29       29
( 307, 462)   coste      16       16
( 296, 539)   coste      40       40
( 267, 703)   coste      57       57
(  14, 651)   coste      28       28
(  14,  15)   coste      28       28
( 649, 662)   coste      17       17
( 508, 510)   coste      17       17
( 508, 630)   coste      25       25
( 667, 745)   coste      49       49
( 667, 668)   coste      37       37
( 407, 667)   coste      26       26
( 667, 669)   coste      14       14
( 388, 516)   coste      40       40
( 389, 516)   coste      34       34
( 380, 382)   coste      52       52
( 176, 693)   coste      40       40
( 693, 746)   coste      23       23
( 252, 611)   coste      48       48
( 596, 597)   coste      33       33
( 596, 598)   coste      41       41
( 286, 337)   coste      22       22
( 354, 710)   coste      26       26
( 398, 710)   coste      23       23
( 662, 672)   coste      40       40
( 662, 741)   coste      53       53
( 568, 743)   coste      20       20
( 191, 205)   coste      47       47
( 133, 191)   coste      51       51
( 191, 192)   coste      36       36
( 206, 674)   coste      14       14
(  54, 591)   coste      15       15
( 390, 730)   coste      38       38
( 436, 730)   coste      59       59
( 239, 673)   coste      77       77
( 169, 239)   coste      49       49
( 133, 192)   coste      20       20
( 397, 470)   coste      16       16
( 175, 746)   coste      46       46
(  15, 651)   coste      11       11
( 387, 388)   coste      58       58
( 102, 354)   coste      39       39
( 407, 745)   coste      42       42
( 741, 745)   coste      47       47
( 112, 673)   coste      75       75
( 719, 747)   coste      47       47
(  76, 719)   coste      44       44
( 221, 296)   coste      53       53
( 622, 747)   coste       3        3
( 407, 668)   coste      29       29
( 668, 669)   coste      24       24
( 407, 669)   coste      15       15
( 221, 316)   coste      41       41
( 221, 222)   coste      54       54
( 445, 747)   coste      40       40
(  15, 210)   coste      48       48
( 467, 717)   coste       8        8
( 655, 657)   coste      46       46
( 346, 470)   coste      47       47
( 613, 691)   coste      57       57
( 390, 436)   coste      55       55
( 229, 556)   coste      18       18
( 358, 583)   coste      39       39
( 358, 359)   coste      30       30
( 536, 691)   coste      43       43
(  94, 136)   coste      25       25
( 268, 423)   coste      49       49
( 656, 657)   coste      28       28
( 436, 656)   coste      54       54
(  24, 206)   coste      18       18
( 414, 474)   coste      33       33
( 548, 549)   coste      22       22
( 640, 641)   coste      25       25
( 448, 732)   coste      13       13
( 400, 414)   coste      26       26
(  60, 359)   coste      16       16
(  61, 359)   coste      40       40
( 606, 608)   coste      34       34
( 436, 657)   coste      28       28
(  60,  61)   coste      39       39
( 388, 389)   coste      14       14
( 249, 607)   coste      29       29
( 672, 741)   coste      19       19
( 411, 685)   coste      18       18
( 736, 748)   coste      30       30
LISTA_ARISTAS_NOREQ :
(   2,   5)   coste      42       42
(   7,  64)   coste      25       25
(   7,  92)   coste      46       46
(   7, 471)   coste      33       33
(   7, 548)   coste      44       44
(   7, 549)   coste      27       27
(   9, 548)   coste      47       47
(  10, 208)   coste      50       50
(  10, 651)   coste      21       21
(  11,  27)   coste      37       37
(  12,  15)   coste      22       22
(  12, 651)   coste      21       21
(  13, 651)   coste      33       33
(  16, 112)   coste      36       36
(  16, 201)   coste      69       69
(  16, 673)   coste      43       43
(  17, 198)   coste      65       65
(  17, 238)   coste      62       62
(  17, 239)   coste      76       76
(  17, 673)   coste      31       31
(  18, 304)   coste      44       44
(  18, 305)   coste      40       40
(  20, 236)   coste      63       63
(  21, 206)   coste       6        6
(  22, 236)   coste      30       30
(  24, 674)   coste      31       31
(  26, 688)   coste      31       31
(  27,  29)   coste       6        6
(  27, 443)   coste      35       35
(  28, 665)   coste      51       51
(  29, 443)   coste      32       32
(  31,  32)   coste      47       47
(  33,  34)   coste      41       41
(  34, 265)   coste      17       17
(  36, 340)   coste      47       47
(  37, 592)   coste      28       28
(  37, 712)   coste      46       46
(  38, 586)   coste      42       42
(  40, 712)   coste      35       35
(  44, 488)   coste      32       32
(  46, 517)   coste      53       53
(  47, 232)   coste      54       54
(  48, 378)   coste      11       11
(  48, 380)   coste      23       23
(  49, 173)   coste      34       34
(  49, 231)   coste      52       52
(  51, 231)   coste      87       87
(  52, 589)   coste      40       40
(  54, 590)   coste      18       18
(  54, 725)   coste      47       47
(  59,  60)   coste      44       44
(  59,  61)   coste       9        9
(  59, 356)   coste      49       49
(  62, 308)   coste      42       42
(  62, 556)   coste      49       49
(  63, 340)   coste      48       48
(  64, 308)   coste      27       27
(  65, 229)   coste      23       23
(  66, 533)   coste      41       41
(  67,  68)   coste      66       66
(  69, 469)   coste      43       43
(  70, 139)   coste      35       35
(  70, 415)   coste      40       40
(  71, 182)   coste      46       46
(  72, 403)   coste      20       20
(  72, 404)   coste      30       30
(  73, 137)   coste      26       26
(  74, 618)   coste      57       57
(  75, 618)   coste      54       54
(  76, 441)   coste      63       63
(  76, 718)   coste      28       28
(  77, 283)   coste      32       32
(  77, 298)   coste      36       36
(  78,  95)   coste      19       19
(  78, 283)   coste      38       38
(  79,  95)   coste      15       15
(  79,  98)   coste      31       31
(  80, 321)   coste      36       36
(  81,  84)   coste      28       28
(  81, 318)   coste      49       49
(  85, 617)   coste      47       47
(  87,  89)   coste      49       49
(  87, 658)   coste      50       50
(  87, 677)   coste      58       58
(  88, 402)   coste      17       17
(  88, 609)   coste      47       47
(  91, 336)   coste      52       52
(  93, 549)   coste      43       43
(  95, 297)   coste      25       25
(  95, 298)   coste      19       19
(  99, 353)   coste      40       40
(  99, 457)   coste      49       49
( 100, 708)   coste      51       51
( 104, 616)   coste      48       48
( 106, 134)   coste       5        5
( 107, 392)   coste      39       39
( 108, 172)   coste      65       65
( 108, 173)   coste      27       27
( 108, 304)   coste      54       54
( 109, 110)   coste      42       42
( 110, 112)   coste      45       45
( 110, 173)   coste      20       20
( 111, 173)   coste      55       55
( 114, 116)   coste      38       38
( 115, 116)   coste      16       16
( 115, 493)   coste      46       46
( 115, 635)   coste      40       40
( 116, 635)   coste      39       39
( 117, 147)   coste      85       85
( 118, 680)   coste      55       55
( 120, 121)   coste      18       18
( 122, 748)   coste      41       41
( 123, 618)   coste      67       67
( 123, 728)   coste      14       14
( 123, 729)   coste      49       49
( 125, 618)   coste      39       39
( 126, 225)   coste      52       52
( 126, 414)   coste      60       60
( 127, 601)   coste      22       22
( 127, 727)   coste      27       27
( 128, 328)   coste      48       48
( 129, 414)   coste      46       46
( 130, 191)   coste      64       64
( 134, 491)   coste      55       55
( 136, 332)   coste      25       25
( 136, 335)   coste      21       21
( 136, 336)   coste      30       30
( 137, 275)   coste      14       14
( 137, 415)   coste      33       33
( 138, 275)   coste      10       10
( 139, 404)   coste      44       44
( 139, 405)   coste      55       55
( 140, 228)   coste      29       29
( 140, 229)   coste      40       40
( 141, 724)   coste      25       25
( 142, 227)   coste      30       30
( 145, 497)   coste      64       64
( 146, 497)   coste      21       21
( 147, 611)   coste      72       72
( 148, 497)   coste      48       48
( 149, 464)   coste      35       35
( 149, 702)   coste      55       55
( 150, 176)   coste      51       51
( 150, 464)   coste      50       50
( 151, 739)   coste      45       45
( 152, 464)   coste      70       70
( 155, 732)   coste      22       22
( 156, 157)   coste      16       16
( 156, 419)   coste      46       46
( 157, 159)   coste      50       50
( 158, 408)   coste      29       29
( 158, 410)   coste      35       35
( 160, 704)   coste      12       12
( 161, 163)   coste      22       22
( 162, 704)   coste      18       18
( 163, 733)   coste      32       32
( 166, 167)   coste      34       34
( 168, 391)   coste      51       51
( 170, 178)   coste      36       36
( 170, 282)   coste       6        6
( 170, 406)   coste      38       38
( 170, 511)   coste      36       36
( 171, 511)   coste      28       28
( 171, 512)   coste      21       21
( 174, 693)   coste      16       16
( 174, 746)   coste       8        8
( 175, 468)   coste      10       10
( 175, 693)   coste      31       31
( 176, 243)   coste      30       30
( 176, 366)   coste      49       49
( 177, 686)   coste      35       35
( 178, 282)   coste      33       33
( 179, 180)   coste      20       20
( 181, 283)   coste      24       24
( 184, 393)   coste      50       50
( 184, 394)   coste      30       30
( 185, 187)   coste      18       18
( 187, 393)   coste      44       44
( 188, 205)   coste      21       21
( 189, 190)   coste      41       41
( 189, 202)   coste      42       42
( 190, 204)   coste      63       63
( 191, 635)   coste      39       39
( 193, 627)   coste      45       45
( 194, 627)   coste      31       31
( 194, 648)   coste      25       25
( 195, 507)   coste      37       37
( 195, 508)   coste      42       42
( 195, 509)   coste      32       32
( 196, 449)   coste       9        9
( 196, 626)   coste      44       44
( 197, 387)   coste      26       26
( 197, 642)   coste      40       40
( 197, 644)   coste      53       53
( 198, 678)   coste      54       54
( 199, 200)   coste      15       15
( 201, 323)   coste      34       34
( 205, 674)   coste      50       50
( 207, 686)   coste      52       52
( 208, 578)   coste      47       47
( 211, 398)   coste      43       43
( 211, 570)   coste      30       30
( 211, 710)   coste      60       60
( 212, 569)   coste      33       33
( 212, 570)   coste      33       33
( 212, 705)   coste      34       34
( 213, 395)   coste      23       23
( 213, 396)   coste      18       18
( 214, 413)   coste      40       40
( 215, 218)   coste      64       64
( 215, 373)   coste      42       42
( 216, 218)   coste      31       31
( 217, 373)   coste      25       25
( 217, 376)   coste       6        6
( 219, 278)   coste      57       57
( 219, 539)   coste      60       60
( 220, 222)   coste      28       28
( 220, 726)   coste      33       33
( 222, 277)   coste      28       28
( 223, 412)   coste      21       21
( 223, 562)   coste      42       42
( 224, 418)   coste      39       39
( 225, 562)   coste      10       10
( 226, 562)   coste      52       52
( 227, 724)   coste      45       45
( 228, 724)   coste      43       43
( 232, 489)   coste      15       15
( 233, 377)   coste      54       54
( 233, 448)   coste      41       41
( 234, 355)   coste      27       27
( 235, 237)   coste      22       22
( 235, 352)   coste      49       49
( 236, 496)   coste      53       53
( 237, 567)   coste      45       45
( 241, 366)   coste      38       38
( 242, 244)   coste      40       40
( 244, 368)   coste      15       15
( 246, 629)   coste      31       31
( 246, 644)   coste      59       59
( 246, 663)   coste      42       42
( 247, 507)   coste      33       33
( 247, 508)   coste      25       25
( 250, 416)   coste      19       19
( 250, 733)   coste      24       24
( 252, 373)   coste      47       47
( 252, 416)   coste      42       42
( 252, 610)   coste      54       54
( 253, 411)   coste      37       37
( 253, 469)   coste      40       40
( 253, 533)   coste      50       50
( 253, 684)   coste      40       40
( 254, 411)   coste      26       26
( 255, 364)   coste      32       32
( 255, 519)   coste      10       10
( 257, 356)   coste      19       19
( 258, 364)   coste      26       26
( 260, 406)   coste      29       29
( 260, 512)   coste      47       47
( 262, 324)   coste       3        3
( 262, 737)   coste      44       44
( 263, 378)   coste      39       39
( 265, 383)   coste      47       47
( 266, 268)   coste      34       34
( 270, 686)   coste       3        3
( 271, 288)   coste      52       52
( 271, 290)   coste      45       45
( 272, 273)   coste      37       37
( 272, 678)   coste      33       33
( 273, 289)   coste      36       36
( 273, 461)   coste       8        8
( 274, 678)   coste      21       21
( 275, 415)   coste      42       42
( 276, 527)   coste      47       47
( 278, 279)   coste      29       29
( 281, 439)   coste      22       22
( 281, 700)   coste      45       45
( 284, 334)   coste      50       50
( 284, 337)   coste      11       11
( 284, 426)   coste      38       38
( 285, 287)   coste      21       21
( 285, 426)   coste      13       13
( 285, 427)   coste      45       45
( 289, 323)   coste      23       23
( 289, 461)   coste      32       32
( 291, 378)   coste      40       40
( 292, 324)   coste      42       42
( 292, 664)   coste      44       44
( 293, 315)   coste      36       36
( 295, 696)   coste      23       23
( 305, 306)   coste      17       17
( 307, 417)   coste      31       31
( 307, 418)   coste      26       26
( 309, 331)   coste      24       24
( 310, 313)   coste      50       50
( 310, 675)   coste      49       49
( 310, 690)   coste      52       52
( 310, 691)   coste      51       51
( 313, 458)   coste       9        9
( 314, 524)   coste      30       30
( 316, 524)   coste      35       35
( 317, 492)   coste      49       49
( 319, 391)   coste      74       74
( 320, 321)   coste      37       37
( 324, 737)   coste      46       46
( 325, 400)   coste      31       31
( 327, 400)   coste      17       17
( 328, 474)   coste      43       43
( 330, 613)   coste      49       49
( 333, 475)   coste      32       32
( 333, 723)   coste      36       36
( 336, 337)   coste      38       38
( 338, 724)   coste      61       61
( 342, 675)   coste      27       27
( 343, 345)   coste      30       30
( 343, 429)   coste      31       31
( 344, 395)   coste      33       33
( 345, 675)   coste      48       48
( 346, 699)   coste      43       43
( 348, 612)   coste      40       40
( 349, 612)   coste      16       16
( 350, 351)   coste      17       17
( 350, 518)   coste      40       40
( 351, 518)   coste      26       26
( 353, 522)   coste      58       58
( 353, 557)   coste      28       28
( 354, 580)   coste      43       43
( 357, 689)   coste      53       53
( 358, 542)   coste      21       21
( 360, 523)   coste       7        7
( 360, 632)   coste      17       17
( 362, 367)   coste      52       52
( 362, 466)   coste      52       52
( 363, 367)   coste      36       36
( 363, 520)   coste      53       53
( 365, 468)   coste      43       43
( 369, 617)   coste      25       25
( 369, 658)   coste      53       53
( 370, 372)   coste      36       36
( 370, 617)   coste      18       18
( 371, 608)   coste      54       54
( 373, 611)   coste      50       50
( 374, 376)   coste      55       55
( 375, 611)   coste      32       32
( 379, 381)   coste      31       31
( 381, 382)   coste      17       17
( 383, 703)   coste      45       45
( 384, 703)   coste      44       44
( 393, 494)   coste      40       40
( 398, 580)   coste      45       45
( 403, 553)   coste      48       48
( 406, 511)   coste      16       16
( 408, 446)   coste      41       41
( 408, 684)   coste      29       29
( 408, 685)   coste      20       20
( 409, 410)   coste      23       23
( 409, 430)   coste      28       28
( 410, 428)   coste      15       15
( 410, 430)   coste      22       22
( 416, 733)   coste       9        9
( 417, 418)   coste      10       10
( 417, 733)   coste      41       41
( 420, 423)   coste      60       60
( 420, 490)   coste      49       49
( 424, 646)   coste      63       63
( 425, 473)   coste       8        8
( 427, 625)   coste      29       29
( 427, 646)   coste      66       66
( 427, 664)   coste      44       44
( 428, 599)   coste      49       49
( 431, 599)   coste      27       27
( 432, 530)   coste      46       46
( 433, 631)   coste      40       40
( 433, 730)   coste      46       46
( 434, 435)   coste      17       17
( 434, 657)   coste      42       42
( 435, 738)   coste      45       45
( 439, 660)   coste      22       22
( 439, 707)   coste      44       44
( 440, 558)   coste      19       19
( 445, 622)   coste      39       39
( 447, 731)   coste       6        6
( 448, 731)   coste      14       14
( 450, 451)   coste      42       42
( 450, 452)   coste      15       15
( 450, 666)   coste      31       31
( 451, 452)   coste      30       30
( 453, 626)   coste      29       29
( 454, 521)   coste      29       29
( 456, 521)   coste      21       21
( 457, 521)   coste      46       46
( 459, 559)   coste      60       60
( 459, 561)   coste       7        7
( 460, 559)   coste      33       33
( 460, 561)   coste      65       65
( 463, 641)   coste      52       52
( 464, 739)   coste      27       27
( 466, 717)   coste      40       40
( 466, 742)   coste      43       43
( 466, 746)   coste      39       39
( 468, 746)   coste      54       54
( 470, 699)   coste      17       17
( 472, 505)   coste      12       12
( 476, 552)   coste      41       41
( 476, 559)   coste      49       49
( 478, 560)   coste      45       45
( 478, 740)   coste      29       29
( 479, 537)   coste      16       16
( 479, 648)   coste       6        6
( 481, 627)   coste      24       24
( 483, 648)   coste      28       28
( 484, 515)   coste      63       63
( 484, 530)   coste      60       60
( 484, 531)   coste      48       48
( 485, 681)   coste      10       10
( 487, 650)   coste      21       21
( 491, 501)   coste      33       33
( 493, 635)   coste      11       11
( 496, 532)   coste      59       59
( 497, 498)   coste      19       19
( 497, 499)   coste      13       13
( 498, 499)   coste      17       17
( 500, 550)   coste      34       34
( 500, 614)   coste      18       18
( 500, 615)   coste      50       50
( 502, 614)   coste      24       24
( 504, 723)   coste      25       25
( 507, 630)   coste      23       23
( 509, 510)   coste      39       39
( 509, 630)   coste      30       30
( 510, 630)   coste      21       21
( 513, 679)   coste      50       50
( 518, 729)   coste      42       42
( 523, 632)   coste      15       15
( 524, 712)   coste      49       49
( 525, 734)   coste      53       53
( 525, 735)   coste      53       53
( 527, 734)   coste      59       59
( 529, 670)   coste      69       69
( 532, 567)   coste      38       38
( 536, 722)   coste      48       48
( 538, 696)   coste      40       40
( 540, 623)   coste      19       19
( 542, 583)   coste      57       57
( 543, 585)   coste      36       36
( 543, 587)   coste      37       37
( 545, 624)   coste      16       16
( 547, 714)   coste      62       62
( 550, 614)   coste      17       17
( 550, 634)   coste      48       48
( 550, 649)   coste       9        9
( 555, 662)   coste      42       42
( 555, 741)   coste      45       45
( 560, 739)   coste      17       17
( 560, 740)   coste      47       47
( 563, 734)   coste      35       35
( 566, 568)   coste      56       56
( 569, 705)   coste      20       20
( 570, 709)   coste      35       35
( 571, 581)   coste      34       34
( 572, 628)   coste      39       39
( 572, 709)   coste      37       37
( 576, 736)   coste      25       25
( 577, 595)   coste      52       52
( 580, 710)   coste      42       42
( 581, 628)   coste      38       38
( 581, 743)   coste      30       30
( 584, 677)   coste      28       28
( 585, 677)   coste      14       14
( 591, 725)   coste      49       49
( 591, 737)   coste      44       44
( 592, 712)   coste      33       33
( 593, 694)   coste      43       43
( 594, 700)   coste      31       31
( 595, 700)   coste      50       50
( 595, 748)   coste      61       61
( 601, 727)   coste      36       36
( 603, 706)   coste      51       51
( 603, 715)   coste      26       26
( 604, 706)   coste      27       27
( 610, 743)   coste      27       27
( 614, 662)   coste      24       24
( 625, 664)   coste      21       21
( 626, 687)   coste       9        9
( 626, 688)   coste      16       16
( 627, 688)   coste      37       37
( 631, 730)   coste      36       36
( 638, 652)   coste      52       52
( 640, 652)   coste      38       38
( 642, 706)   coste      45       45
( 645, 698)   coste      23       23
( 647, 692)   coste      40       40
( 654, 655)   coste      17       17
( 659, 717)   coste      33       33
( 660, 707)   coste      36       36
( 666, 711)   coste      37       37
( 668, 745)   coste      14       14
( 683, 723)   coste      42       42
( 684, 685)   coste      11       11
( 692, 695)   coste       9        9
( 694, 736)   coste      58       58
( 694, 748)   coste      50       50
( 701, 702)   coste      41       41
( 702, 739)   coste       8        8
( 707, 742)   coste      45       45
( 716, 742)   coste      21       21
( 717, 722)   coste      55       55
( 718, 744)   coste      12       12
( 719, 744)   coste      11       11
( 725, 727)   coste      30       30
( 728, 729)   coste      44       44
