NOMBRE : UR752
COMENTARIO : 108  componentes 
VERTICES :  580
ARISTAS_REQ :  506
ARISTAS_NOREQ : 1229
LISTA_ARISTAS_REQ :
(   1,   2)   coste      38       38
(   1,   3)   coste      25       25
(   1,   4)   coste      39       39
(   5,   6)   coste      28       28
(   5,   7)   coste      41       41
(   8,   9)   coste      45       45
(   8,  10)   coste      50       50
(   8,  11)   coste      47       47
(  12,  13)   coste      35       35
(  12,  14)   coste      12       12
(  15,  16)   coste      17       17
(  15,  17)   coste      12       12
(  18,  19)   coste      20       20
(  18,  20)   coste      28       28
(  21,  22)   coste      35       35
(  23,  24)   coste      41       41
(  22,  25)   coste      44       44
(  26,  27)   coste      43       43
(  26,  28)   coste      48       48
(  29,  30)   coste      14       14
(  31,  32)   coste      29       29
(  33,  34)   coste      34       34
(  33,  35)   coste      39       39
(  36,  37)   coste      11       11
(  36,  38)   coste      46       46
(  36,  39)   coste      55       55
(  40,  41)   coste      35       35
(  42,  43)   coste      13       13
(  44,  45)   coste      47       47
(  46,  47)   coste      28       28
(  46,  48)   coste      27       27
(  46,  49)   coste      20       20
(  46,  50)   coste      44       44
(  51,  52)   coste      47       47
(  53,  54)   coste      52       52
(  55,  56)   coste      21       21
(  55,  57)   coste      59       59
(  55,  58)   coste      30       30
(  59,  60)   coste      22       22
(  61,  62)   coste      45       45
(  61,  63)   coste      10       10
(  61,  64)   coste      43       43
(  65,  66)   coste      24       24
(  65,  67)   coste      21       21
(  68,  69)   coste       9        9
(  68,  70)   coste      38       38
(  71,  72)   coste      57       57
(  71,  73)   coste      31       31
(  74,  75)   coste      17       17
(  74,  76)   coste      34       34
(  74,  77)   coste      33       33
(  78,  79)   coste      44       44
(  19,  80)   coste      12       12
(  73,  80)   coste      23       23
(  81,  82)   coste      63       63
(  81,  83)   coste      35       35
(  19,  84)   coste      45       45
(  37,  85)   coste      26       26
(  85,  86)   coste      57       57
(  87,  88)   coste      22       22
(  89,  90)   coste      48       48
(  89,  91)   coste      44       44
(  92,  93)   coste      18       18
(  92,  94)   coste      41       41
(  95,  96)   coste      31       31
(  97,  98)   coste      70       70
(  62,  99)   coste      42       42
(  99, 100)   coste      41       41
( 101, 102)   coste      13       13
( 101, 103)   coste      18       18
(  37,  39)   coste      52       52
( 104, 105)   coste      35       35
( 106, 107)   coste      38       38
( 106, 108)   coste      68       68
( 109, 110)   coste      63       63
( 109, 111)   coste      33       33
( 112, 113)   coste      19       19
( 112, 114)   coste      20       20
( 112, 115)   coste      42       42
(  69, 116)   coste      45       45
( 116, 117)   coste      31       31
( 118, 119)   coste      56       56
( 120, 121)   coste      25       25
( 120, 122)   coste      34       34
( 123, 124)   coste      21       21
( 125, 126)   coste      42       42
( 125, 127)   coste       4        4
( 128, 129)   coste       6        6
(  47, 128)   coste      37       37
( 130, 131)   coste      39       39
( 132, 133)   coste      44       44
(  14, 132)   coste      26       26
( 134, 135)   coste      36       36
( 134, 136)   coste      26       26
( 137, 138)   coste      17       17
( 139, 140)   coste      39       39
(  34, 141)   coste      44       44
( 141, 142)   coste      53       53
( 141, 143)   coste      43       43
( 144, 145)   coste      48       48
( 146, 147)   coste      42       42
( 146, 148)   coste       6        6
( 149, 150)   coste      36       36
( 151, 152)   coste      21       21
( 153, 154)   coste      28       28
( 155, 156)   coste      26       26
( 157, 158)   coste      28       28
( 159, 160)   coste      32       32
( 161, 162)   coste      43       43
( 163, 164)   coste      27       27
( 163, 165)   coste       7        7
( 166, 167)   coste      13       13
( 168, 169)   coste      10       10
( 168, 170)   coste      53       53
( 171, 172)   coste      47       47
( 171, 173)   coste      40       40
( 171, 174)   coste      39       39
( 175, 176)   coste      61       61
( 175, 177)   coste      62       62
( 178, 179)   coste      48       48
( 180, 181)   coste      62       62
( 182, 183)   coste      60       60
( 184, 185)   coste      51       51
( 186, 187)   coste      42       42
( 188, 189)   coste      45       45
( 190, 191)   coste      45       45
( 192, 193)   coste      62       62
( 192, 194)   coste      41       41
( 195, 196)   coste      38       38
( 195, 197)   coste      40       40
( 195, 198)   coste       8        8
( 199, 200)   coste      62       62
( 201, 202)   coste      76       76
( 200, 201)   coste      34       34
( 169, 203)   coste      66       66
( 204, 205)   coste      49       49
( 206, 207)   coste      61       61
( 206, 208)   coste      45       45
(  16, 209)   coste      34       34
( 210, 211)   coste      31       31
( 212, 213)   coste      11       11
( 212, 214)   coste      48       48
( 212, 215)   coste      47       47
( 212, 216)   coste      38       38
(  13, 217)   coste      38       38
( 218, 219)   coste      54       54
( 218, 220)   coste      49       49
( 111, 221)   coste      66       66
( 152, 221)   coste      20       20
( 102, 222)   coste      33       33
(  52, 223)   coste      14       14
( 224, 225)   coste      30       30
( 164, 226)   coste      10       10
( 226, 227)   coste      43       43
( 165, 226)   coste      30       30
( 228, 229)   coste      41       41
(  66, 230)   coste      21       21
( 231, 232)   coste      13       13
( 233, 234)   coste       6        6
( 235, 236)   coste      32       32
( 235, 237)   coste      38       38
( 238, 239)   coste      38       38
(  47, 238)   coste      18       18
( 238, 240)   coste      16       16
( 172, 173)   coste       9        9
( 239, 240)   coste      23       23
( 239, 241)   coste      21       21
( 242, 243)   coste      60       60
( 242, 244)   coste      25       25
( 245, 246)   coste      10       10
( 245, 247)   coste      20       20
( 248, 249)   coste      64       64
( 248, 250)   coste      13       13
( 165, 251)   coste      33       33
( 156, 252)   coste       8        8
( 253, 254)   coste      38       38
( 234, 255)   coste      30       30
( 256, 257)   coste      19       19
( 258, 259)   coste       8        8
( 258, 260)   coste      92       92
( 258, 261)   coste      34       34
( 262, 263)   coste      51       51
( 262, 264)   coste      34       34
( 265, 266)   coste      39       39
( 265, 267)   coste      49       49
( 268, 269)   coste      27       27
( 270, 271)   coste      38       38
( 244, 270)   coste      23       23
( 272, 273)   coste      35       35
( 274, 275)   coste      24       24
( 274, 276)   coste      17       17
(   9, 277)   coste      43       43
(  30, 278)   coste      30       30
( 279, 280)   coste      33       33
( 281, 282)   coste      40       40
( 283, 284)   coste      30       30
( 283, 285)   coste       8        8
(  47, 240)   coste      12       12
(  47,  48)   coste      37       37
( 286, 287)   coste      55       55
( 288, 289)   coste      26       26
( 288, 290)   coste      38       38
(  69,  70)   coste      46       46
( 291, 292)   coste      47       47
( 131, 291)   coste      50       50
( 293, 294)   coste      51       51
( 293, 295)   coste      39       39
( 296, 297)   coste      38       38
( 298, 299)   coste      23       23
( 298, 300)   coste      10       10
( 301, 302)   coste      10       10
( 303, 304)   coste      42       42
( 305, 306)   coste      24       24
( 307, 308)   coste      42       42
( 292, 309)   coste      10       10
( 124, 310)   coste      23       23
( 311, 312)   coste      25       25
(  67, 313)   coste      39       39
( 313, 314)   coste      21       21
( 315, 316)   coste      37       37
( 315, 317)   coste      67       67
( 156, 318)   coste      51       51
( 318, 319)   coste      36       36
( 320, 321)   coste      28       28
( 322, 323)   coste      26       26
( 324, 325)   coste      35       35
(  64, 324)   coste      29       29
( 203, 326)   coste      31       31
( 327, 328)   coste      53       53
( 327, 329)   coste      32       32
( 330, 331)   coste      34       34
( 295, 330)   coste       9        9
( 332, 333)   coste      55       55
( 332, 334)   coste      50       50
( 335, 336)   coste      21       21
( 147, 337)   coste      46       46
( 202, 338)   coste      45       45
( 339, 340)   coste       9        9
( 240, 341)   coste      36       36
( 342, 343)   coste      46       46
( 342, 344)   coste       5        5
( 342, 345)   coste      15       15
( 342, 346)   coste      36       36
( 347, 348)   coste      46       46
( 349, 350)   coste      17       17
( 275, 351)   coste      40       40
( 275, 352)   coste      46       46
(  11, 179)   coste      51       51
( 179, 353)   coste      64       64
( 249, 250)   coste      53       53
( 354, 355)   coste      28       28
( 354, 356)   coste      37       37
( 354, 357)   coste      31       31
( 290, 358)   coste      56       56
( 176, 359)   coste      25       25
(  75, 360)   coste      43       43
(  75, 167)   coste      39       39
( 361, 362)   coste      47       47
( 361, 363)   coste      42       42
( 361, 364)   coste      50       50
( 365, 366)   coste      49       49
( 367, 368)   coste      51       51
( 187, 369)   coste      50       50
( 187, 370)   coste      24       24
(  60, 371)   coste      50       50
( 372, 373)   coste      32       32
( 372, 374)   coste      15       15
( 375, 376)   coste      50       50
( 375, 377)   coste      39       39
( 196, 312)   coste      52       52
(  98, 378)   coste      45       45
( 348, 379)   coste      55       55
( 181, 348)   coste      61       61
(  90, 380)   coste      27       27
( 271, 381)   coste      40       40
( 381, 382)   coste      13       13
( 244, 381)   coste      32       32
( 257, 383)   coste      16       16
( 383, 384)   coste      47       47
( 385, 386)   coste      33       33
( 387, 388)   coste      14       14
( 387, 389)   coste      40       40
( 387, 390)   coste      25       25
( 331, 391)   coste      37       37
( 392, 393)   coste      82       82
( 392, 394)   coste      34       34
( 376, 395)   coste      52       52
( 396, 397)   coste      56       56
( 398, 399)   coste      29       29
(   7, 368)   coste      39       39
( 400, 401)   coste      82       82
( 400, 402)   coste      69       69
(  50, 341)   coste      39       39
( 287, 403)   coste      49       49
( 145, 403)   coste      85       85
( 344, 404)   coste      42       42
( 345, 404)   coste      37       37
( 162, 405)   coste      35       35
( 333, 406)   coste       7        7
( 328, 407)   coste      39       39
( 297, 386)   coste      25       25
( 193, 194)   coste      29       29
( 408, 409)   coste      42       42
( 410, 411)   coste      15       15
( 410, 412)   coste      23       23
( 410, 413)   coste      48       48
( 414, 415)   coste      49       49
(  60, 414)   coste      43       43
( 416, 417)   coste      32       32
( 416, 418)   coste      78       78
( 213, 419)   coste      50       50
( 177, 202)   coste      33       33
( 202, 420)   coste      45       45
(  20, 421)   coste      37       37
( 170, 277)   coste      58       58
( 111, 422)   coste      49       49
( 152, 422)   coste      50       50
( 422, 423)   coste      39       39
( 424, 425)   coste      24       24
( 424, 426)   coste      13       13
( 427, 428)   coste      32       32
( 427, 429)   coste       9        9
( 430, 431)   coste      52       52
( 432, 433)   coste      30       30
( 302, 434)   coste      51       51
( 435, 436)   coste      11       11
( 213, 216)   coste      40       40
( 266, 437)   coste      20       20
(  82,  83)   coste      32       32
( 325, 438)   coste      48       48
( 439, 440)   coste      27       27
( 441, 442)   coste      45       45
( 124, 443)   coste      50       50
( 121, 122)   coste      26       26
( 140, 444)   coste      35       35
(  58, 444)   coste      15       15
( 443, 445)   coste      40       40
( 352, 443)   coste      35       35
( 443, 446)   coste      21       21
( 447, 448)   coste      37       37
( 449, 450)   coste      16       16
( 451, 452)   coste      21       21
( 115, 133)   coste      49       49
( 207, 453)   coste      43       43
( 454, 455)   coste      33       33
( 456, 457)   coste      32       32
( 456, 458)   coste      43       43
(  10, 459)   coste      15       15
( 446, 459)   coste      38       38
( 285, 460)   coste      30       30
( 362, 461)   coste      27       27
( 362, 462)   coste      17       17
( 362, 463)   coste      23       23
( 464, 465)   coste      57       57
( 466, 467)   coste      48       48
( 461, 463)   coste      17       17
( 468, 469)   coste      42       42
(   7, 468)   coste      47       47
( 343, 470)   coste      35       35
( 373, 471)   coste      24       24
( 373, 391)   coste      27       27
( 472, 473)   coste      24       24
( 465, 474)   coste      43       43
( 448, 465)   coste      29       29
(  60, 415)   coste      45       45
( 323, 415)   coste      34       34
( 254, 415)   coste      36       36
( 433, 475)   coste      25       25
( 440, 476)   coste      25       25
( 156, 477)   coste      24       24
( 160, 379)   coste      48       48
( 276, 352)   coste      50       50
( 276, 478)   coste      37       37
(  17, 479)   coste      76       76
( 230, 480)   coste      11       11
( 177, 481)   coste      42       42
( 482, 483)   coste      35       35
(  94, 484)   coste       8        8
( 436, 485)   coste      26       26
( 486, 487)   coste      62       62
( 351, 488)   coste      13       13
( 351, 489)   coste      37       37
(  50,  54)   coste      37       37
( 490, 491)   coste      49       49
(  19,  20)   coste      19       19
(  19, 492)   coste      73       73
( 420, 493)   coste      33       33
( 494, 495)   coste      26       26
( 308, 494)   coste      49       49
( 445, 496)   coste      23       23
(  86, 497)   coste      57       57
( 285, 498)   coste      21       21
( 499, 500)   coste      32       32
( 236, 501)   coste      23       23
( 502, 503)   coste      18       18
( 321, 502)   coste      43       43
( 203, 504)   coste      14       14
( 504, 505)   coste      29       29
( 503, 506)   coste      33       33
( 418, 507)   coste      39       39
(  24, 127)   coste      42       42
( 412, 508)   coste      44       44
( 413, 508)   coste      32       32
(   4, 509)   coste      27       27
( 479, 510)   coste       4        4
( 309, 491)   coste      48       48
(   2, 510)   coste      65       65
( 370, 511)   coste      18       18
( 261, 511)   coste      10       10
( 426, 512)   coste       7        7
( 246, 513)   coste      54       54
(  94, 314)   coste      42       42
( 428, 514)   coste      15       15
( 355, 515)   coste       5        5
( 114, 115)   coste      52       52
( 114, 458)   coste      35       35
( 236, 516)   coste       9        9
( 236, 517)   coste      14       14
( 122, 364)   coste      46       46
( 122, 518)   coste      28       28
( 519, 520)   coste      35       35
( 519, 521)   coste      39       39
( 522, 523)   coste      73       73
(  27, 522)   coste      42       42
( 360, 524)   coste      39       39
( 360, 525)   coste      50       50
( 526, 527)   coste       7        7
( 524, 528)   coste      34       34
( 191, 467)   coste      12       12
( 229, 529)   coste      37       37
( 290, 299)   coste      48       48
(  90,  91)   coste      27       27
( 523, 530)   coste      34       34
(  28, 523)   coste      65       65
( 158, 278)   coste      33       33
( 247, 513)   coste      35       35
( 531, 532)   coste      12       12
( 533, 534)   coste       8        8
( 535, 536)   coste      17       17
(  64, 537)   coste      35       35
( 538, 539)   coste      33       33
( 237, 540)   coste      43       43
(   3,   4)   coste      25       25
( 150, 541)   coste      15       15
( 417, 418)   coste      50       50
( 208, 378)   coste      42       42
( 515, 542)   coste      12       12
( 378, 543)   coste      37       37
( 323, 544)   coste      31       31
( 545, 546)   coste      35       35
( 547, 548)   coste      30       30
( 280, 397)   coste      12       12
( 483, 549)   coste      56       56
( 420, 550)   coste      64       64
( 541, 550)   coste      13       13
( 505, 551)   coste      24       24
(  72, 552)   coste      55       55
( 346, 553)   coste      28       28
( 525, 530)   coste      57       57
( 395, 554)   coste      48       48
( 438, 555)   coste      24       24
( 254, 556)   coste      45       45
( 317, 516)   coste      43       43
( 237, 516)   coste      43       43
( 345, 346)   coste      28       28
( 148, 309)   coste      39       39
( 442, 487)   coste       7        7
( 220, 420)   coste      59       59
( 364, 557)   coste      43       43
( 234, 558)   coste      38       38
(  41, 314)   coste       4        4
( 356, 357)   coste      29       29
( 452, 559)   coste      26       26
( 216, 560)   coste      34       34
( 534, 561)   coste      24       24
( 160, 534)   coste      34       34
(  32, 534)   coste      36       36
( 562, 563)   coste      28       28
( 223, 562)   coste      28       28
( 564, 565)   coste      17       17
(  20,  73)   coste      31       31
( 321, 566)   coste      29       29
( 237, 517)   coste      40       40
( 264, 567)   coste      32       32
(   4, 559)   coste      32       32
( 390, 409)   coste      66       66
( 220, 568)   coste      45       45
(  11, 569)   coste      37       37
(  96, 340)   coste      30       30
(  96, 570)   coste      56       56
( 334, 571)   coste      39       39
( 483, 565)   coste      14       14
( 572, 573)   coste      36       36
( 115, 574)   coste      34       34
(  27, 431)   coste      54       54
(  27,  28)   coste      24       24
( 222, 518)   coste      19       19
( 561, 575)   coste      16       16
( 359, 576)   coste       8        8
( 302, 577)   coste      58       58
( 302, 578)   coste      21       21
( 108, 558)   coste      46       46
(  88, 211)   coste      41       41
(  32, 561)   coste      38       38
( 559, 579)   coste      36       36
( 458, 580)   coste      47       47
LISTA_ARISTAS_NOREQ :
(   1, 509)   coste      19       19
(   1, 579)   coste      28       28
(   2,   3)   coste      18       18
(   2,   4)   coste      41       41
(   2,  16)   coste      73       73
(   2, 451)   coste      37       37
(   2, 479)   coste      67       67
(   3, 451)   coste      30       30
(   3, 509)   coste      29       29
(   3, 579)   coste      28       28
(   4, 451)   coste      20       20
(   4, 452)   coste      25       25
(   4, 579)   coste      17       17
(   5, 185)   coste      42       42
(   5, 468)   coste      36       36
(   5, 469)   coste       7        7
(   6,  93)   coste      54       54
(   6, 185)   coste      24       24
(   6, 468)   coste      61       61
(   6, 469)   coste      22       22
(   7, 469)   coste      44       44
(   8, 277)   coste      15       15
(   8, 439)   coste      51       51
(   9, 170)   coste      48       48
(   9, 333)   coste      28       28
(   9, 406)   coste      22       22
(  10,  11)   coste      69       69
(  10, 179)   coste      73       73
(  10, 277)   coste      54       54
(  10, 443)   coste      49       49
(  10, 445)   coste      33       33
(  10, 446)   coste      30       30
(  11, 439)   coste      35       35
(  11, 459)   coste      68       68
(  12, 132)   coste      37       37
(  12, 161)   coste      74       74
(  12, 162)   coste      59       59
(  12, 224)   coste      94       94
(  12, 256)   coste     124      124
(  12, 405)   coste      73       73
(  12, 407)   coste      65       65
(  13,  14)   coste      29       29
(  13, 132)   coste      45       45
(  13, 161)   coste      62       62
(  13, 162)   coste      25       25
(  13, 416)   coste     192      192
(  14, 161)   coste      77       77
(  14, 217)   coste      43       43
(  14, 405)   coste      76       76
(  15, 174)   coste      44       44
(  15, 209)   coste      19       19
(  16,  17)   coste      23       23
(  16, 174)   coste      39       39
(  16, 479)   coste      76       76
(  16, 510)   coste      78       78
(  17, 118)   coste     215      215
(  17, 171)   coste      56       56
(  17, 209)   coste      25       25
(  18,  71)   coste      30       30
(  18,  73)   coste      21       21
(  18,  80)   coste      13       13
(  18,  84)   coste      32       32
(  18, 552)   coste      57       57
(  19, 421)   coste      44       44
(  19, 552)   coste      52       52
(  20,  80)   coste      16       16
(  20, 492)   coste      59       59
(  21,  65)   coste      19       19
(  21,  66)   coste       9        9
(  21, 230)   coste      14       14
(  21, 480)   coste      12       12
(  22,  65)   coste      33       33
(  22,  66)   coste      29       29
(  22, 144)   coste      93       93
(  22, 145)   coste      50       50
(  22, 230)   coste      35       35
(  22, 480)   coste      43       43
(  23, 238)   coste      49       49
(  23, 239)   coste      46       46
(  23, 346)   coste      32       32
(  23, 553)   coste      47       47
(  24, 344)   coste      79       79
(  24, 346)   coste      40       40
(  24, 376)   coste      94       94
(  24, 377)   coste      98       98
(  24, 553)   coste      22       22
(  25, 144)   coste      56       56
(  25, 145)   coste      35       35
(  25, 286)   coste      32       32
(  26,  97)   coste      76       76
(  26, 431)   coste      62       62
(  26, 522)   coste       5        5
(  26, 543)   coste      48       48
(  27, 105)   coste      26       26
(  27, 543)   coste      89       89
(  28, 105)   coste      17       17
(  28, 522)   coste      45       45
(  29, 251)   coste     133      133
(  29, 278)   coste      31       31
(  29, 432)   coste       8        8
(  29, 433)   coste      33       33
(  29, 572)   coste     150      150
(  29, 573)   coste     136      136
(  30,  45)   coste      64       64
(  30, 336)   coste      80       80
(  30, 432)   coste       8        8
(  30, 433)   coste      23       23
(  31, 533)   coste       8        8
(  31, 561)   coste      12       12
(  31, 575)   coste      20       20
(  32, 396)   coste      46       46
(  32, 533)   coste      31       31
(  32, 575)   coste      34       34
(  33, 143)   coste      29       29
(  33, 183)   coste      38       38
(  33, 204)   coste      51       51
(  33, 344)   coste     116      116
(  33, 377)   coste     108      108
(  33, 464)   coste      81       81
(  33, 465)   coste      85       85
(  33, 470)   coste     111      111
(  34,  35)   coste       8        8
(  34, 143)   coste      10       10
(  34, 204)   coste      47       47
(  35,  64)   coste     276      276
(  35, 100)   coste     202      202
(  35, 204)   coste      42       42
(  35, 216)   coste     154      154
(  35, 402)   coste      55       55
(  35, 537)   coste     262      262
(  35, 560)   coste     171      171
(  36,  85)   coste      29       29
(  36, 283)   coste      18       18
(  36, 498)   coste      38       38
(  37,  38)   coste      47       47
(  37, 410)   coste      61       61
(  37, 411)   coste      69       69
(  38,  39)   coste      18       18
(  38, 498)   coste      41       41
(  39, 413)   coste      23       23
(  40,  67)   coste      37       37
(  40, 313)   coste      18       18
(  40, 314)   coste      32       32
(  41,  94)   coste      40       40
(  41, 184)   coste      54       54
(  41, 313)   coste      24       24
(  41, 484)   coste      47       47
(  42, 425)   coste      24       24
(  42, 563)   coste      45       45
(  43, 223)   coste      28       28
(  43, 424)   coste      13       13
(  43, 425)   coste      19       19
(  43, 512)   coste      30       30
(  44, 226)   coste      47       47
(  44, 251)   coste      14       14
(  44, 573)   coste      42       42
(  45, 226)   coste      50       50
(  45, 227)   coste      31       31
(  45, 336)   coste      81       81
(  45, 432)   coste      65       65
(  45, 433)   coste      84       84
(  46, 240)   coste      37       37
(  46, 241)   coste      33       33
(  47,  49)   coste      45       45
(  47, 129)   coste      40       40
(  47, 239)   coste      31       31
(  47, 341)   coste      29       29
(  48,  49)   coste      23       23
(  48, 239)   coste      28       28
(  48, 241)   coste       8        8
(  49, 239)   coste      49       49
(  50,  53)   coste      72       72
(  50, 129)   coste      44       44
(  50, 499)   coste      64       64
(  50, 500)   coste      75       75
(  51,  58)   coste      41       41
(  51,  82)   coste      29       29
(  51, 444)   coste      48       48
(  52,  82)   coste      69       69
(  52, 426)   coste      28       28
(  52, 512)   coste      32       32
(  52, 562)   coste      33       33
(  53, 305)   coste      15       15
(  53, 306)   coste      22       22
(  53, 434)   coste      46       46
(  53, 500)   coste      19       19
(  54,  78)   coste     111      111
(  54, 499)   coste      75       75
(  55, 140)   coste      34       34
(  55, 444)   coste      29       29
(  56,  58)   coste      45       45
(  56, 140)   coste      17       17
(  56, 444)   coste      36       36
(  57, 288)   coste      58       58
(  57, 290)   coste      85       85
(  57, 509)   coste      48       48
(  57, 559)   coste      33       33
(  57, 579)   coste      44       44
(  58,  82)   coste      65       65
(  58, 140)   coste      49       49
(  59,  87)   coste      29       29
(  59,  88)   coste      47       47
(  59, 254)   coste      27       27
(  60,  87)   coste      37       37
(  60,  88)   coste      44       44
(  61, 537)   coste      30       30
(  61, 580)   coste      45       45
(  62,  63)   coste      40       40
(  62, 100)   coste      68       68
(  62, 537)   coste      20       20
(  63,  64)   coste      51       51
(  63, 537)   coste      30       30
(  64,  99)   coste      83       83
(  64, 100)   coste      82       82
(  64, 204)   coste     276      276
(  64, 216)   coste     132      132
(  64, 400)   coste     186      186
(  64, 402)   coste     224      224
(  65, 230)   coste       6        6
(  65, 439)   coste     114      114
(  65, 440)   coste      99       99
(  65, 569)   coste      91       91
(  66, 145)   coste      56       56
(  67, 230)   coste      18       18
(  67, 480)   coste      14       14
(  68, 116)   coste      39       39
(  68, 117)   coste      26       26
(  68, 367)   coste      47       47
(  69, 367)   coste      40       40
(  69, 368)   coste      42       42
(  70, 117)   coste      19       19
(  70, 468)   coste      37       37
(  71,  84)   coste      25       25
(  71, 187)   coste      26       26
(  72,  84)   coste      37       37
(  72, 149)   coste      68       68
(  73, 187)   coste      29       29
(  73, 261)   coste      35       35
(  73, 370)   coste      13       13
(  73, 511)   coste      27       27
(  74, 166)   coste      36       36
(  74, 167)   coste      25       25
(  75,  77)   coste      26       26
(  75, 166)   coste      48       48
(  75, 336)   coste      50       50
(  76, 166)   coste      43       43
(  76, 167)   coste      31       31
(  76, 191)   coste      55       55
(  76, 466)   coste      99       99
(  76, 503)   coste      94       94
(  76, 506)   coste      74       74
(  77, 191)   coste      39       39
(  77, 360)   coste      30       30
(  78, 118)   coste      99       99
(  78, 119)   coste     100      100
(  78, 472)   coste     130      130
(  78, 499)   coste      40       40
(  78, 500)   coste      59       59
(  78, 577)   coste     163      163
(  79, 249)   coste      74       74
(  79, 311)   coste      57       57
(  79, 312)   coste      47       47
(  80,  84)   coste      44       44
(  80, 370)   coste      35       35
(  80, 421)   coste      50       50
(  81, 293)   coste      51       51
(  81, 294)   coste      35       35
(  81, 295)   coste      38       38
(  81, 330)   coste      41       41
(  83, 138)   coste      80       80
(  83, 294)   coste      37       37
(  84, 552)   coste      48       48
(  85, 283)   coste      41       41
(  85, 410)   coste      71       71
(  85, 411)   coste      79       79
(  85, 413)   coste      89       89
(  85, 497)   coste      44       44
(  86, 424)   coste      93       93
(  86, 460)   coste     104      104
(  86, 512)   coste      80       80
(  87, 254)   coste      26       26
(  87, 415)   coste      13       13
(  87, 544)   coste      35       35
(  88, 323)   coste      39       39
(  88, 414)   coste      38       38
(  88, 415)   coste      13       13
(  89, 153)   coste      27       27
(  89, 154)   coste      40       40
(  89, 270)   coste      26       26
(  90, 134)   coste     136      136
(  90, 135)   coste     139      139
(  90, 153)   coste      74       74
(  90, 243)   coste      35       35
(  90, 246)   coste     128      128
(  90, 247)   coste     102      102
(  90, 270)   coste      73       73
(  90, 328)   coste     201      201
(  90, 407)   coste     223      223
(  91, 242)   coste      42       42
(  91, 243)   coste      25       25
(  91, 380)   coste      27       27
(  92, 332)   coste      64       64
(  92, 333)   coste     107      107
(  92, 406)   coste     105      105
(  92, 440)   coste     100      100
(  92, 476)   coste      87       87
(  92, 484)   coste      45       45
(  93,  94)   coste      32       32
(  93, 332)   coste      81       81
(  93, 334)   coste      59       59
(  93, 484)   coste      34       34
(  94, 184)   coste      26       26
(  95, 218)   coste      29       29
(  95, 339)   coste      16       16
(  95, 340)   coste       8        8
(  95, 461)   coste      73       73
(  95, 568)   coste      39       39
(  96, 237)   coste     124      124
(  96, 339)   coste      30       30
(  96, 361)   coste      75       75
(  96, 463)   coste      89       89
(  97, 130)   coste      74       74
(  97, 131)   coste      47       47
(  97, 291)   coste      91       91
(  97, 431)   coste      40       40
(  97, 543)   coste     113      113
(  98, 130)   coste      15       15
(  98, 131)   coste      46       46
(  98, 291)   coste      34       34
(  98, 543)   coste      45       45
(  99, 419)   coste      19       19
( 100, 204)   coste     202      202
( 100, 216)   coste      58       58
( 100, 400)   coste     112      112
( 100, 402)   coste     150      150
( 100, 419)   coste      36       36
( 100, 537)   coste      70       70
( 101, 122)   coste      30       30
( 101, 222)   coste      23       23
( 101, 249)   coste     129      129
( 101, 518)   coste      36       36
( 102, 103)   coste      30       30
( 102, 195)   coste      36       36
( 102, 196)   coste      53       53
( 102, 197)   coste      51       51
( 102, 501)   coste      37       37
( 102, 518)   coste      41       41
( 103, 121)   coste      45       45
( 103, 122)   coste      26       26
( 103, 222)   coste      27       27
( 103, 249)   coste     115      115
( 104, 157)   coste      33       33
( 104, 158)   coste      13       13
( 104, 430)   coste      48       48
( 104, 475)   coste      30       30
( 104, 530)   coste     111      111
( 105, 475)   coste      36       36
( 105, 530)   coste     100      100
( 106, 358)   coste      50       50
( 107, 108)   coste      42       42
( 107, 234)   coste      37       37
( 107, 255)   coste      14       14
( 107, 358)   coste      43       43
( 108, 233)   coste      15       15
( 108, 234)   coste      17       17
( 108, 255)   coste      40       40
( 109, 206)   coste      64       64
( 109, 208)   coste      59       59
( 109, 221)   coste      63       63
( 110, 206)   coste      21       21
( 110, 207)   coste      48       48
( 110, 208)   coste      64       64
( 110, 414)   coste      44       44
( 110, 453)   coste      26       26
( 111, 188)   coste      48       48
( 111, 423)   coste      64       64
( 112, 456)   coste      48       48
( 112, 457)   coste      68       68
( 112, 458)   coste      48       48
( 113, 114)   coste      35       35
( 113, 115)   coste      55       55
( 113, 458)   coste      51       51
( 114, 383)   coste      85       85
( 114, 456)   coste      29       29
( 114, 457)   coste      55       55
( 115, 383)   coste     125      125
( 115, 456)   coste      69       69
( 115, 457)   coste      76       76
( 116, 194)   coste      52       52
( 116, 490)   coste      42       42
( 116, 491)   coste      49       49
( 118, 305)   coste     105      105
( 118, 472)   coste      35       35
( 118, 473)   coste      50       50
( 118, 577)   coste      78       78
( 119, 305)   coste     106      106
( 119, 311)   coste      67       67
( 119, 472)   coste      51       51
( 119, 473)   coste      34       34
( 120, 222)   coste      43       43
( 120, 364)   coste      14       14
( 120, 518)   coste      47       47
( 121, 249)   coste     145      145
( 121, 364)   coste      38       38
( 122, 222)   coste      12       12
( 122, 249)   coste     139      139
( 122, 363)   coste      40       40
( 123, 310)   coste       7        7
( 123, 446)   coste      47       47
( 124, 277)   coste      52       52
( 124, 446)   coste      47       47
( 125, 154)   coste      50       50
( 125, 248)   coste      53       53
( 125, 249)   coste      60       60
( 125, 250)   coste      54       54
( 126, 127)   coste      41       41
( 126, 154)   coste      21       21
( 126, 381)   coste      37       37
( 126, 382)   coste      35       35
( 126, 553)   coste      51       51
( 127, 154)   coste      51       51
( 127, 248)   coste      52       52
( 127, 250)   coste      54       54
( 128, 238)   coste      27       27
( 128, 240)   coste      41       41
( 128, 248)   coste      53       53
( 128, 341)   coste      11       11
( 129, 341)   coste      12       12
( 130, 148)   coste     103      103
( 130, 291)   coste      21       21
( 130, 309)   coste      70       70
( 130, 453)   coste     105      105
( 131, 193)   coste      62       62
( 132, 217)   coste      31       31
( 133, 217)   coste      35       35
( 133, 269)   coste      48       48
( 133, 574)   coste      31       31
( 134, 243)   coste     105      105
( 134, 245)   coste      73       73
( 134, 246)   coste      64       64
( 134, 329)   coste      25       25
( 134, 380)   coste     110      110
( 135, 136)   coste      52       52
( 135, 243)   coste     108      108
( 135, 245)   coste      76       76
( 135, 246)   coste      67       67
( 135, 329)   coste      49       49
( 135, 364)   coste      53       53
( 135, 380)   coste     113      113
( 136, 327)   coste      30       30
( 136, 328)   coste      68       68
( 136, 329)   coste       5        5
( 136, 407)   coste      90       90
( 137, 155)   coste     208      208
( 137, 356)   coste      98       98
( 137, 428)   coste     206      206
( 137, 477)   coste     209      209
( 137, 498)   coste     165      165
( 138, 293)   coste      76       76
( 138, 294)   coste      49       49
( 139, 442)   coste      43       43
( 139, 486)   coste      56       56
( 139, 487)   coste      48       48
( 139, 562)   coste      46       46
( 139, 563)   coste      26       26
( 140, 486)   coste      57       57
( 141, 375)   coste      20       20
( 141, 402)   coste     100      100
( 142, 375)   coste      71       71
( 142, 402)   coste      76       76
( 142, 549)   coste      67       67
( 142, 554)   coste      70       70
( 143, 183)   coste      59       59
( 143, 464)   coste     101      101
( 143, 470)   coste     131      131
( 144, 286)   coste      64       64
( 144, 403)   coste      71       71
( 145, 286)   coste      64       64
( 146, 207)   coste      46       46
( 146, 292)   coste      46       46
( 146, 297)   coste      51       51
( 146, 309)   coste      42       42
( 147, 292)   coste      87       87
( 147, 297)   coste      38       38
( 147, 309)   coste      83       83
( 147, 367)   coste      29       29
( 148, 207)   coste      42       42
( 148, 292)   coste      45       45
( 149, 219)   coste      89       89
( 149, 369)   coste      46       46
( 150, 338)   coste      47       47
( 150, 369)   coste      72       72
( 150, 550)   coste      27       27
( 151, 211)   coste      34       34
( 151, 213)   coste     105      105
( 151, 221)   coste      36       36
( 151, 231)   coste      47       47
( 151, 232)   coste      50       50
( 151, 422)   coste      36       36
( 151, 423)   coste      21       21
( 152, 210)   coste      47       47
( 152, 211)   coste      17       17
( 152, 423)   coste      14       14
( 153, 242)   coste      29       29
( 153, 244)   coste      23       23
( 153, 270)   coste       2        2
( 153, 271)   coste      38       38
( 153, 380)   coste      96       96
( 154, 244)   coste      37       37
( 154, 381)   coste      38       38
( 154, 382)   coste      42       42
( 155, 252)   coste      31       31
( 155, 318)   coste      52       52
( 155, 357)   coste      93       93
( 155, 428)   coste     108      108
( 155, 477)   coste       4        4
( 155, 498)   coste     167      167
( 155, 542)   coste      96       96
( 156, 319)   coste      37       37
( 156, 351)   coste      86       86
( 157, 430)   coste      32       32
( 158, 430)   coste      52       52
( 158, 475)   coste      31       31
( 159, 365)   coste      39       39
( 159, 366)   coste      29       29
( 159, 548)   coste      43       43
( 160, 281)   coste      34       34
( 160, 365)   coste      45       45
( 160, 366)   coste       8        8
( 161, 224)   coste     160      160
( 161, 256)   coste     190      190
( 161, 405)   coste      15       15
( 161, 407)   coste      58       58
( 161, 532)   coste      47       47
( 162, 224)   coste     145      145
( 162, 256)   coste     175      175
( 162, 393)   coste      73       73
( 162, 416)   coste     182      182
( 162, 531)   coste      83       83
( 163, 226)   coste      28       28
( 163, 265)   coste      62       62
( 163, 267)   coste      21       21
( 163, 437)   coste      60       60
( 164, 165)   coste      31       31
( 164, 267)   coste      30       30
( 164, 506)   coste      25       25
( 165, 265)   coste      68       68
( 165, 437)   coste      66       66
( 165, 572)   coste      85       85
( 166, 227)   coste      20       20
( 166, 506)   coste      48       48
( 167, 227)   coste      32       32
( 167, 506)   coste      48       48
( 168, 332)   coste      78       78
( 168, 333)   coste      65       65
( 168, 406)   coste      71       71
( 169, 170)   coste      57       57
( 169, 332)   coste      87       87
( 169, 333)   coste      74       74
( 169, 406)   coste      80       80
( 170, 332)   coste      99       99
( 171, 209)   coste      33       33
( 171, 301)   coste      40       40
( 172, 441)   coste      39       39
( 172, 486)   coste      54       54
( 173, 174)   coste      27       27
( 173, 209)   coste      64       64
( 173, 486)   coste      58       58
( 174, 209)   coste      62       62
( 175, 220)   coste      60       60
( 175, 327)   coste      34       34
( 175, 328)   coste      79       79
( 175, 359)   coste      80       80
( 175, 462)   coste      57       57
( 175, 576)   coste      78       78
( 176, 177)   coste      59       59
( 176, 327)   coste      80       80
( 176, 328)   coste     104      104
( 176, 350)   coste      55       55
( 176, 576)   coste      18       18
( 177, 220)   coste      21       21
( 178, 287)   coste      46       46
( 178, 303)   coste      50       50
( 178, 353)   coste      25       25
( 179, 287)   coste      54       54
( 179, 303)   coste      74       74
( 179, 459)   coste      72       72
( 180, 410)   coste      35       35
( 180, 411)   coste      40       40
( 180, 412)   coste      20       20
( 180, 508)   coste      30       30
( 180, 521)   coste      46       46
( 181, 205)   coste      52       52
( 181, 347)   coste      63       63
( 181, 412)   coste      57       57
( 181, 448)   coste      83       83
( 181, 464)   coste     139      139
( 181, 465)   coste      83       83
( 181, 474)   coste      97       97
( 182, 343)   coste      55       55
( 182, 464)   coste      14       14
( 183, 343)   coste      46       46
( 183, 344)   coste      81       81
( 183, 375)   coste      87       87
( 183, 377)   coste      73       73
( 183, 464)   coste      52       52
( 183, 465)   coste     101      101
( 183, 470)   coste      76       76
( 184, 314)   coste      55       55
( 184, 484)   coste      23       23
( 185, 468)   coste      67       67
( 185, 469)   coste      39       39
( 185, 484)   coste      49       49
( 186, 219)   coste      48       48
( 186, 261)   coste      79       79
( 186, 369)   coste      34       34
( 186, 370)   coste      64       64
( 186, 511)   coste      79       79
( 187, 261)   coste      43       43
( 187, 511)   coste      40       40
( 188, 308)   coste      87       87
( 188, 494)   coste      46       46
( 188, 523)   coste      62       62
( 189, 360)   coste      90       90
( 189, 494)   coste      29       29
( 189, 495)   coste      29       29
( 189, 523)   coste      60       60
( 189, 524)   coste      53       53
( 189, 528)   coste      69       69
( 189, 538)   coste      77       77
( 190, 263)   coste      34       34
( 190, 264)   coste      31       31
( 190, 466)   coste      46       46
( 190, 467)   coste      36       36
( 190, 503)   coste     141      141
( 191, 503)   coste     111      111
( 192, 292)   coste      27       27
( 192, 309)   coste      36       36
( 192, 490)   coste      46       46
( 192, 491)   coste      17       17
( 193, 291)   coste      49       49
( 193, 490)   coste      38       38
( 194, 490)   coste      12       12
( 194, 491)   coste      48       48
( 195, 236)   coste      26       26
( 195, 501)   coste      37       37
( 196, 197)   coste       5        5
( 196, 198)   coste      42       42
( 197, 198)   coste      45       45
( 197, 249)   coste     102      102
( 198, 236)   coste      22       22
( 198, 501)   coste      38       38
( 199, 349)   coste      19       19
( 199, 350)   coste      35       35
( 199, 394)   coste      24       24
( 200, 202)   coste      60       60
( 200, 349)   coste      66       66
( 200, 481)   coste      36       36
( 201, 338)   coste      60       60
( 201, 481)   coste      60       60
( 201, 550)   coste      68       68
( 202, 220)   coste      45       45
( 202, 481)   coste      26       26
( 203, 505)   coste      27       27
( 203, 551)   coste      41       41
( 203, 571)   coste      29       29
( 204, 216)   coste     154      154
( 204, 400)   coste     125      125
( 204, 402)   coste      59       59
( 204, 537)   coste     262      262
( 204, 560)   coste     171      171
( 205, 347)   coste      58       58
( 205, 401)   coste      64       64
( 205, 448)   coste      95       95
( 205, 464)   coste     151      151
( 205, 465)   coste      95       95
( 205, 474)   coste     109      109
( 206, 378)   coste      42       42
( 206, 453)   coste      22       22
( 207, 414)   coste      38       38
( 208, 543)   coste      47       47
( 209, 301)   coste      46       46
( 210, 213)   coste      94       94
( 210, 231)   coste      48       48
( 210, 322)   coste      28       28
( 210, 323)   coste      15       15
( 210, 544)   coste      35       35
( 211, 221)   coste      30       30
( 211, 323)   coste      23       23
( 211, 423)   coste      30       30
( 212, 253)   coste      99       99
( 212, 322)   coste      90       90
( 212, 544)   coste      91       91
( 212, 560)   coste      30       30
( 213, 231)   coste      60       60
( 213, 232)   coste      70       70
( 213, 560)   coste      40       40
( 214, 215)   coste      21       21
( 214, 280)   coste      46       46
( 214, 397)   coste      57       57
( 214, 560)   coste      48       48
( 215, 280)   coste      65       65
( 215, 322)   coste      48       48
( 215, 397)   coste      75       75
( 215, 544)   coste      49       49
( 215, 556)   coste      44       44
( 216, 400)   coste      61       61
( 216, 402)   coste     102      102
( 216, 419)   coste      42       42
( 216, 537)   coste     118      118
( 218, 339)   coste      29       29
( 218, 340)   coste      27       27
( 218, 461)   coste      58       58
( 218, 493)   coste      37       37
( 218, 568)   coste      16       16
( 219, 369)   coste      55       55
( 219, 420)   coste      25       25
( 219, 493)   coste      19       19
( 220, 493)   coste      47       47
( 221, 423)   coste      16       16
( 223, 424)   coste      20       20
( 223, 425)   coste      24       24
( 223, 426)   coste      17       17
( 224, 256)   coste      43       43
( 224, 405)   coste     159      159
( 224, 407)   coste     124      124
( 224, 513)   coste      44       44
( 225, 256)   coste      47       47
( 225, 482)   coste      67       67
( 225, 483)   coste      71       71
( 225, 513)   coste      24       24
( 226, 251)   coste      39       39
( 226, 267)   coste      37       37
( 227, 506)   coste      67       67
( 228, 235)   coste      78       78
( 228, 237)   coste      50       50
( 228, 317)   coste      37       37
( 228, 516)   coste      73       73
( 228, 517)   coste      72       72
( 228, 540)   coste      28       28
( 229, 260)   coste     115      115
( 229, 540)   coste      17       17
( 232, 449)   coste     113      113
( 232, 450)   coste     100      100
( 232, 458)   coste     195      195
( 233, 558)   coste      34       34
( 234, 546)   coste      42       42
( 235, 363)   coste      40       40
( 235, 501)   coste      13       13
( 235, 517)   coste      19       19
( 236, 317)   coste      44       44
( 236, 540)   coste      85       85
( 237, 317)   coste      62       62
( 237, 463)   coste     148      148
( 237, 570)   coste      73       73
( 238, 341)   coste      25       25
( 240, 241)   coste      36       36
( 242, 270)   coste      28       28
( 242, 271)   coste      25       25
( 243, 246)   coste      97       97
( 243, 247)   coste      71       71
( 243, 328)   coste     170      170
( 243, 380)   coste      12       12
( 243, 407)   coste     192      192
( 244, 271)   coste      17       17
( 244, 395)   coste      82       82
( 244, 554)   coste      84       84
( 245, 513)   coste      46       46
( 246, 328)   coste     101      101
( 246, 380)   coste     102      102
( 246, 407)   coste     123      123
( 247, 380)   coste      76       76
( 247, 483)   coste     102      102
( 251, 573)   coste      35       35
( 252, 319)   coste      41       41
( 252, 351)   coste      87       87
( 252, 477)   coste      28       28
( 253, 279)   coste      61       61
( 253, 280)   coste      62       62
( 253, 544)   coste      51       51
( 253, 556)   coste      10       10
( 254, 544)   coste      34       34
( 255, 289)   coste      45       45
( 255, 358)   coste      46       46
( 255, 546)   coste      32       32
( 256, 383)   coste      29       29
( 256, 405)   coste     189      189
( 256, 407)   coste     154      154
( 256, 457)   coste      59       59
( 257, 384)   coste      48       48
( 257, 555)   coste      37       37
( 258, 511)   coste      43       43
( 259, 570)   coste      49       49
( 260, 316)   coste     213      213
( 260, 492)   coste      45       45
( 260, 529)   coste      97       97
( 261, 370)   coste      24       24
( 262, 526)   coste      41       41
( 262, 527)   coste      35       35
( 262, 567)   coste      20       20
( 263, 398)   coste      43       43
( 264, 273)   coste      75       75
( 264, 418)   coste      73       73
( 264, 466)   coste      42       42
( 265, 437)   coste      21       21
( 266, 502)   coste      17       17
( 266, 503)   coste      34       34
( 266, 566)   coste      81       81
( 267, 437)   coste      51       51
( 267, 503)   coste      49       49
( 267, 506)   coste      34       34
( 268, 416)   coste      64       64
( 268, 417)   coste      36       36
( 268, 418)   coste      53       53
( 268, 507)   coste      28       28
( 268, 526)   coste      52       52
( 269, 526)   coste      36       36
( 269, 527)   coste      41       41
( 269, 574)   coste      27       27
( 270, 380)   coste      95       95
( 271, 395)   coste      69       69
( 271, 554)   coste      71       71
( 272, 535)   coste      33       33
( 272, 536)   coste      20       20
( 273, 418)   coste      44       44
( 273, 466)   coste      82       82
( 273, 567)   coste      80       80
( 274, 318)   coste      81       81
( 274, 319)   coste      72       72
( 274, 351)   coste      18       18
( 274, 478)   coste      39       39
( 274, 488)   coste      26       26
( 274, 489)   coste      34       34
( 275, 276)   coste       8        8
( 275, 318)   coste      93       93
( 275, 319)   coste      87       87
( 275, 408)   coste      45       45
( 275, 478)   coste      43       43
( 276, 318)   coste      92       92
( 276, 319)   coste      83       83
( 276, 351)   coste      34       34
( 276, 489)   coste      44       44
( 277, 446)   coste      56       56
( 278, 432)   coste      34       34
( 278, 433)   coste      20       20
( 278, 572)   coste     175      175
( 278, 573)   coste     161      161
( 279, 396)   coste      28       28
( 279, 397)   coste      32       32
( 279, 556)   coste      56       56
( 280, 556)   coste      57       57
( 281, 366)   coste      34       34
( 281, 379)   coste      30       30
( 281, 561)   coste      27       27
( 281, 575)   coste      37       37
( 282, 348)   coste      61       61
( 282, 379)   coste      15       15
( 282, 389)   coste     103      103
( 282, 519)   coste      47       47
( 282, 520)   coste      39       39
( 282, 547)   coste      65       65
( 282, 548)   coste      39       39
( 283, 460)   coste      37       37
( 283, 498)   coste      25       25
( 284, 285)   coste      23       23
( 284, 460)   coste      10       10
( 284, 498)   coste      33       33
( 286, 403)   coste      25       25
( 288, 546)   coste      43       43
( 288, 559)   coste      40       40
( 289, 290)   coste      49       49
( 289, 545)   coste      39       39
( 289, 546)   coste      18       18
( 290, 300)   coste      52       52
( 290, 451)   coste     118      118
( 290, 452)   coste      99       99
( 290, 471)   coste      63       63
( 291, 453)   coste      95       95
( 292, 453)   coste      78       78
( 292, 491)   coste      40       40
( 293, 331)   coste      50       50
( 293, 354)   coste     167      167
( 295, 331)   coste      34       34
( 295, 354)   coste     205      205
( 295, 485)   coste      46       46
( 296, 337)   coste      46       46
( 296, 385)   coste      21       21
( 296, 386)   coste      14       14
( 297, 371)   coste      11       11
( 298, 373)   coste      70       70
( 298, 391)   coste      63       63
( 298, 435)   coste      11       11
( 298, 436)   coste       9        9
( 298, 485)   coste      29       29
( 299, 300)   coste      17       17
( 299, 373)   coste      57       57
( 299, 391)   coste      50       50
( 299, 436)   coste      28       28
( 299, 485)   coste      23       23
( 300, 373)   coste      69       69
( 300, 391)   coste      62       62
( 300, 435)   coste      19       19
( 300, 485)   coste      32       32
( 301, 306)   coste      70       70
( 301, 434)   coste      57       57
( 302, 306)   coste      74       74
( 303, 353)   coste      33       33
( 304, 445)   coste      33       33
( 304, 459)   coste      48       48
( 304, 478)   coste      52       52
( 304, 496)   coste      13       13
( 305, 434)   coste      42       42
( 305, 472)   coste     136      136
( 305, 500)   coste      20       20
( 306, 434)   coste      26       26
( 306, 500)   coste      40       40
( 306, 578)   coste      90       90
( 307, 399)   coste      17       17
( 307, 454)   coste      38       38
( 307, 455)   coste       9        9
( 307, 539)   coste      15       15
( 308, 449)   coste      37       37
( 308, 454)   coste      48       48
( 308, 455)   coste      34       34
( 308, 495)   coste      72       72
( 309, 453)   coste      71       71
( 310, 352)   coste      57       57
( 310, 443)   coste      35       35
( 310, 446)   coste      41       41
( 311, 315)   coste      12       12
( 311, 316)   coste      48       48
( 312, 315)   coste      30       30
( 312, 316)   coste      64       64
( 316, 317)   coste      43       43
( 316, 529)   coste     121      121
( 318, 351)   coste      71       71
( 318, 408)   coste      85       85
( 318, 409)   coste      98       98
( 319, 351)   coste      61       61
( 319, 408)   coste     105      105
( 319, 409)   coste     118      118
( 320, 535)   coste      14       14
( 320, 536)   coste      30       30
( 320, 566)   coste      22       22
( 321, 535)   coste      41       41
( 322, 415)   coste      37       37
( 322, 544)   coste       8        8
( 324, 438)   coste      30       30
( 324, 555)   coste      39       39
( 324, 580)   coste      44       44
( 325, 384)   coste      48       48
( 325, 555)   coste      35       35
( 325, 580)   coste      11       11
( 326, 334)   coste      61       61
( 326, 337)   coste      68       68
( 326, 368)   coste      68       68
( 326, 504)   coste      36       36
( 326, 505)   coste       8        8
( 326, 551)   coste      31       31
( 326, 571)   coste      27       27
( 327, 359)   coste      93       93
( 327, 407)   coste      89       89
( 327, 557)   coste      49       49
( 327, 576)   coste      91       91
( 328, 359)   coste     117      117
( 328, 380)   coste     175      175
( 328, 576)   coste     115      115
( 329, 557)   coste      34       34
( 330, 436)   coste      47       47
( 330, 485)   coste      38       38
( 331, 354)   coste     202      202
( 331, 485)   coste      50       50
( 332, 476)   coste      94       94
( 333, 476)   coste      42       42
( 334, 337)   coste     119      119
( 334, 368)   coste     119      119
( 335, 360)   coste      51       51
( 335, 524)   coste      65       65
( 335, 525)   coste       7        7
( 335, 528)   coste      35       35
( 335, 530)   coste      61       61
( 336, 432)   coste      82       82
( 336, 433)   coste     101      101
( 336, 525)   coste      27       27
( 337, 368)   coste      40       40
( 337, 386)   coste      47       47
( 337, 505)   coste      74       74
( 337, 551)   coste      93       93
( 337, 571)   coste      90       90
( 338, 420)   coste      46       46
( 338, 481)   coste      55       55
( 338, 541)   coste      38       38
( 338, 550)   coste      30       30
( 339, 461)   coste      66       66
( 339, 568)   coste      32       32
( 340, 461)   coste      68       68
( 340, 568)   coste      34       34
( 342, 376)   coste      51       51
( 342, 404)   coste      41       41
( 342, 470)   coste      13       13
( 342, 553)   coste      57       57
( 343, 404)   coste       6        6
( 344, 376)   coste      49       49
( 344, 377)   coste      33       33
( 344, 470)   coste      12       12
( 344, 553)   coste      60       60
( 345, 470)   coste      22       22
( 346, 376)   coste      66       66
( 346, 377)   coste      70       70
( 347, 379)   coste      93       93
( 347, 401)   coste      14       14
( 348, 401)   coste      56       56
( 349, 392)   coste      69       69
( 349, 394)   coste      38       38
( 349, 531)   coste      46       46
( 350, 359)   coste      44       44
( 350, 393)   coste      65       65
( 350, 531)   coste      58       58
( 350, 532)   coste      57       57
( 350, 576)   coste      43       43
( 351, 409)   coste     122      122
( 352, 408)   coste      46       46
( 352, 409)   coste      85       85
( 354, 515)   coste      25       25
( 354, 542)   coste      28       28
( 355, 356)   coste      14       14
( 355, 542)   coste       8        8
( 356, 428)   coste     163      163
( 356, 498)   coste     122      122
( 356, 515)   coste      13       13
( 357, 428)   coste     140      140
( 357, 477)   coste      91       91
( 357, 542)   coste       8        8
( 359, 393)   coste      75       75
( 359, 531)   coste      68       68
( 359, 532)   coste      67       67
( 360, 528)   coste      44       44
( 361, 463)   coste      31       31
( 361, 570)   coste     103      103
( 362, 557)   coste      31       31
( 363, 518)   coste      13       13
( 365, 534)   coste      51       51
( 366, 379)   coste      43       43
( 366, 534)   coste      41       41
( 367, 491)   coste      42       42
( 368, 505)   coste      74       74
( 368, 551)   coste      93       93
( 368, 571)   coste      90       90
( 371, 385)   coste      54       54
( 371, 386)   coste      23       23
( 372, 391)   coste      46       46
( 373, 374)   coste      23       23
( 373, 436)   coste      70       70
( 373, 485)   coste      53       53
( 374, 391)   coste      45       45
( 374, 471)   coste      13       13
( 375, 395)   coste      55       55
( 375, 402)   coste     116      116
( 375, 470)   coste      81       81
( 375, 549)   coste     137      137
( 376, 377)   coste      27       27
( 376, 382)   coste      43       43
( 376, 553)   coste      75       75
( 377, 465)   coste     170      170
( 377, 553)   coste      79       79
( 378, 453)   coste      47       47
( 380, 407)   coste     197      197
( 381, 554)   coste      87       87
( 382, 395)   coste      55       55
( 383, 456)   coste      58       58
( 383, 457)   coste      75       75
( 383, 458)   coste      86       86
( 383, 555)   coste      30       30
( 384, 438)   coste       4        4
( 384, 555)   coste      21       21
( 385, 551)   coste      42       42
( 387, 427)   coste      40       40
( 387, 429)   coste      32       32
( 388, 390)   coste      24       24
( 388, 427)   coste      32       32
( 388, 428)   coste      36       36
( 388, 429)   coste      24       24
( 388, 514)   coste      22       22
( 389, 508)   coste      46       46
( 389, 520)   coste      73       73
( 389, 521)   coste      32       32
( 389, 547)   coste      53       53
( 390, 428)   coste      51       51
( 390, 429)   coste      47       47
( 390, 514)   coste      41       41
( 391, 485)   coste      35       35
( 392, 531)   coste      75       75
( 393, 405)   coste      40       40
( 393, 416)   coste     215      215
( 393, 531)   coste      11       11
( 393, 532)   coste       9        9
( 393, 576)   coste      78       78
( 394, 531)   coste      62       62
( 396, 575)   coste      60       60
( 398, 538)   coste      22       22
( 398, 539)   coste      29       29
( 399, 538)   coste      35       35
( 399, 539)   coste       4        4
( 400, 537)   coste     172      172
( 400, 560)   coste      52       52
( 402, 537)   coste     210      210
( 402, 554)   coste     145      145
( 402, 560)   coste     119      119
( 404, 470)   coste      31       31
( 405, 416)   coste     211      211
( 405, 532)   coste      37       37
( 406, 476)   coste      38       38
( 408, 443)   coste      79       79
( 409, 443)   coste     118      118
( 409, 547)   coste      55       55
( 410, 508)   coste      45       45
( 411, 412)   coste      22       22
( 411, 474)   coste      39       39
( 415, 544)   coste      34       34
( 416, 531)   coste     225      225
( 416, 532)   coste     223      223
( 417, 507)   coste      13       13
( 418, 466)   coste      80       80
( 418, 567)   coste      78       78
( 420, 541)   coste      64       64
( 421, 492)   coste      34       34
( 422, 449)   coste      71       71
( 422, 450)   coste      72       72
( 422, 454)   coste     138      138
( 424, 447)   coste     134      134
( 424, 460)   coste     188      188
( 424, 497)   coste     136      136
( 424, 512)   coste      18       18
( 425, 562)   coste      17       17
( 425, 563)   coste      33       33
( 427, 514)   coste      22       22
( 428, 429)   coste      31       31
( 428, 477)   coste     109      109
( 428, 498)   coste     165      165
( 428, 542)   coste     143      143
( 429, 514)   coste      18       18
( 431, 543)   coste      99       99
( 433, 530)   coste      88       88
( 437, 502)   coste      35       35
( 437, 503)   coste      46       46
( 437, 566)   coste      94       94
( 439, 476)   coste      35       35
( 439, 569)   coste      27       27
( 440, 569)   coste      32       32
( 441, 486)   coste      42       42
( 441, 487)   coste      39       39
( 442, 486)   coste      64       64
( 442, 563)   coste      47       47
( 445, 446)   coste      37       37
( 445, 459)   coste      24       24
( 447, 465)   coste      52       52
( 447, 474)   coste      30       30
( 447, 497)   coste      16       16
( 447, 512)   coste     121      121
( 448, 474)   coste      15       15
( 448, 497)   coste      49       49
( 449, 454)   coste      72       72
( 449, 458)   coste     121      121
( 450, 454)   coste      67       67
( 450, 458)   coste     113      113
( 451, 509)   coste      46       46
( 451, 545)   coste      34       34
( 451, 558)   coste      56       56
( 451, 559)   coste      46       46
( 452, 545)   coste      15       15
( 454, 458)   coste      89       89
( 459, 496)   coste      43       43
( 460, 512)   coste     175      175
( 461, 462)   coste      14       14
( 461, 568)   coste      45       45
( 462, 463)   coste      22       22
( 462, 557)   coste      46       46
( 462, 568)   coste      51       51
( 463, 570)   coste     114      114
( 466, 503)   coste     117      117
( 467, 503)   coste     108      108
( 474, 497)   coste      38       38
( 475, 530)   coste      82       82
( 477, 498)   coste     168      168
( 477, 542)   coste      94       94
( 478, 489)   coste      30       30
( 478, 496)   coste      49       49
( 482, 513)   coste      52       52
( 482, 564)   coste      33       33
( 482, 565)   coste      23       23
( 483, 513)   coste      69       69
( 483, 564)   coste      25       25
( 488, 489)   coste      29       29
( 493, 568)   coste      48       48
( 495, 524)   coste      31       31
( 495, 528)   coste      50       50
( 497, 512)   coste     123      123
( 501, 516)   coste      22       22
( 501, 517)   coste      15       15
( 504, 551)   coste      34       34
( 505, 571)   coste      31       31
( 508, 521)   coste      27       27
( 509, 579)   coste      11       11
( 510, 558)   coste      73       73
( 516, 517)   coste       8        8
( 516, 540)   coste      77       77
( 517, 540)   coste      76       76
( 519, 547)   coste      43       43
( 520, 521)   coste      71       71
( 520, 547)   coste      28       28
( 520, 548)   coste       4        4
( 521, 547)   coste      64       64
( 524, 525)   coste      60       60
( 524, 538)   coste      27       27
( 525, 528)   coste      29       29
( 526, 574)   coste      42       42
( 527, 567)   coste      30       30
( 528, 530)   coste      61       61
( 531, 576)   coste      71       71
( 532, 576)   coste      70       70
( 533, 561)   coste      18       18
( 535, 566)   coste      33       33
( 545, 558)   coste      51       51
( 545, 559)   coste      31       31
( 549, 554)   coste      52       52
( 549, 564)   coste      61       61
( 554, 564)   coste      31       31
( 555, 580)   coste      45       45
( 577, 578)   coste      39       39
