NOMBRE : UR765
COMENTARIO :   2  componentes 
VERTICES :  741
ARISTAS_REQ : 1179
ARISTAS_NOREQ : 1099
LISTA_ARISTAS_REQ :
(   1,   2)   coste      28       28
(   1,   3)   coste      17       17
(   1,   4)   coste      41       41
(   5,   6)   coste      27       27
(   7,   8)   coste      70       70
(   7,   9)   coste      59       59
(   7,  10)   coste      48       48
(  11,  12)   coste      51       51
(  11,  13)   coste      21       21
(  11,  14)   coste      56       56
(  11,  15)   coste      25       25
(  11,  16)   coste      46       46
(  17,  18)   coste      59       59
(  17,  19)   coste      24       24
(  17,  20)   coste      20       20
(  17,  21)   coste      59       59
(  22,  23)   coste      28       28
(  22,  24)   coste      21       21
(  25,  26)   coste      27       27
(  25,  27)   coste      24       24
(  28,  29)   coste      31       31
(  28,  30)   coste      37       37
(  28,  31)   coste      22       22
(  32,  33)   coste      29       29
(  32,  34)   coste      27       27
(  35,  36)   coste      65       65
(  35,  37)   coste      69       69
(  35,  38)   coste      57       57
(  39,  40)   coste      44       44
(  39,  41)   coste      25       25
(  42,  43)   coste      33       33
(  42,  44)   coste      56       56
(  42,  45)   coste      65       65
(  46,  47)   coste      57       57
(  46,  48)   coste      31       31
(  46,  49)   coste      29       29
(  46,  50)   coste      28       28
(  46,  51)   coste      30       30
(  52,  53)   coste      20       20
(  54,  55)   coste      48       48
(  54,  56)   coste      38       38
(  54,  57)   coste      34       34
(  54,  58)   coste      55       55
(  54,  59)   coste      45       45
(  60,  61)   coste      31       31
(  60,  62)   coste      59       59
(  63,  64)   coste      61       61
(  63,  65)   coste      70       70
(  63,  66)   coste     100      100
(  63,  67)   coste      75       75
(  63,  68)   coste      10       10
(  69,  70)   coste      50       50
(  69,  71)   coste      44       44
(  69,  72)   coste      50       50
(  73,  74)   coste      63       63
(  73,  75)   coste      56       56
(  73,  76)   coste      33       33
(  73,  77)   coste      34       34
(  78,  79)   coste      44       44
(  78,  80)   coste      57       57
(  78,  81)   coste      34       34
(  78,  82)   coste      18       18
(  78,  83)   coste      53       53
(  78,  84)   coste      57       57
(  85,  86)   coste      11       11
(  85,  87)   coste      41       41
(  85,  88)   coste      22       22
(  85,  89)   coste      34       34
(  85,  90)   coste      43       43
(  91,  92)   coste      62       62
(  91,  93)   coste      13       13
(  91,  94)   coste      21       21
(  95,  96)   coste      19       19
(  95,  97)   coste      54       54
(  98,  99)   coste      22       22
(  93,  98)   coste      43       43
(  98, 100)   coste      35       35
( 101, 102)   coste      30       30
(  48, 101)   coste      40       40
( 101, 103)   coste      16       16
( 104, 105)   coste      24       24
( 104, 106)   coste      57       57
( 104, 107)   coste      40       40
( 104, 108)   coste      44       44
(  97, 109)   coste       6        6
( 109, 110)   coste      31       31
( 111, 112)   coste      38       38
( 111, 113)   coste      32       32
( 111, 114)   coste      27       27
( 111, 115)   coste      45       45
( 111, 116)   coste      20       20
( 117, 118)   coste      49       49
( 117, 119)   coste      51       51
( 120, 121)   coste      36       36
( 120, 122)   coste      29       29
(   8, 123)   coste      41       41
( 123, 124)   coste      23       23
( 123, 125)   coste      47       47
( 123, 126)   coste      21       21
( 127, 128)   coste      46       46
( 127, 129)   coste      39       39
( 127, 130)   coste      59       59
( 127, 131)   coste      51       51
( 127, 132)   coste      36       36
( 133, 134)   coste      33       33
( 133, 135)   coste      25       25
( 133, 136)   coste      36       36
( 133, 137)   coste      42       42
( 133, 138)   coste      35       35
( 133, 139)   coste      49       49
( 140, 141)   coste      24       24
( 140, 142)   coste      10       10
( 140, 143)   coste      18       18
( 140, 144)   coste      33       33
( 140, 145)   coste      28       28
( 140, 146)   coste      35       35
( 147, 148)   coste      38       38
( 147, 149)   coste      12       12
( 147, 150)   coste      42       42
( 151, 152)   coste      31       31
( 151, 153)   coste       5        5
( 134, 154)   coste      11       11
( 155, 156)   coste       4        4
( 155, 157)   coste      28       28
( 155, 158)   coste      20       20
( 159, 160)   coste      33       33
( 159, 161)   coste       6        6
( 159, 162)   coste      32       32
( 159, 163)   coste      22       22
( 164, 165)   coste      35       35
( 164, 166)   coste      23       23
( 164, 167)   coste      26       26
( 168, 169)   coste      20       20
( 168, 170)   coste      19       19
( 168, 171)   coste       7        7
( 168, 172)   coste      30       30
( 168, 173)   coste      15       15
( 168, 174)   coste      15       15
(  86, 175)   coste      47       47
(  86,  87)   coste      33       33
(  86, 176)   coste      31       31
( 177, 178)   coste      12       12
( 179, 180)   coste      56       56
( 179, 181)   coste      32       32
( 179, 182)   coste      28       28
( 179, 183)   coste      43       43
( 179, 184)   coste      20       20
( 185, 186)   coste      21       21
( 185, 187)   coste      22       22
( 185, 188)   coste      41       41
(  34, 185)   coste      44       44
( 189, 190)   coste      58       58
( 189, 191)   coste      48       48
( 189, 192)   coste      16       16
( 189, 193)   coste      74       74
( 189, 194)   coste      57       57
(  64,  65)   coste      25       25
(  64, 195)   coste      56       56
(  64, 196)   coste      35       35
(  64, 197)   coste      23       23
( 198, 199)   coste      27       27
( 198, 200)   coste      33       33
( 198, 201)   coste      12       12
( 202, 203)   coste      39       39
( 202, 204)   coste      49       49
( 205, 206)   coste      52       52
( 205, 207)   coste      26       26
( 205, 208)   coste      36       36
( 174, 205)   coste      39       39
( 209, 210)   coste      16       16
( 209, 211)   coste      34       34
( 209, 212)   coste      24       24
( 213, 214)   coste      44       44
( 215, 216)   coste      54       54
( 215, 217)   coste      21       21
( 215, 218)   coste      59       59
( 215, 219)   coste      17       17
( 220, 221)   coste      42       42
( 220, 222)   coste      39       39
( 223, 224)   coste      35       35
(  16, 223)   coste      35       35
( 225, 226)   coste      31       31
( 225, 227)   coste       4        4
( 225, 228)   coste      30       30
( 169, 171)   coste      21       21
( 229, 230)   coste       9        9
( 229, 231)   coste      59       59
( 229, 232)   coste      46       46
( 229, 233)   coste      59       59
( 229, 234)   coste      49       49
( 235, 236)   coste      31       31
( 181, 235)   coste      18       18
( 184, 235)   coste      22       22
( 237, 238)   coste      20       20
( 167, 237)   coste      27       27
( 239, 240)   coste      49       49
( 239, 241)   coste      42       42
( 239, 242)   coste      24       24
( 239, 243)   coste      43       43
( 158, 239)   coste      35       35
(  96, 244)   coste      43       43
(  96, 245)   coste      60       60
(  96, 246)   coste      61       61
( 247, 248)   coste      49       49
( 247, 249)   coste      61       61
( 247, 250)   coste      64       64
( 251, 252)   coste      30       30
( 251, 253)   coste      57       57
( 251, 254)   coste      51       51
( 255, 256)   coste      42       42
( 236, 257)   coste      16       16
( 258, 259)   coste      50       50
( 258, 260)   coste      68       68
(  83, 258)   coste      23       23
( 206, 261)   coste      66       66
( 261, 262)   coste      57       57
(   8, 263)   coste      40       40
(   8,  10)   coste      43       43
(   8, 264)   coste      20       20
(   8, 126)   coste      39       39
(  65, 265)   coste      27       27
(  67, 265)   coste      97       97
( 196, 265)   coste      40       40
( 265, 266)   coste      28       28
( 267, 268)   coste      46       46
( 267, 269)   coste      24       24
( 270, 271)   coste      11       11
(  45, 270)   coste      62       62
( 230, 272)   coste      42       42
( 230, 233)   coste      60       60
( 273, 274)   coste      16       16
( 273, 275)   coste      27       27
( 273, 276)   coste      31       31
( 221, 277)   coste      76       76
( 277, 278)   coste       4        4
( 279, 280)   coste       5        5
( 279, 281)   coste      67       67
( 170, 282)   coste      42       42
( 170, 171)   coste      17       17
( 170, 172)   coste      17       17
( 170, 283)   coste      13       13
( 284, 285)   coste      33       33
(  77, 284)   coste      40       40
( 286, 287)   coste      13       13
( 286, 288)   coste      57       57
(  21, 286)   coste      31       31
(  55,  56)   coste      19       19
(  55, 289)   coste      76       76
( 290, 291)   coste      18       18
( 290, 292)   coste      48       48
( 290, 293)   coste      48       48
( 252, 290)   coste      32       32
( 183, 290)   coste      27       27
( 294, 295)   coste      40       40
(  51, 294)   coste      32       32
( 296, 297)   coste      58       58
(  70, 296)   coste      45       45
( 296, 298)   coste      27       27
(  61, 296)   coste      62       62
( 296, 299)   coste      38       38
( 296, 300)   coste      14       14
(   9, 301)   coste      44       44
(   9, 295)   coste      31       31
(   9, 302)   coste      22       22
(   9,  49)   coste      40       40
(   9,  50)   coste      38       38
(   9, 303)   coste      36       36
( 304, 305)   coste      47       47
( 304, 306)   coste      16       16
( 307, 308)   coste      47       47
( 307, 309)   coste      32       32
( 307, 310)   coste      24       24
( 307, 311)   coste      37       37
( 312, 313)   coste      43       43
( 314, 315)   coste      13       13
( 314, 316)   coste      18       18
( 314, 317)   coste      65       65
( 314, 318)   coste      66       66
( 128, 132)   coste      27       27
( 128, 319)   coste      35       35
( 320, 321)   coste      18       18
( 320, 322)   coste      51       51
( 320, 323)   coste      35       35
(  56,  57)   coste      43       43
(  43,  56)   coste      66       66
(  56, 324)   coste      24       24
( 325, 326)   coste      20       20
( 319, 327)   coste      85       85
( 327, 328)   coste      64       64
( 327, 329)   coste      66       66
( 190, 330)   coste      74       74
( 231, 331)   coste      40       40
( 231, 332)   coste      29       29
( 141, 142)   coste      19       19
( 141, 243)   coste      37       37
( 141, 145)   coste      36       36
(  79, 333)   coste      37       37
(  79, 334)   coste      10       10
(  79, 335)   coste      22       22
( 106, 321)   coste      47       47
( 175, 336)   coste      54       54
( 305, 337)   coste      10       10
( 305, 306)   coste      43       43
( 338, 339)   coste      44       44
( 340, 341)   coste      36       36
( 187, 340)   coste      10       10
( 112, 340)   coste      31       31
( 313, 340)   coste      37       37
( 340, 342)   coste       9        9
( 343, 344)   coste      15       15
( 343, 345)   coste      66       66
( 343, 346)   coste      44       44
( 308, 310)   coste      45       45
( 308, 347)   coste      32       32
( 308, 348)   coste      32       32
(  65, 196)   coste      31       31
(  65, 266)   coste       4        4
( 260, 349)   coste      51       51
( 110, 349)   coste      34       34
( 350, 351)   coste      49       49
( 309, 350)   coste      48       48
( 331, 352)   coste      52       52
( 272, 331)   coste      32       32
( 331, 353)   coste      30       30
( 291, 292)   coste      52       52
( 291, 293)   coste      46       46
( 260, 354)   coste      31       31
( 354, 355)   coste      39       39
( 110, 354)   coste      43       43
( 356, 357)   coste      59       59
( 356, 358)   coste      14       14
( 125, 356)   coste      35       35
( 328, 356)   coste      47       47
( 136, 359)   coste      50       50
( 359, 360)   coste      46       46
( 253, 359)   coste      58       58
( 137, 359)   coste      28       28
(  92, 361)   coste      41       41
(  92,  93)   coste      61       61
( 361, 362)   coste      33       33
( 363, 364)   coste      41       41
(  80, 363)   coste      63       63
( 363, 365)   coste      55       55
( 363, 366)   coste      26       26
( 363, 367)   coste      57       57
(  29, 368)   coste      37       37
( 280, 368)   coste      33       33
( 368, 369)   coste      39       39
( 224, 370)   coste      26       26
( 224, 371)   coste      21       21
( 224, 372)   coste      37       37
( 224, 373)   coste      47       47
( 374, 375)   coste      57       57
(  94, 374)   coste      41       41
( 337, 376)   coste      43       43
(  30, 376)   coste      33       33
(  31, 376)   coste      43       43
( 369, 376)   coste      28       28
(  29, 377)   coste      34       34
(  29, 378)   coste      39       39
( 379, 380)   coste      26       26
( 379, 381)   coste      49       49
( 379, 382)   coste      48       48
( 379, 383)   coste      26       26
( 379, 384)   coste      25       25
( 370, 371)   coste       7        7
( 370, 385)   coste      42       42
( 162, 370)   coste      46       46
( 344, 386)   coste      53       53
( 293, 344)   coste      43       43
( 364, 366)   coste      25       25
( 364, 387)   coste      48       48
( 364, 388)   coste      47       47
( 206, 389)   coste      40       40
( 206, 208)   coste      29       29
( 206, 390)   coste      22       22
( 131, 391)   coste      12       12
( 391, 392)   coste      36       36
( 391, 393)   coste      38       38
( 391, 394)   coste      48       48
( 395, 396)   coste      20       20
( 165, 395)   coste      49       49
( 395, 397)   coste      44       44
( 167, 395)   coste      42       42
( 395, 398)   coste      48       48
( 399, 400)   coste      27       27
( 399, 401)   coste      20       20
( 108, 399)   coste      30       30
( 399, 402)   coste      44       44
(  66,  67)   coste     106      106
(  66,  68)   coste      94       94
( 394, 403)   coste      33       33
( 135, 404)   coste      26       26
( 135, 136)   coste      20       20
( 405, 406)   coste      22       22
( 158, 405)   coste      35       35
( 112, 407)   coste      29       29
( 407, 408)   coste      58       58
( 342, 407)   coste      45       45
( 407, 409)   coste      19       19
( 248, 410)   coste      58       58
( 410, 411)   coste       5        5
( 412, 413)   coste       9        9
( 275, 412)   coste      27       27
( 412, 414)   coste      43       43
( 415, 416)   coste      28       28
( 415, 417)   coste      51       51
( 418, 419)   coste      33       33
( 105, 322)   coste      49       49
( 105, 106)   coste      49       49
( 420, 421)   coste     101      101
( 178, 420)   coste     116      116
( 420, 422)   coste     100      100
( 420, 423)   coste     114      114
( 424, 425)   coste      37       37
(  15, 424)   coste      64       64
( 200, 424)   coste      63       63
(  18, 287)   coste      19       19
(  18,  20)   coste      43       43
(  18, 426)   coste      72       72
(  18, 427)   coste      62       62
(  18,  21)   coste       6        6
( 428, 429)   coste      48       48
( 428, 430)   coste      29       29
( 339, 428)   coste      45       45
( 428, 431)   coste      34       34
( 432, 433)   coste      35       35
( 432, 434)   coste      40       40
( 432, 435)   coste      41       41
(  33,  34)   coste      46       46
(  33, 436)   coste      52       52
( 330, 437)   coste       2        2
( 165, 238)   coste      28       28
( 165, 167)   coste      11       11
( 165, 438)   coste      42       42
(   6, 165)   coste      31       31
(  36,  38)   coste      25       25
(  36, 257)   coste      43       43
( 113, 439)   coste      53       53
( 115, 439)   coste      45       45
( 439, 440)   coste      32       32
( 441, 442)   coste      21       21
( 362, 441)   coste      51       51
( 441, 443)   coste      12       12
( 392, 441)   coste      38       38
( 441, 444)   coste      30       30
( 445, 446)   coste      28       28
( 369, 445)   coste      28       28
( 351, 447)   coste      36       36
( 351, 425)   coste      53       53
( 351, 448)   coste      25       25
( 382, 449)   coste      31       31
( 195, 449)   coste      55       55
( 449, 450)   coste      16       16
( 449, 451)   coste      45       45
( 126, 452)   coste      55       55
( 452, 453)   coste      13       13
( 454, 455)   coste      56       56
( 454, 456)   coste      56       56
( 259, 457)   coste      31       31
( 259, 260)   coste      29       29
( 259, 269)   coste      43       43
( 288, 458)   coste      30       30
( 458, 459)   coste      28       28
( 458, 460)   coste      11       11
( 458, 461)   coste      22       22
( 458, 462)   coste       8        8
( 268, 318)   coste      68       68
( 380, 381)   coste      48       48
( 380, 382)   coste      31       31
( 203, 380)   coste      14       14
( 380, 384)   coste      49       49
( 216, 463)   coste      61       61
( 216, 464)   coste      56       56
( 465, 466)   coste      15       15
( 400, 465)   coste      41       41
( 107, 465)   coste      14       14
( 309, 310)   coste      27       27
( 309, 311)   coste      45       45
( 309, 323)   coste      46       46
( 467, 468)   coste      18       18
( 436, 467)   coste      44       44
(  80, 335)   coste      53       53
(  80, 469)   coste      50       50
( 121, 470)   coste      20       20
( 470, 471)   coste      10       10
( 287, 472)   coste      48       48
(  21, 287)   coste      19       19
( 310, 473)   coste      55       55
( 310, 323)   coste      48       48
( 310, 474)   coste      41       41
( 475, 476)   coste      53       53
( 475, 477)   coste      27       27
( 475, 478)   coste      29       29
( 187, 341)   coste      28       28
( 188, 341)   coste      21       21
( 297, 300)   coste      46       46
( 479, 480)   coste      36       36
( 481, 482)   coste      10       10
( 481, 483)   coste      16       16
( 481, 484)   coste       7        7
(  13, 485)   coste      46       46
( 485, 486)   coste      37       37
( 485, 487)   coste      47       47
( 139, 485)   coste      44       44
( 311, 447)   coste      18       18
( 311, 488)   coste      44       44
( 311, 489)   coste      33       33
( 163, 490)   coste      59       59
( 292, 386)   coste      10       10
( 191, 326)   coste      46       46
( 191, 192)   coste      43       43
( 191, 194)   coste      18       18
( 491, 492)   coste      36       36
( 491, 493)   coste      51       51
( 491, 494)   coste      57       57
( 491, 495)   coste      51       51
( 491, 496)   coste      59       59
( 491, 497)   coste      56       56
( 336, 498)   coste      11       11
( 498, 499)   coste      18       18
( 500, 501)   coste      44       44
( 500, 502)   coste      20       20
( 500, 503)   coste      24       24
( 500, 504)   coste      67       67
( 357, 505)   coste      41       41
( 124, 505)   coste      74       74
( 125, 505)   coste      69       69
(  10, 505)   coste      65       65
( 476, 506)   coste      28       28
( 476, 507)   coste      45       45
( 152, 508)   coste      41       41
( 397, 509)   coste      40       40
( 509, 510)   coste      49       49
( 142, 511)   coste      43       43
( 142, 144)   coste      34       34
( 142, 145)   coste      36       36
( 142, 146)   coste      28       28
( 211, 512)   coste      20       20
( 211, 513)   coste      21       21
( 211, 514)   coste      25       25
( 211, 353)   coste      49       49
( 118, 488)   coste      31       31
( 118, 448)   coste      41       41
( 118, 515)   coste      50       50
( 301, 516)   coste      37       37
( 302, 516)   coste      42       42
( 516, 517)   coste      27       27
( 271, 518)   coste      66       66
( 518, 519)   coste      87       87
( 518, 520)   coste      75       75
(  37,  62)   coste      63       63
( 521, 522)   coste      47       47
( 352, 521)   coste      59       59
( 521, 523)   coste      49       49
( 521, 524)   coste      47       47
( 521, 525)   coste      24       24
(  41, 271)   coste      46       46
(  45, 271)   coste      71       71
(  23, 271)   coste      49       49
( 148, 274)   coste      35       35
( 148, 275)   coste      27       27
(  57, 526)   coste      51       51
(  57, 324)   coste      42       42
(  57, 289)   coste      53       53
( 357, 527)   coste      63       63
( 357, 358)   coste      49       49
( 528, 529)   coste      42       42
( 186, 187)   coste      30       30
( 530, 531)   coste      36       36
( 114, 530)   coste      45       45
( 530, 532)   coste      15       15
( 172, 282)   coste      42       42
( 282, 408)   coste      18       18
( 115, 282)   coste      25       25
(  38, 257)   coste      19       19
( 240, 463)   coste      18       18
( 533, 534)   coste      54       54
( 533, 535)   coste      51       51
( 533, 536)   coste      56       56
(  62, 537)   coste      53       53
(  71, 537)   coste      42       42
( 538, 539)   coste      38       38
( 538, 540)   coste      25       25
( 187, 313)   coste      35       35
( 187, 342)   coste      13       13
(  58, 289)   coste      49       49
( 102, 367)   coste      42       42
( 102, 103)   coste      29       29
(  40, 541)   coste      88       88
( 519, 541)   coste       8        8
(  24, 541)   coste      99       99
(   4, 466)   coste      47       47
( 429, 446)   coste      23       23
( 337, 446)   coste      39       39
( 121, 365)   coste      43       43
( 365, 542)   coste      45       45
( 174, 543)   coste      49       49
( 345, 544)   coste      44       44
( 172, 345)   coste      53       53
( 345, 545)   coste      58       58
( 124, 546)   coste      55       55
( 124, 125)   coste      26       26
(  10, 124)   coste      43       43
( 124, 126)   coste      20       20
(  67, 547)   coste       5        5
(  68, 547)   coste      70       70
( 371, 373)   coste      46       46
( 371, 486)   coste      48       48
( 315, 316)   coste      29       29
( 315, 548)   coste       6        6
( 315, 318)   coste      71       71
( 315, 549)   coste      40       40
(  61, 492)   coste      70       70
( 492, 495)   coste      69       69
( 492, 550)   coste      64       64
(  93, 551)   coste      42       42
( 551, 552)   coste      61       61
( 551, 553)   coste      25       25
( 551, 554)   coste      48       48
(  94, 551)   coste      54       54
( 511, 555)   coste      30       30
( 146, 511)   coste      43       43
( 166, 556)   coste       7        7
( 398, 556)   coste      28       28
( 381, 384)   coste      50       50
( 557, 558)   coste      34       34
(  87, 557)   coste      25       25
( 557, 559)   coste      21       21
( 176, 557)   coste      29       29
( 503, 560)   coste      30       30
( 233, 560)   coste      46       46
( 504, 560)   coste      45       45
( 234, 560)   coste      42       42
(  71, 244)   coste      22       22
( 122, 244)   coste      46       46
( 244, 542)   coste      45       45
(  72, 244)   coste      35       35
( 421, 561)   coste      26       26
( 431, 562)   coste      40       40
( 562, 563)   coste      29       29
( 564, 565)   coste      50       50
( 564, 566)   coste      10       10
( 523, 558)   coste      42       42
( 558, 567)   coste      30       30
( 166, 398)   coste      24       24
( 288, 461)   coste      22       22
( 288, 472)   coste      53       53
( 288, 568)   coste      34       34
( 447, 569)   coste      41       41
( 425, 570)   coste      14       14
(  15, 425)   coste      64       64
( 571, 572)   coste      23       23
( 571, 573)   coste      16       16
( 228, 571)   coste      44       44
( 574, 575)   coste      44       44
( 178, 574)   coste      41       41
( 574, 576)   coste      38       38
( 574, 577)   coste      22       22
( 578, 579)   coste      49       49
( 578, 580)   coste      17       17
( 578, 581)   coste      29       29
(  30, 280)   coste      35       35
( 579, 582)   coste      18       18
( 582, 583)   coste      26       26
( 581, 582)   coste       4        4
( 522, 584)   coste      25       25
( 522, 524)   coste       9        9
( 522, 525)   coste      38       38
( 508, 585)   coste      15       15
( 153, 585)   coste      20       20
( 392, 586)   coste      36       36
( 586, 587)   coste      37       37
( 393, 586)   coste      22       22
( 444, 586)   coste      41       41
( 382, 450)   coste      22       22
( 203, 382)   coste      24       24
( 204, 382)   coste      32       32
( 382, 588)   coste      21       21
( 366, 589)   coste      28       28
( 366, 590)   coste      45       45
( 217, 218)   coste      40       40
( 346, 545)   coste      34       34
( 346, 591)   coste      58       58
( 221, 592)   coste      59       59
( 221, 278)   coste      77       77
( 221, 222)   coste       9        9
( 473, 593)   coste      54       54
( 593, 594)   coste      50       50
( 593, 595)   coste      33       33
( 136, 404)   coste      43       43
( 360, 404)   coste      47       47
( 137, 404)   coste      17       17
( 326, 596)   coste      37       37
( 473, 597)   coste      43       43
( 347, 597)   coste      41       41
( 348, 597)   coste      15       15
( 594, 597)   coste      47       47
( 293, 386)   coste      21       21
( 119, 386)   coste      41       41
(  70, 298)   coste      25       25
(  70, 299)   coste      59       59
(  70, 598)   coste      44       44
(  70, 599)   coste      60       60
( 367, 388)   coste      43       43
( 367, 469)   coste      46       46
( 298, 598)   coste      65       65
( 298, 300)   coste      37       37
( 526, 600)   coste      21       21
( 107, 600)   coste      45       45
( 600, 601)   coste      52       52
(   4, 600)   coste      22       22
(  87,  88)   coste      40       40
(  87, 602)   coste      16       16
( 534, 603)   coste      28       28
( 417, 603)   coste      45       45
( 603, 604)   coste      17       17
(  27, 603)   coste      53       53
( 603, 605)   coste      25       25
( 603, 606)   coste       9        9
( 212, 512)   coste      10       10
( 212, 513)   coste      32       32
( 203, 607)   coste      35       35
( 451, 607)   coste      44       44
( 607, 608)   coste      35       35
( 534, 605)   coste       8        8
( 592, 609)   coste      34       34
( 592, 610)   coste      28       28
( 468, 611)   coste      72       72
( 468, 482)   coste      52       52
( 468, 612)   coste      53       53
( 129, 613)   coste      49       49
( 129, 394)   coste      36       36
( 214, 614)   coste      54       54
( 214, 615)   coste      36       36
( 214, 616)   coste      29       29
( 218, 433)   coste      53       53
( 433, 451)   coste      27       27
( 433, 617)   coste      38       38
( 433, 608)   coste      30       30
( 553, 614)   coste      34       34
( 434, 464)   coste      29       29
( 219, 434)   coste      53       53
( 618, 619)   coste      12       12
( 618, 620)   coste      51       51
( 383, 618)   coste      48       48
(  12,  15)   coste      38       38
(  12, 621)   coste      57       57
(  12, 200)   coste      20       20
(  12, 201)   coste      22       22
(  99, 100)   coste      14       14
( 611, 622)   coste      70       70
( 612, 622)   coste      46       46
( 622, 623)   coste      33       33
( 411, 622)   coste      37       37
( 622, 624)   coste      31       31
( 625, 626)   coste      10       10
( 497, 625)   coste      34       34
( 385, 486)   coste      26       26
( 611, 612)   coste      31       31
( 130, 627)   coste      19       19
( 132, 627)   coste      28       28
( 319, 627)   coste      43       43
( 171, 172)   coste      24       24
( 301, 303)   coste      37       37
( 301, 616)   coste      22       22
(  61, 550)   coste      62       62
(  61, 628)   coste      23       23
( 575, 629)   coste      55       55
( 178, 575)   coste      44       44
(  20, 427)   coste      48       48
( 180, 630)   coste      38       38
( 565, 630)   coste      48       48
( 630, 631)   coste      53       53
(  49, 632)   coste      15       15
( 544, 633)   coste      41       41
( 579, 634)   coste      43       43
( 347, 579)   coste      49       49
( 579, 635)   coste      12       12
( 339, 636)   coste      50       50
( 195, 204)   coste      53       53
(  68, 195)   coste      49       49
( 501, 637)   coste      17       17
( 501, 503)   coste      21       21
( 494, 501)   coste      16       16
( 501, 638)   coste      23       23
( 501, 639)   coste      24       24
(  93, 552)   coste      33       33
(  93, 100)   coste      46       46
( 241, 640)   coste      38       38
( 241, 456)   coste      37       37
( 435, 463)   coste      47       47
( 435, 641)   coste       3        3
( 435, 617)   coste      39       39
( 263, 615)   coste      11       11
( 353, 512)   coste      40       40
( 362, 642)   coste      51       51
( 362, 643)   coste      38       38
(  14, 360)   coste      27       27
(  14, 253)   coste      46       46
(  14, 570)   coste      66       66
(  14,  15)   coste      56       56
( 572, 573)   coste       9        9
( 413, 644)   coste      45       45
( 633, 644)   coste      51       51
(  43, 324)   coste      45       45
( 482, 483)   coste      21       21
( 482, 645)   coste      28       28
( 482, 624)   coste      47       47
( 539, 565)   coste      25       25
( 539, 631)   coste      60       60
( 539, 540)   coste      18       18
( 389, 646)   coste      54       54
( 610, 646)   coste      51       51
( 646, 647)   coste      38       38
(  40, 519)   coste      93       93
(  40, 648)   coste      48       48
(  24,  40)   coste      21       21
(  44,  45)   coste      20       20
(  44, 649)   coste      80       80
( 226, 650)   coste      24       24
( 226, 651)   coste      30       30
( 226, 652)   coste      33       33
( 136, 653)   coste      33       33
( 352, 654)   coste      54       54
( 339, 430)   coste      19       19
( 493, 637)   coste      22       22
( 493, 494)   coste      15       15
( 138, 493)   coste      35       35
( 161, 373)   coste      34       34
( 162, 373)   coste       8        8
( 113, 531)   coste      11       11
( 440, 531)   coste      31       31
( 531, 532)   coste      31       31
( 416, 459)   coste      72       72
(  26, 416)   coste      37       37
( 655, 656)   coste      34       34
( 655, 657)   coste      42       42
( 650, 655)   coste      32       32
( 652, 655)   coste       8        8
( 629, 656)   coste      34       34
( 119, 658)   coste      55       55
( 658, 659)   coste      18       18
( 658, 660)   coste      32       32
( 515, 658)   coste      23       23
( 658, 661)   coste      52       52
( 207, 662)   coste      23       23
( 503, 637)   coste      33       33
( 494, 637)   coste      25       25
( 637, 638)   coste      17       17
( 637, 639)   coste      16       16
( 348, 473)   coste      33       33
( 473, 649)   coste      36       36
( 619, 641)   coste      48       48
( 513, 663)   coste      35       35
( 448, 488)   coste      50       50
( 488, 515)   coste      63       63
( 400, 401)   coste      28       28
( 400, 664)   coste      25       25
( 283, 665)   coste      82       82
( 652, 666)   coste      15       15
(  81,  82)   coste      30       30
(  81,  83)   coste      64       64
(  81,  84)   coste      52       52
( 413, 414)   coste      40       40
(  68, 196)   coste      45       45
( 602, 667)   coste      40       40
( 176, 667)   coste       8        8
( 609, 610)   coste      49       49
( 508, 668)   coste      47       47
( 669, 670)   coste      30       30
( 664, 669)   coste      19       19
( 536, 669)   coste      35       35
( 402, 669)   coste      32       32
( 584, 671)   coste      46       46
( 417, 604)   coste      34       34
( 417, 459)   coste      21       21
(   2,  26)   coste      44       44
(   2,  59)   coste      50       50
(   2,   3)   coste      21       21
( 563, 672)   coste      34       34
( 113, 115)   coste      34       34
( 293, 545)   coste      69       69
( 457, 673)   coste      27       27
( 269, 457)   coste      50       50
(  59, 526)   coste      43       43
(   4, 526)   coste      24       24
( 604, 674)   coste      21       21
( 604, 605)   coste      17       17
( 604, 606)   coste      23       23
(  74, 675)   coste      31       31
(  74,  75)   coste      23       23
(  74, 535)   coste      19       19
( 650, 651)   coste      17       17
(  89, 650)   coste      42       42
( 228, 650)   coste      40       40
( 650, 652)   coste      26       26
( 192, 193)   coste      67       67
( 676, 677)   coste      45       45
( 671, 676)   coste      51       51
( 456, 676)   coste      61       61
( 527, 678)   coste       9        9
( 328, 527)   coste      22       22
( 527, 679)   coste      46       46
( 114, 342)   coste      38       38
( 459, 462)   coste      31       31
( 252, 254)   coste      44       44
( 233, 332)   coste      24       24
( 332, 504)   coste      18       18
( 227, 228)   coste      28       28
( 295, 302)   coste      50       50
(  48, 295)   coste      44       44
(  50, 295)   coste       9        9
( 680, 681)   coste       6        6
( 478, 483)   coste      44       44
(  97, 245)   coste      50       50
( 302, 303)   coste      16       16
( 260, 355)   coste      26       26
( 137, 360)   coste      39       39
( 254, 360)   coste      54       54
( 139, 360)   coste      44       44
( 119, 659)   coste      39       39
( 583, 635)   coste       7        7
( 160, 161)   coste      38       38
( 160, 682)   coste      30       30
( 160, 456)   coste      55       55
( 477, 683)   coste      37       37
( 477, 478)   coste      14       14
(  53, 634)   coste      26       26
( 634, 684)   coste      38       38
( 634, 661)   coste      47       47
( 634, 647)   coste      43       43
( 204, 450)   coste      13       13
( 450, 588)   coste       2        2
( 144, 555)   coste      14       14
( 406, 555)   coste      46       46
( 555, 685)   coste      53       53
( 651, 686)   coste      27       27
( 257, 687)   coste      26       26
( 182, 687)   coste      33       33
( 238, 688)   coste      36       36
( 238, 689)   coste      27       27
( 426, 620)   coste      51       51
( 426, 427)   coste      13       13
(  23,  41)   coste       4        4
(  41, 690)   coste      25       25
( 347, 348)   coste      31       31
( 460, 461)   coste      31       31
( 460, 568)   coste      15       15
( 199, 681)   coste      62       62
( 199, 322)   coste      50       50
( 108, 199)   coste      50       50
( 675, 691)   coste      18       18
( 535, 675)   coste      23       23
( 462, 675)   coste      30       30
( 149, 150)   coste      49       49
( 621, 681)   coste      42       42
( 154, 626)   coste      45       45
( 154, 496)   coste      10       10
( 358, 692)   coste      22       22
( 358, 679)   coste      43       43
( 532, 693)   coste      27       27
( 694, 695)   coste      29       29
( 513, 694)   coste      35       35
( 514, 694)   coste      18       18
(  75,  76)   coste      42       42
(  75, 535)   coste      38       38
(  75, 685)   coste      35       35
( 620, 696)   coste      43       43
( 427, 620)   coste      55       55
( 620, 697)   coste      67       67
( 161, 502)   coste      43       43
( 502, 503)   coste      42       42
( 234, 502)   coste      22       22
( 245, 698)   coste      62       62
( 389, 699)   coste      23       23
( 610, 699)   coste      62       62
( 673, 700)   coste      45       45
( 682, 701)   coste       3        3
( 456, 701)   coste      26       26
( 242, 702)   coste      25       25
( 242, 640)   coste      33       33
( 242, 703)   coste      42       42
( 161, 163)   coste      23       23
( 193, 704)   coste      34       34
( 193, 689)   coste      54       54
( 197, 266)   coste      23       23
( 387, 590)   coste       5        5
( 387, 542)   coste      14       14
( 234, 503)   coste      47       47
( 322, 401)   coste      44       44
( 106, 322)   coste      20       20
( 540, 633)   coste      67       67
( 131, 330)   coste      59       59
( 330, 705)   coste      30       30
( 688, 704)   coste      17       17
( 393, 688)   coste      56       56
( 573, 706)   coste      35       35
( 643, 707)   coste      34       34
( 514, 695)   coste      26       26
(  89, 651)   coste      39       39
( 228, 651)   coste      35       35
( 506, 645)   coste      49       49
( 180, 566)   coste      58       58
( 389, 708)   coste      49       49
( 389, 390)   coste      22       22
(  50,  51)   coste      10       10
( 591, 662)   coste      37       37
( 691, 709)   coste      25       25
( 568, 691)   coste      31       31
( 710, 711)   coste      55       55
( 668, 710)   coste      21       21
( 153, 710)   coste      59       59
( 306, 339)   coste      54       54
( 132, 712)   coste      50       50
( 705, 712)   coste      50       50
( 394, 712)   coste      70       70
( 640, 702)   coste      20       20
( 702, 713)   coste      22       22
(  30, 378)   coste      45       45
( 131, 705)   coste      61       61
( 131, 394)   coste      47       47
(  76,  77)   coste      45       45
(  76, 685)   coste      16       16
( 463, 617)   coste      45       45
( 285, 714)   coste      53       53
( 285, 715)   coste      37       37
( 264, 546)   coste      53       53
( 453, 546)   coste       9        9
( 419, 529)   coste      42       42
( 440, 532)   coste      40       40
( 256, 677)   coste      45       45
( 218, 451)   coste      39       39
( 218, 561)   coste      32       32
( 397, 419)   coste      29       29
( 427, 696)   coste      35       35
( 451, 716)   coste      39       39
( 121, 471)   coste      18       18
( 121, 590)   coste      32       32
( 121, 542)   coste      32       32
( 671, 717)   coste       4        4
( 507, 532)   coste      53       53
( 535, 709)   coste      18       18
( 677, 718)   coste      36       36
( 718, 719)   coste      10       10
( 670, 720)   coste      10       10
( 606, 670)   coste      36       36
( 181, 653)   coste      33       33
( 653, 721)   coste      22       22
( 626, 653)   coste      42       42
( 496, 653)   coste      38       38
(  62, 722)   coste      55       55
(  62, 723)   coste      45       45
(  62, 550)   coste      39       39
( 299, 599)   coste      25       25
( 299, 300)   coste      45       45
( 107, 401)   coste      54       54
( 108, 401)   coste      24       24
(  71, 723)   coste      51       51
( 306, 700)   coste      33       33
( 645, 683)   coste       1        1
( 645, 724)   coste      44       44
(  45, 725)   coste      68       68
( 208, 390)   coste      45       45
( 641, 714)   coste      49       49
( 617, 641)   coste      41       41
( 250, 623)   coste      49       49
( 706, 726)   coste      69       69
( 577, 726)   coste      13       13
( 219, 464)   coste      41       41
( 182, 257)   coste      32       32
( 257, 566)   coste      51       51
( 587, 704)   coste      37       37
( 438, 704)   coste      46       46
(   6, 704)   coste      33       33
( 689, 704)   coste      24       24
( 640, 703)   coste      37       37
( 640, 713)   coste      37       37
( 515, 659)   coste      13       13
( 243, 703)   coste      14       14
( 144, 146)   coste      26       26
( 201, 621)   coste      63       63
( 540, 565)   coste      35       35
( 517, 554)   coste      59       59
( 713, 714)   coste      37       37
( 714, 715)   coste      39       39
( 158, 714)   coste      38       38
( 333, 334)   coste      31       31
( 333, 469)   coste      24       24
(  23,  24)   coste      35       35
( 132, 329)   coste      63       63
( 402, 664)   coste      40       40
( 157, 713)   coste      12       12
( 336, 727)   coste      41       41
( 336, 499)   coste      16       16
(  88,  89)   coste      25       25
(  88, 176)   coste      18       18
( 181, 184)   coste      17       17
( 455, 671)   coste      63       63
( 184, 721)   coste      25       25
( 317, 631)   coste      58       58
( 566, 631)   coste      40       40
( 610, 708)   coste      36       36
( 580, 581)   coste      38       38
( 377, 728)   coste       6        6
(  89, 176)   coste      42       42
(  89, 525)   coste      56       56
( 484, 683)   coste      22       22
( 245, 729)   coste      71       71
( 317, 729)   coste      72       72
( 559, 567)   coste      55       55
( 411, 730)   coste      58       58
( 250, 730)   coste      42       42
( 471, 590)   coste      49       49
( 520, 711)   coste      93       93
( 519, 520)   coste      51       51
(  31, 378)   coste      23       23
( 334, 335)   coste      28       28
( 275, 276)   coste      29       29
( 122, 542)   coste      16       16
( 581, 684)   coste      31       31
( 431, 563)   coste      55       55
( 281, 431)   coste      52       52
( 496, 626)   coste      45       45
( 146, 406)   coste      30       30
(  83,  84)   coste      28       28
( 392, 613)   coste      47       47
( 245, 246)   coste      58       58
( 245, 731)   coste      63       63
( 513, 514)   coste      19       19
( 100, 732)   coste      23       23
( 732, 733)   coste       7        7
( 732, 734)   coste      21       21
( 588, 608)   coste      43       43
( 524, 525)   coste      34       34
( 414, 548)   coste      42       42
( 548, 549)   coste      43       43
( 497, 550)   coste      47       47
( 550, 628)   coste      43       43
( 606, 720)   coste      36       36
( 402, 720)   coste      37       37
(  77, 697)   coste      71       71
( 733, 735)   coste      47       47
( 591, 660)   coste      43       43
(  72, 246)   coste      47       47
( 248, 250)   coste      33       33
( 103, 736)   coste      31       31
(  24, 648)   coste      66       66
( 163, 234)   coste      46       46
( 182, 184)   coste      35       35
( 606, 674)   coste       5        5
( 234, 504)   coste      59       59
( 138, 487)   coste      30       30
( 422, 423)   coste      20       20
( 249, 411)   coste      46       46
( 411, 737)   coste      48       48
(   6, 689)   coste      22       22
( 157, 158)   coste      12       12
( 150, 318)   coste      26       26
(  59, 289)   coste      57       57
( 594, 649)   coste      25       25
( 474, 649)   coste      34       34
( 517, 616)   coste      44       44
( 378, 737)   coste      59       59
( 660, 661)   coste      36       36
( 378, 738)   coste      55       55
( 736, 739)   coste       5        5
( 613, 740)   coste      35       35
( 453, 613)   coste      58       58
( 328, 329)   coste      60       60
( 250, 741)   coste      22       22
(   3,  27)   coste      51       51
( 605, 606)   coste      25       25
( 487, 639)   coste      31       31
( 423, 706)   coste      68       68
( 110, 731)   coste      25       25
( 453, 733)   coste      57       57
( 158, 406)   coste      40       40
( 402, 536)   coste       5        5
LISTA_ARISTAS_NOREQ :
(   1,  25)   coste      50       50
(   1,  58)   coste      60       60
(   1,  59)   coste      53       53
(   1, 526)   coste      30       30
(   1, 600)   coste      20       20
(   2,  25)   coste      57       57
(   2,  58)   coste      41       41
(   3,  25)   coste      39       39
(   3,  26)   coste      36       36
(   3, 600)   coste      36       36
(   4, 107)   coste      36       36
(   4, 465)   coste      49       49
(   4, 601)   coste      33       33
(   5, 438)   coste      29       29
(   5, 442)   coste      44       44
(   5, 587)   coste      20       20
(   5, 688)   coste      44       44
(   5, 689)   coste      41       41
(   5, 704)   coste      33       33
(   6, 167)   coste      39       39
(   6, 438)   coste      14       14
(   7, 302)   coste      47       47
(   7, 303)   coste      34       34
(   8, 213)   coste      36       36
(   9, 516)   coste      34       34
(  10, 123)   coste      21       21
(  10, 126)   coste      40       40
(  10, 264)   coste      40       40
(  11, 200)   coste      38       38
(  12, 198)   coste      26       26
(  13,  16)   coste      27       27
(  13, 139)   coste      44       44
(  13, 486)   coste      47       47
(  14, 425)   coste      54       54
(  15, 200)   coste      19       19
(  15, 570)   coste      66       66
(  16, 485)   coste      26       26
(  16, 486)   coste      23       23
(  17, 427)   coste      64       64
(  17, 696)   coste      50       50
(  18, 286)   coste      30       30
(  19,  20)   coste      38       38
(  19, 427)   coste      67       67
(  19, 696)   coste      41       41
(  20,  21)   coste      44       44
(  20, 696)   coste      46       46
(  22,  40)   coste      36       36
(  22, 690)   coste       6        6
(  23,  39)   coste      26       26
(  23,  40)   coste      32       32
(  23, 690)   coste      23       23
(  24,  39)   coste      56       56
(  24, 690)   coste      25       25
(  25, 415)   coste      32       32
(  26, 415)   coste      21       21
(  27, 465)   coste      50       50
(  27, 674)   coste      51       51
(  28, 368)   coste      48       48
(  28, 377)   coste      52       52
(  28, 378)   coste       9        9
(  28, 738)   coste      49       49
(  29,  30)   coste      26       26
(  29,  31)   coste      47       47
(  29, 728)   coste      37       37
(  29, 738)   coste      23       23
(  30,  31)   coste      39       39
(  30, 368)   coste      12       12
(  30, 738)   coste      48       48
(  31, 368)   coste      46       46
(  32, 467)   coste      37       37
(  32, 724)   coste      54       54
(  33, 188)   coste      49       49
(  33, 341)   coste      54       54
(  33, 467)   coste      43       43
(  34, 186)   coste      38       38
(  34, 312)   coste      13       13
(  34, 507)   coste      51       51
(  35, 497)   coste      49       49
(  35, 625)   coste      34       34
(  35, 626)   coste      43       43
(  35, 687)   coste      44       44
(  36, 566)   coste      64       64
(  36, 687)   coste      48       48
(  36, 729)   coste      18       18
(  37, 245)   coste      72       72
(  37, 246)   coste      34       34
(  37, 550)   coste      66       66
(  37, 723)   coste      52       52
(  38, 236)   coste      31       31
(  38, 566)   coste      58       58
(  38, 687)   coste      26       26
(  39, 271)   coste      26       26
(  39, 518)   coste      59       59
(  40, 518)   coste      65       65
(  40, 690)   coste      37       37
(  42, 474)   coste      74       74
(  42, 601)   coste      65       65
(  42, 649)   coste      56       56
(  43,  44)   coste      62       62
(  43,  55)   coste      74       74
(  43, 601)   coste      43       43
(  44, 270)   coste      49       49
(  45, 595)   coste      67       67
(  46, 294)   coste      13       13
(  46, 295)   coste      31       31
(  46, 632)   coste      34       34
(  47, 294)   coste      57       57
(  47, 333)   coste      43       43
(  47, 334)   coste      54       54
(  48,  50)   coste      36       36
(  48,  51)   coste      28       28
(  48, 294)   coste      21       21
(  49,  50)   coste      25       25
(  49,  51)   coste      34       34
(  49, 295)   coste      19       19
(  50, 294)   coste      34       34
(  50, 516)   coste      25       25
(  50, 517)   coste      48       48
(  50, 632)   coste      39       39
(  51, 516)   coste      22       22
(  51, 517)   coste      40       40
(  51, 632)   coste      48       48
(  52, 634)   coste       9        9
(  52, 647)   coste      40       40
(  52, 661)   coste      39       39
(  52, 684)   coste      46       46
(  53, 646)   coste      45       45
(  53, 647)   coste      21       21
(  53, 661)   coste      45       45
(  53, 684)   coste      50       50
(  53, 708)   coste      57       57
(  54, 289)   coste      30       30
(  54, 324)   coste      54       54
(  55, 270)   coste      58       58
(  55, 271)   coste      60       60
(  55, 324)   coste      40       40
(  57,  58)   coste      41       41
(  57,  59)   coste      15       15
(  58,  59)   coste      30       30
(  60, 296)   coste      35       35
(  60, 297)   coste      61       61
(  60, 298)   coste      39       39
(  60, 300)   coste      28       28
(  60, 722)   coste      24       24
(  61, 297)   coste      59       59
(  61, 300)   coste      50       50
(  61, 722)   coste      11       11
(  62, 246)   coste      66       66
(  62, 628)   coste      59       59
(  63, 195)   coste      40       40
(  63, 196)   coste      41       41
(  64,  68)   coste      69       69
(  64, 266)   coste      26       26
(  65, 197)   coste      25       25
(  66, 195)   coste     119      119
(  66, 420)   coste      56       56
(  66, 547)   coste     104      104
(  67,  68)   coste      67       67
(  67, 196)   coste      81       81
(  69, 298)   coste      54       54
(  69, 537)   coste      10       10
(  71,  72)   coste      21       21
(  71,  96)   coste      51       51
(  71, 122)   coste      51       51
(  72,  95)   coste      52       52
(  72,  96)   coste      41       41
(  72, 537)   coste      44       44
(  72, 723)   coste      36       36
(  73, 685)   coste      47       47
(  73, 697)   coste      60       60
(  74,  76)   coste      60       60
(  74, 691)   coste      29       29
(  74, 709)   coste       7        7
(  76, 555)   coste      59       59
(  77, 156)   coste      60       60
(  77, 285)   coste      56       56
(  77, 405)   coste      51       51
(  78, 258)   coste      70       70
(  78, 335)   coste      25       25
(  78, 479)   coste      21       21
(  78, 480)   coste      41       41
(  79,  80)   coste      45       45
(  80, 367)   coste      23       23
(  81, 480)   coste      14       14
(  82,  84)   coste      73       73
(  82, 479)   coste       6        6
(  82, 480)   coste      31       31
(  84, 258)   coste      49       49
(  85, 176)   coste      33       33
(  85, 667)   coste      40       40
(  86,  88)   coste      28       28
(  86,  90)   coste      39       39
(  86, 602)   coste      43       43
(  86, 667)   coste      38       38
(  86, 727)   coste      50       50
(  87, 176)   coste      26       26
(  87, 559)   coste      26       26
(  87, 667)   coste      25       25
(  89, 686)   coste      19       19
(  90, 175)   coste      25       25
(  90, 336)   coste      47       47
(  90, 499)   coste      47       47
(  90, 727)   coste      16       16
(  91, 374)   coste      50       50
(  91, 551)   coste      44       44
(  91, 552)   coste      21       21
(  91, 553)   coste      66       66
(  92, 374)   coste      41       41
(  92, 528)   coste      55       55
(  92, 552)   coste      56       56
(  93,  99)   coste      39       39
(  94, 552)   coste      10       10
(  95, 244)   coste      40       40
(  95, 349)   coste      45       45
(  95, 731)   coste      38       38
(  96,  97)   coste      54       54
(  96, 731)   coste      44       44
(  97, 110)   coste      29       29
(  97, 349)   coste      52       52
(  97, 698)   coste      21       21
(  97, 731)   coste      20       20
(  98, 213)   coste      48       48
(  98, 263)   coste      39       39
(  98, 551)   coste      48       48
(  98, 615)   coste      31       31
(  98, 734)   coste      21       21
(  99, 732)   coste      28       28
(  99, 734)   coste      14       14
( 100, 733)   coste      28       28
( 100, 734)   coste      22       22
( 101, 736)   coste      16       16
( 101, 739)   coste      13       13
( 102, 388)   coste       3        3
( 102, 739)   coste      29       29
( 103, 388)   coste      31       31
( 103, 554)   coste      57       57
( 103, 614)   coste      46       46
( 103, 739)   coste      27       27
( 104, 322)   coste      48       48
( 104, 401)   coste      40       40
( 104, 465)   coste      40       40
( 104, 466)   coste      28       28
( 105, 320)   coste      18       18
( 105, 466)   coste      49       49
( 106, 320)   coste      44       44
( 107, 466)   coste      13       13
( 107, 601)   coste      61       61
( 108, 322)   coste      22       22
( 109, 245)   coste      50       50
( 109, 698)   coste      16       16
( 110, 267)   coste      39       39
( 110, 355)   coste      45       45
( 110, 698)   coste      29       29
( 111, 282)   coste      37       37
( 111, 313)   coste      35       35
( 111, 408)   coste      24       24
( 112, 114)   coste      40       40
( 112, 313)   coste      37       37
( 112, 342)   coste      25       25
( 112, 408)   coste      43       43
( 113, 116)   coste      25       25
( 113, 440)   coste      40       40
( 113, 530)   coste      41       41
( 113, 532)   coste      39       39
( 114, 186)   coste      28       28
( 114, 313)   coste      11       11
( 115, 116)   coste      26       26
( 115, 408)   coste      37       37
( 115, 531)   coste      41       41
( 115, 544)   coste      49       49
( 116, 282)   coste      22       22
( 116, 408)   coste      20       20
( 117, 251)   coste      41       41
( 117, 292)   coste      31       31
( 117, 386)   coste      31       31
( 118, 351)   coste      59       59
( 118, 659)   coste      61       61
( 119, 346)   coste      31       31
( 119, 515)   coste      47       47
( 120, 471)   coste      29       29
( 120, 598)   coste      66       66
( 121, 122)   coste      28       28
( 122, 470)   coste      44       44
( 122, 471)   coste      37       37
( 122, 590)   coste      25       25
( 123, 264)   coste      28       28
( 123, 505)   coste      71       71
( 124, 264)   coste      39       39
( 124, 452)   coste      58       58
( 125, 358)   coste      27       27
( 125, 692)   coste      48       48
( 126, 264)   coste      20       20
( 126, 546)   coste      47       47
( 127, 394)   coste       9        9
( 127, 403)   coste      32       32
( 127, 712)   coste      63       63
( 127, 740)   coste      42       42
( 128, 129)   coste      46       46
( 128, 403)   coste      30       30
( 128, 627)   coste      49       49
( 129, 403)   coste      17       17
( 129, 740)   coste      17       17
( 130, 132)   coste      34       34
( 130, 712)   coste      21       21
( 131, 393)   coste      41       41
( 131, 586)   coste      42       42
( 132, 319)   coste      44       44
( 132, 403)   coste      42       42
( 133, 154)   coste      42       42
( 133, 404)   coste      46       46
( 134, 135)   coste      29       29
( 134, 136)   coste      14       14
( 134, 138)   coste      50       50
( 134, 496)   coste       7        7
( 135, 137)   coste      32       32
( 135, 359)   coste      37       37
( 136, 154)   coste      11       11
( 136, 496)   coste      18       18
( 137, 139)   coste      31       31
( 138, 637)   coste      38       38
( 140, 511)   coste      37       37
( 140, 555)   coste      44       44
( 141, 143)   coste      36       36
( 141, 146)   coste      43       43
( 142, 243)   coste      46       46
( 142, 555)   coste      42       42
( 143, 144)   coste      42       42
( 143, 145)   coste      15       15
( 143, 511)   coste      38       38
( 144, 511)   coste      18       18
( 145, 373)   coste      48       48
( 146, 555)   coste      23       23
( 147, 549)   coste      45       45
( 148, 149)   coste      30       30
( 148, 273)   coste      42       42
( 148, 276)   coste      17       17
( 149, 275)   coste      28       28
( 149, 276)   coste      44       44
( 149, 412)   coste      46       46
( 149, 549)   coste      45       45
( 150, 549)   coste      24       24
( 151, 585)   coste      16       16
( 151, 710)   coste      56       56
( 152, 153)   coste      34       34
( 152, 520)   coste      68       68
( 152, 585)   coste      34       34
( 152, 711)   coste      65       65
( 153, 220)   coste      72       72
( 154, 653)   coste      30       30
( 155, 242)   coste      33       33
( 155, 406)   coste      29       29
( 155, 714)   coste      32       32
( 156, 284)   coste      40       40
( 156, 405)   coste      12       12
( 156, 406)   coste      29       29
( 156, 714)   coste      31       31
( 157, 242)   coste       7        7
( 157, 702)   coste      29       29
( 157, 714)   coste      35       35
( 158, 242)   coste      14       14
( 158, 243)   coste      44       44
( 158, 703)   coste      43       43
( 159, 373)   coste      34       34
( 159, 502)   coste      46       46
( 160, 163)   coste      32       32
( 160, 490)   coste      29       29
( 161, 162)   coste      30       30
( 162, 224)   coste      45       45
( 162, 371)   coste      41       41
( 163, 500)   coste      45       45
( 163, 502)   coste      26       26
( 164, 237)   coste      25       25
( 164, 238)   coste      43       43
( 164, 398)   coste      46       46
( 164, 556)   coste      21       21
( 165, 237)   coste      28       28
( 165, 689)   coste      14       14
( 166, 167)   coste      42       42
( 166, 395)   coste      48       48
( 166, 510)   coste      46       46
( 167, 238)   coste      34       34
( 167, 556)   coste      44       44
( 168, 261)   coste      92       92
( 168, 665)   coste      92       92
( 169, 174)   coste       8        8
( 169, 205)   coste      37       37
( 169, 207)   coste      47       47
( 169, 345)   coste      64       64
( 169, 662)   coste      61       61
( 170, 173)   coste      13       13
( 170, 261)   coste     105      105
( 171, 173)   coste      19       19
( 171, 174)   coste      19       19
( 171, 345)   coste      60       60
( 172, 173)   coste      29       29
( 172, 544)   coste      53       53
( 173, 174)   coste      29       29
( 173, 261)   coste      94       94
( 173, 283)   coste       1        1
( 174, 261)   coste      95       95
( 174, 665)   coste      95       95
( 175, 326)   coste      52       52
( 175, 602)   coste      52       52
( 175, 727)   coste      15       15
( 176, 559)   coste      45       45
( 177, 420)   coste     121      121
( 177, 421)   coste      74       74
( 177, 574)   coste      48       48
( 177, 575)   coste      37       37
( 177, 726)   coste      43       43
( 178, 422)   coste      27       27
( 178, 423)   coste      39       39
( 178, 577)   coste      39       39
( 178, 726)   coste      35       35
( 179, 235)   coste      24       24
( 179, 236)   coste      44       44
( 179, 721)   coste      43       43
( 180, 183)   coste      21       21
( 180, 291)   coste      26       26
( 180, 564)   coste      59       59
( 181, 721)   coste      12       12
( 182, 235)   coste      16       16
( 182, 236)   coste      17       17
( 183, 252)   coste      54       54
( 183, 291)   coste      14       14
( 185, 312)   coste      44       44
( 185, 313)   coste      36       36
( 185, 341)   coste      22       22
( 185, 342)   coste      32       32
( 186, 312)   coste      32       32
( 186, 313)   coste      19       19
( 186, 341)   coste      42       42
( 186, 342)   coste      33       33
( 189, 596)   coste      62       62
( 190, 192)   coste      63       63
( 190, 193)   coste      51       51
( 191, 325)   coste      39       39
( 191, 596)   coste      31       31
( 192, 194)   coste      57       57
( 192, 596)   coste      65       65
( 193, 238)   coste      40       40
( 193, 688)   coste      18       18
( 194, 325)   coste      22       22
( 194, 326)   coste      35       35
( 194, 596)   coste      14       14
( 195, 716)   coste      45       45
( 196, 197)   coste      51       51
( 198, 424)   coste      60       60
( 199, 201)   coste      30       30
( 199, 680)   coste      58       58
( 200, 201)   coste      36       36
( 201, 680)   coste      52       52
( 201, 681)   coste      53       53
( 202, 379)   coste       8        8
( 202, 380)   coste      26       26
( 202, 382)   coste      43       43
( 202, 383)   coste      33       33
( 202, 384)   coste      31       31
( 203, 383)   coste      39       39
( 203, 618)   coste      51       51
( 204, 449)   coste      23       23
( 204, 716)   coste      45       45
( 205, 261)   coste      76       76
( 205, 543)   coste      19       19
( 206, 262)   coste      36       36
( 206, 543)   coste      38       38
( 207, 208)   coste      38       38
( 207, 543)   coste      43       43
( 207, 591)   coste      55       55
( 208, 262)   coste      34       34
( 208, 389)   coste      53       53
( 208, 543)   coste      33       33
( 208, 662)   coste      54       54
( 209, 418)   coste      49       49
( 209, 509)   coste      16       16
( 209, 512)   coste      30       30
( 209, 513)   coste      44       44
( 210, 212)   coste      23       23
( 210, 509)   coste      26       26
( 210, 512)   coste      23       23
( 210, 513)   coste      52       52
( 211, 212)   coste      13       13
( 212, 353)   coste      48       48
( 213, 263)   coste      11       11
( 213, 264)   coste      52       52
( 213, 615)   coste      18       18
( 213, 616)   coste      33       33
( 214, 263)   coste      45       45
( 214, 551)   coste      43       43
( 214, 553)   coste      42       42
( 214, 554)   coste      57       57
( 215, 464)   coste      55       55
( 215, 561)   coste      40       40
( 216, 219)   coste      40       40
( 216, 718)   coste      41       41
( 216, 719)   coste      40       40
( 217, 219)   coste      34       34
( 217, 434)   coste      55       55
( 217, 561)   coste      21       21
( 218, 421)   coste      42       42
( 218, 434)   coste      52       52
( 220, 277)   coste      38       38
( 220, 278)   coste      38       38
( 220, 580)   coste      46       46
( 220, 609)   coste      60       60
( 221, 609)   coste      41       41
( 222, 277)   coste      71       71
( 222, 278)   coste      73       73
( 222, 592)   coste      55       55
( 222, 609)   coste      33       33
( 223, 371)   coste      49       49
( 223, 372)   coste      16       16
( 223, 385)   coste      16       16
( 223, 486)   coste      13       13
( 223, 621)   coste      66       66
( 224, 385)   coste      21       21
( 224, 486)   coste      39       39
( 225, 650)   coste      24       24
( 225, 651)   coste       8        8
( 226, 227)   coste      33       33
( 226, 228)   coste      24       24
( 226, 575)   coste      68       68
( 226, 576)   coste      30       30
( 226, 655)   coste      34       34
( 226, 657)   coste      65       65
( 226, 666)   coste      29       29
( 228, 573)   coste      55       55
( 228, 576)   coste      39       39
( 230, 231)   coste      55       55
( 230, 232)   coste      45       45
( 231, 233)   coste      35       35
( 231, 272)   coste      32       32
( 231, 504)   coste      41       41
( 232, 522)   coste      56       56
( 232, 717)   coste      31       31
( 233, 234)   coste      49       49
( 233, 504)   coste      15       15
( 234, 500)   coste      24       24
( 235, 687)   coste      40       40
( 235, 721)   coste      29       29
( 236, 687)   coste      22       22
( 237, 556)   coste      45       45
( 237, 689)   coste      35       35
( 238, 704)   coste      30       30
( 239, 454)   coste      45       45
( 239, 640)   coste      10       10
( 239, 702)   coste      20       20
( 239, 703)   coste      31       31
( 239, 713)   coste      31       31
( 240, 435)   coste      49       49
( 240, 640)   coste      45       45
( 240, 702)   coste      30       30
( 240, 713)   coste      41       41
( 241, 243)   coste      48       48
( 241, 454)   coste      27       27
( 241, 703)   coste      36       36
( 242, 713)   coste      14       14
( 243, 406)   coste      47       47
( 246, 723)   coste      31       31
( 247, 410)   coste      18       18
( 247, 411)   coste      20       20
( 247, 622)   coste      18       18
( 247, 623)   coste      35       35
( 247, 624)   coste      46       46
( 248, 611)   coste      63       63
( 248, 623)   coste      19       19
( 248, 730)   coste      66       66
( 249, 250)   coste      62       62
( 249, 410)   coste      45       45
( 249, 730)   coste      25       25
( 249, 737)   coste      51       51
( 251, 290)   coste      51       51
( 251, 448)   coste      49       49
( 253, 254)   coste      11       11
( 253, 360)   coste      47       47
( 254, 359)   coste      56       56
( 255, 650)   coste      43       43
( 255, 652)   coste      29       29
( 255, 655)   coste      33       33
( 255, 656)   coste      45       45
( 255, 666)   coste      33       33
( 255, 686)   coste      40       40
( 256, 629)   coste      39       39
( 256, 655)   coste      44       44
( 256, 656)   coste      16       16
( 256, 718)   coste      49       49
( 256, 719)   coste      43       43
( 258, 457)   coste      62       62
( 259, 354)   coste      48       48
( 259, 673)   coste      43       43
( 260, 269)   coste      39       39
( 260, 457)   coste      57       57
( 261, 665)   coste      49       49
( 262, 543)   coste       3        3
( 263, 616)   coste      41       41
( 263, 734)   coste      43       43
( 267, 354)   coste      13       13
( 267, 355)   coste      48       48
( 267, 698)   coste      53       53
( 268, 269)   coste      29       29
( 268, 354)   coste      47       47
( 268, 636)   coste      39       39
( 268, 673)   coste      25       25
( 268, 700)   coste      44       44
( 269, 354)   coste      20       20
( 269, 673)   coste      34       34
( 270, 518)   coste      71       71
( 272, 352)   coste      40       40
( 272, 353)   coste      55       55
( 273, 412)   coste      34       34
( 273, 644)   coste      23       23
( 274, 275)   coste      32       32
( 274, 276)   coste      20       20
( 274, 644)   coste      36       36
( 274, 693)   coste      38       38
( 275, 413)   coste      35       35
( 275, 644)   coste      46       46
( 276, 693)   coste      43       43
( 277, 578)   coste      23       23
( 277, 580)   coste      11       11
( 278, 578)   coste      25       25
( 278, 668)   coste      49       49
( 278, 710)   coste      41       41
( 279, 428)   coste      63       63
( 279, 429)   coste      17       17
( 279, 431)   coste      80       80
( 279, 446)   coste      16       16
( 279, 672)   coste      98       98
( 280, 445)   coste      33       33
( 280, 446)   coste      15       15
( 280, 738)   coste      48       48
( 281, 728)   coste      21       21
( 281, 738)   coste      31       31
( 284, 405)   coste      40       40
( 284, 714)   coste      30       30
( 285, 618)   coste      52       52
( 285, 619)   coste      43       43
( 285, 620)   coste      46       46
( 286, 461)   coste      65       65
( 286, 472)   coste      39       39
( 288, 460)   coste      31       31
( 288, 462)   coste      33       33
( 288, 675)   coste      47       47
( 292, 293)   coste      17       17
( 292, 344)   coste      56       56
( 294, 333)   coste      51       51
( 295, 516)   coste      28       28
( 296, 599)   coste      57       57
( 297, 694)   coste      43       43
( 298, 299)   coste      56       56
( 299, 375)   coste      50       50
( 299, 598)   coste      60       60
( 300, 722)   coste      49       49
( 301, 302)   coste      30       30
( 301, 517)   coste      40       40
( 303, 616)   coste      54       54
( 304, 338)   coste      23       23
( 304, 700)   coste      31       31
( 305, 369)   coste      26       26
( 305, 446)   coste      45       45
( 306, 337)   coste      49       49
( 306, 338)   coste      17       17
( 307, 489)   coste      58       58
( 308, 473)   coste      29       29
( 308, 474)   coste      52       52
( 309, 447)   coste      56       56
( 311, 350)   coste       5        5
( 312, 507)   coste      49       49
( 312, 530)   coste      43       43
( 313, 342)   coste      29       29
( 314, 549)   coste      40       40
( 316, 317)   coste      49       49
( 316, 413)   coste      43       43
( 316, 414)   coste      49       49
( 316, 548)   coste      34       34
( 318, 549)   coste      35       35
( 319, 329)   coste      23       23
( 319, 679)   coste      59       59
( 321, 323)   coste      18       18
( 321, 474)   coste      58       58
( 323, 474)   coste      45       45
( 324, 601)   coste      52       52
( 325, 596)   coste      18       18
( 326, 727)   coste      56       56
( 327, 527)   coste      55       55
( 327, 678)   coste      51       51
( 328, 679)   coste      26       26
( 328, 692)   coste      34       34
( 329, 627)   coste      53       53
( 330, 391)   coste      69       69
( 330, 393)   coste      64       64
( 331, 332)   coste      64       64
( 331, 512)   coste      67       67
( 334, 469)   coste      47       47
( 334, 479)   coste      36       36
( 335, 479)   coste       9        9
( 336, 572)   coste      49       49
( 337, 369)   coste      19       19
( 337, 445)   coste      30       30
( 338, 636)   coste      51       51
( 338, 700)   coste      18       18
( 339, 700)   coste      49       49
( 340, 407)   coste      45       45
( 340, 409)   coste      61       61
( 343, 386)   coste      64       64
( 343, 545)   coste      19       19
( 344, 346)   coste      47       47
( 344, 545)   coste      32       32
( 346, 386)   coste      53       53
( 346, 659)   coste      63       63
( 347, 583)   coste      31       31
( 348, 593)   coste      40       40
( 348, 594)   coste      40       40
( 349, 355)   coste      27       27
( 349, 698)   coste      61       61
( 349, 731)   coste      34       34
( 350, 447)   coste      14       14
( 350, 488)   coste      42       42
( 350, 489)   coste      32       32
( 351, 569)   coste      21       21
( 352, 353)   coste      53       53
( 356, 679)   coste      30       30
( 356, 692)   coste      15       15
( 357, 678)   coste      64       64
( 357, 692)   coste      54       54
( 358, 505)   coste      67       67
( 359, 404)   coste      13       13
( 361, 443)   coste      59       59
( 361, 643)   coste      51       51
( 361, 707)   coste      52       52
( 361, 735)   coste      36       36
( 362, 735)   coste       9        9
( 363, 589)   coste       4        4
( 364, 365)   coste      18       18
( 365, 366)   coste      32       32
( 365, 387)   coste      35       35
( 365, 590)   coste      35       35
( 366, 387)   coste      41       41
( 367, 736)   coste      45       45
( 367, 739)   coste      44       44
( 368, 376)   coste      26       26
( 368, 445)   coste      14       14
( 368, 446)   coste      34       34
( 369, 446)   coste      49       49
( 370, 485)   coste      49       49
( 370, 486)   coste      48       48
( 371, 385)   coste      39       39
( 372, 385)   coste      17       17
( 372, 621)   coste      54       54
( 374, 528)   coste      54       54
( 374, 552)   coste      32       32
( 375, 528)   coste      46       46
( 375, 529)   coste      67       67
( 375, 599)   coste      40       40
( 375, 663)   coste      42       42
( 375, 695)   coste      66       66
( 376, 445)   coste      27       27
( 377, 378)   coste      56       56
( 377, 738)   coste      16       16
( 380, 383)   coste      27       27
( 381, 383)   coste      24       24
( 381, 618)   coste      39       39
( 381, 620)   coste      42       42
( 382, 607)   coste      26       26
( 383, 384)   coste      34       34
( 390, 699)   coste      30       30
( 391, 586)   coste      32       32
( 392, 442)   coste      58       58
( 392, 444)   coste      10       10
( 392, 587)   coste      72       72
( 392, 642)   coste      49       49
( 393, 587)   coste      41       41
( 394, 740)   coste      36       36
( 395, 419)   coste      49       49
( 396, 397)   coste      25       25
( 396, 419)   coste      39       39
( 396, 509)   coste      42       42
( 397, 418)   coste      10       10
( 398, 510)   coste      23       23
( 398, 558)   coste      45       45
( 398, 567)   coste      22       22
( 399, 664)   coste      41       41
( 399, 669)   coste      23       23
( 400, 669)   coste      21       21
( 401, 465)   coste      43       43
( 401, 466)   coste      44       44
( 401, 669)   coste      37       37
( 402, 533)   coste      54       54
( 402, 670)   coste      36       36
( 402, 681)   coste      45       45
( 403, 740)   coste      33       33
( 405, 714)   coste      40       40
( 407, 665)   coste      73       73
( 408, 409)   coste      71       71
( 409, 665)   coste      56       56
( 410, 623)   coste      48       48
( 410, 730)   coste      55       55
( 410, 741)   coste      74       74
( 412, 644)   coste      39       39
( 413, 548)   coste      11       11
( 414, 538)   coste      20       20
( 414, 540)   coste      43       43
( 414, 633)   coste      62       62
( 414, 644)   coste      42       42
( 416, 417)   coste      61       61
( 417, 458)   coste      45       45
( 417, 462)   coste      46       46
( 417, 605)   coste      49       49
( 418, 509)   coste      40       40
( 418, 529)   coste      18       18
( 419, 438)   coste      55       55
( 422, 577)   coste      34       34
( 422, 726)   coste      40       40
( 423, 574)   coste      40       40
( 423, 577)   coste      19       19
( 423, 726)   coste      31       31
( 424, 569)   coste      61       61
( 424, 570)   coste      24       24
( 425, 569)   coste      34       34
( 426, 696)   coste      44       44
( 426, 697)   coste      21       21
( 427, 697)   coste      30       30
( 428, 562)   coste      19       19
( 428, 563)   coste      47       47
( 428, 672)   coste      44       44
( 429, 430)   coste      58       58
( 429, 431)   coste      67       67
( 429, 672)   coste      85       85
( 430, 562)   coste      31       31
( 430, 563)   coste      55       55
( 431, 672)   coste      27       27
( 432, 607)   coste      40       40
( 432, 617)   coste      11       11
( 432, 641)   coste      43       43
( 433, 434)   coste      29       29
( 433, 607)   coste      33       33
( 434, 451)   coste      47       47
( 434, 561)   coste      68       68
( 434, 617)   coste      34       34
( 436, 468)   coste      47       47
( 436, 611)   coste      39       39
( 436, 612)   coste      44       44
( 437, 705)   coste      29       29
( 438, 689)   coste      35       35
( 438, 707)   coste      47       47
( 439, 531)   coste      50       50
( 439, 544)   coste      33       33
( 439, 633)   coste      22       22
( 440, 633)   coste      42       42
( 440, 644)   coste      50       50
( 441, 586)   coste      51       51
( 441, 587)   coste      58       58
( 441, 643)   coste      15       15
( 442, 443)   coste      10       10
( 442, 586)   coste      61       61
( 442, 643)   coste      21       21
( 442, 707)   coste      22       22
( 443, 586)   coste      58       58
( 443, 587)   coste      65       65
( 443, 643)   coste      12       12
( 443, 707)   coste      28       28
( 444, 587)   coste      68       68
( 444, 613)   coste      42       42
( 444, 642)   coste      44       44
( 447, 448)   coste      52       52
( 447, 488)   coste      42       42
( 447, 489)   coste      36       36
( 448, 569)   coste      44       44
( 449, 588)   coste      15       15
( 449, 607)   coste      39       39
( 449, 608)   coste      32       32
( 449, 716)   coste      27       27
( 450, 716)   coste      42       42
( 451, 608)   coste      14       14
( 452, 546)   coste      18       18
( 452, 613)   coste      59       59
( 452, 642)   coste      58       58
( 453, 642)   coste      56       56
( 454, 640)   coste      36       36
( 454, 676)   coste      63       63
( 454, 702)   coste      52       52
( 454, 703)   coste      56       56
( 455, 676)   coste      18       18
( 455, 677)   coste      33       33
( 455, 718)   coste      45       45
( 456, 490)   coste      28       28
( 456, 682)   coste      28       28
( 457, 636)   coste      25       25
( 459, 461)   coste      38       38
( 459, 604)   coste      47       47
( 460, 462)   coste       4        4
( 460, 675)   coste      27       27
( 460, 691)   coste      41       41
( 461, 472)   coste      45       45
( 461, 568)   coste      42       42
( 463, 464)   coste      30       30
( 464, 617)   coste      41       41
( 467, 476)   coste      51       51
( 467, 724)   coste      22       22
( 468, 624)   coste      54       54
( 468, 724)   coste      10       10
( 469, 736)   coste      22       22
( 471, 542)   coste      46       46
( 471, 598)   coste      72       72
( 473, 474)   coste      38       38
( 473, 594)   coste      13       13
( 474, 594)   coste      38       38
( 475, 506)   coste      47       47
( 475, 645)   coste      47       47
( 475, 683)   coste      47       47
( 476, 478)   coste      45       45
( 476, 645)   coste      28       28
( 476, 724)   coste      42       42
( 477, 484)   coste      34       34
( 478, 482)   coste      42       42
( 478, 484)   coste      26       26
( 478, 683)   coste      24       24
( 481, 683)   coste      25       25
( 482, 683)   coste      28       28
( 482, 724)   coste      45       45
( 483, 484)   coste      20       20
( 483, 624)   coste      53       53
( 487, 493)   coste      45       45
( 487, 637)   coste      31       31
( 488, 489)   coste      14       14
( 490, 682)   coste       2        2
( 492, 497)   coste      60       60
( 492, 628)   coste      51       51
( 493, 495)   coste       6        6
( 493, 501)   coste      24       24
( 494, 495)   coste      10       10
( 494, 503)   coste      34       34
( 494, 560)   coste      36       36
( 494, 638)   coste      38       38
( 495, 501)   coste      23       23
( 495, 637)   coste      25       25
( 495, 639)   coste      40       40
( 497, 626)   coste      40       40
( 498, 572)   coste      44       44
( 499, 571)   coste      52       52
( 499, 572)   coste      36       36
( 499, 727)   coste      46       46
( 500, 560)   coste      33       33
( 501, 560)   coste      36       36
( 503, 638)   coste      28       28
( 506, 507)   coste      22       22
( 506, 693)   coste      55       55
( 507, 530)   coste      49       49
( 507, 693)   coste      38       38
( 508, 710)   coste      33       33
( 508, 711)   coste      43       43
( 510, 558)   coste      37       37
( 510, 567)   coste       8        8
( 512, 513)   coste      40       40
( 512, 514)   coste      43       43
( 513, 695)   coste      24       24
( 517, 553)   coste      65       65
( 517, 614)   coste      45       45
( 518, 541)   coste      88       88
( 518, 648)   coste      43       43
( 518, 711)   coste      72       72
( 519, 648)   coste      52       52
( 520, 648)   coste      66       66
( 521, 584)   coste      23       23
( 521, 654)   coste      35       35
( 522, 671)   coste      23       23
( 523, 557)   coste      58       58
( 523, 654)   coste      16       16
( 523, 667)   coste      59       59
( 524, 584)   coste      25       25
( 524, 671)   coste      30       30
( 524, 677)   coste      57       57
( 525, 584)   coste      17       17
( 525, 654)   coste      57       57
( 526, 601)   coste      39       39
( 527, 692)   coste      43       43
( 528, 663)   coste      52       52
( 528, 695)   coste      81       81
( 529, 663)   coste      39       39
( 530, 693)   coste      35       35
( 533, 691)   coste      56       56
( 533, 720)   coste      48       48
( 534, 604)   coste      24       24
( 534, 606)   coste      25       25
( 534, 674)   coste      29       29
( 534, 720)   coste      35       35
( 535, 691)   coste      11       11
( 536, 680)   coste      35       35
( 537, 723)   coste      37       37
( 538, 633)   coste      53       53
( 538, 644)   coste      52       52
( 539, 633)   coste      64       64
( 540, 631)   coste      51       51
( 541, 648)   coste      50       50
( 542, 590)   coste      11       11
( 546, 733)   coste      56       56
( 550, 722)   coste      56       56
( 553, 554)   coste      24       24
( 554, 614)   coste      16       16
( 557, 602)   coste      33       33
( 557, 667)   coste      22       22
( 558, 559)   coste      42       42
( 559, 602)   coste      22       22
( 559, 667)   coste      40       40
( 562, 672)   coste      36       36
( 564, 630)   coste      23       23
( 564, 631)   coste      33       33
( 565, 631)   coste      49       49
( 566, 630)   coste      27       27
( 568, 675)   coste      14       14
( 568, 709)   coste      37       37
( 569, 570)   coste      39       39
( 571, 574)   coste      50       50
( 571, 706)   coste      44       44
( 572, 706)   coste      40       40
( 574, 726)   coste      10       10
( 575, 576)   coste      43       43
( 575, 652)   coste      73       73
( 575, 655)   coste      67       67
( 575, 657)   coste      27       27
( 576, 655)   coste      46       46
( 576, 657)   coste      47       47
( 577, 706)   coste      62       62
( 578, 668)   coste      50       50
( 578, 710)   coste      52       52
( 579, 684)   coste      20       20
( 582, 597)   coste      45       45
( 582, 635)   coste      21       21
( 582, 684)   coste      29       29
( 583, 597)   coste      41       41
( 584, 717)   coste      48       48
( 585, 710)   coste      43       43
( 587, 688)   coste      40       40
( 588, 607)   coste      38       38
( 588, 716)   coste      41       41
( 591, 658)   coste      58       58
( 591, 659)   coste      63       63
( 592, 647)   coste      74       74
( 593, 597)   coste      28       28
( 593, 725)   coste      18       18
( 594, 725)   coste      59       59
( 595, 668)   coste      35       35
( 595, 711)   coste      60       60
( 595, 725)   coste      17       17
( 598, 599)   coste      43       43
( 599, 663)   coste      77       77
( 599, 695)   coste     101      101
( 603, 674)   coste       5        5
( 605, 674)   coste      27       27
( 605, 691)   coste      41       41
( 608, 716)   coste      31       31
( 609, 647)   coste      62       62
( 610, 647)   coste      59       59
( 611, 623)   coste      56       56
( 612, 623)   coste      47       47
( 612, 624)   coste      42       42
( 613, 642)   coste       5        5
( 615, 616)   coste      39       39
( 615, 734)   coste      40       40
( 619, 620)   coste      53       53
( 619, 715)   coste      27       27
( 625, 653)   coste      50       50
( 628, 722)   coste      24       24
( 629, 657)   coste      37       37
( 629, 719)   coste      40       40
( 636, 673)   coste      19       19
( 636, 700)   coste      37       37
( 638, 639)   coste       2        2
( 641, 715)   coste      33       33
( 642, 735)   coste      51       51
( 646, 699)   coste      62       62
( 646, 708)   coste      17       17
( 647, 661)   coste      64       64
( 647, 684)   coste      53       53
( 647, 708)   coste      44       44
( 650, 666)   coste      12       12
( 650, 686)   coste      25       25
( 652, 656)   coste      41       41
( 652, 686)   coste      40       40
( 655, 666)   coste      22       22
( 656, 657)   coste      30       30
( 656, 719)   coste      53       53
( 659, 660)   coste      48       48
( 663, 695)   coste      31       31
( 664, 670)   coste      16       16
( 666, 686)   coste      27       27
( 668, 711)   coste      50       50
( 668, 725)   coste      48       48
( 669, 720)   coste      38       38
( 675, 709)   coste      25       25
( 676, 717)   coste      53       53
( 677, 719)   coste      41       41
( 679, 692)   coste      25       25
( 688, 689)   coste      40       40
( 698, 731)   coste      36       36
( 699, 708)   coste      52       52
( 728, 738)   coste      15       15
( 730, 741)   coste      33       33
( 732, 735)   coste      52       52
