NOMBRE : UR762
COMENTARIO : 103  componentes 
VERTICES :  593
ARISTAS_REQ :  530
ARISTAS_NOREQ : 1559
LISTA_ARISTAS_REQ :
(   1,   2)   coste      65       65
(   1,   3)   coste      48       48
(   4,   5)   coste      56       56
(   6,   7)   coste      14       14
(   6,   8)   coste      35       35
(   6,   9)   coste      71       71
(  10,  11)   coste      45       45
(  10,  12)   coste      15       15
(  13,  14)   coste      36       36
(  13,  15)   coste      51       51
(  16,  17)   coste      25       25
(  18,  19)   coste      73       73
(  18,  20)   coste      13       13
(  21,  22)   coste      40       40
(  23,  24)   coste      52       52
(  23,  25)   coste      50       50
(  26,  27)   coste      54       54
(  26,  28)   coste      23       23
(  26,  29)   coste      49       49
(  30,  31)   coste      31       31
(  32,  33)   coste      29       29
(  34,  35)   coste      29       29
(  36,  37)   coste      53       53
(  36,  38)   coste      48       48
(  39,  40)   coste      42       42
(  39,  41)   coste      52       52
(  42,  43)   coste      52       52
(  42,  44)   coste      57       57
(  42,  45)   coste      43       43
(  46,  47)   coste      27       27
(  46,  48)   coste      29       29
(  46,  49)   coste      27       27
(  46,  50)   coste      57       57
(  51,  52)   coste      31       31
(  51,  53)   coste      52       52
(  54,  55)   coste      64       64
(  54,  56)   coste      38       38
(  54,  57)   coste      57       57
(  52,  58)   coste      18       18
(  52,  59)   coste       6        6
(  60,  61)   coste      32       32
(  60,  62)   coste      14       14
(  60,  63)   coste      58       58
(  64,  65)   coste      47       47
(  66,  67)   coste      29       29
(  66,  68)   coste      36       36
(  69,  70)   coste      13       13
(  69,  71)   coste      49       49
(  35,  72)   coste      45       45
(  73,  74)   coste      57       57
(  75,  76)   coste      29       29
(  77,  78)   coste       6        6
(  79,  80)   coste      44       44
(  79,  81)   coste      52       52
(  82,  83)   coste      16       16
(  84,  85)   coste      54       54
(  84,  86)   coste      34       34
(  87,  88)   coste      42       42
(  89,  90)   coste      41       41
(  89,  91)   coste      96       96
(  92,  93)   coste      37       37
(  92,  94)   coste      45       45
(  95,  96)   coste      28       28
(  95,  97)   coste      41       41
(  98,  99)   coste      37       37
(  98, 100)   coste      36       36
(  70, 101)   coste      53       53
( 102, 103)   coste      15       15
( 102, 104)   coste      38       38
( 102, 105)   coste      25       25
(  71, 106)   coste      41       41
( 106, 107)   coste      27       27
( 108, 109)   coste      56       56
( 108, 110)   coste      66       66
( 108, 111)   coste      39       39
( 108, 112)   coste      66       66
( 113, 114)   coste      50       50
( 113, 115)   coste      36       36
( 116, 117)   coste      56       56
( 116, 118)   coste      56       56
( 119, 120)   coste       1        1
( 121, 122)   coste      28       28
( 123, 124)   coste      50       50
( 123, 125)   coste      41       41
( 126, 127)   coste      57       57
( 128, 129)   coste      36       36
( 130, 131)   coste      20       20
( 132, 133)   coste      33       33
( 134, 135)   coste      39       39
(  58, 136)   coste      21       21
( 137, 138)   coste      45       45
( 137, 139)   coste      37       37
( 137, 140)   coste      39       39
( 141, 142)   coste      35       35
( 141, 143)   coste      45       45
( 141, 144)   coste      16       16
( 141, 145)   coste      19       19
( 146, 147)   coste      54       54
( 148, 149)   coste      29       29
( 148, 150)   coste      19       19
(  97, 151)   coste      49       49
( 151, 152)   coste      27       27
( 153, 154)   coste      52       52
( 155, 156)   coste      49       49
( 157, 158)   coste      44       44
( 157, 159)   coste      25       25
( 157, 160)   coste      24       24
( 157, 161)   coste      33       33
( 162, 163)   coste       8        8
( 162, 164)   coste      30       30
( 165, 166)   coste      57       57
( 167, 168)   coste       7        7
( 167, 169)   coste      12       12
( 170, 171)   coste      37       37
( 133, 172)   coste      40       40
( 109, 173)   coste      18       18
(  20, 109)   coste      63       63
( 109, 112)   coste      32       32
(  27, 174)   coste      37       37
(  27, 175)   coste      14       14
(  27, 176)   coste      49       49
( 177, 178)   coste      56       56
( 177, 179)   coste      41       41
( 177, 180)   coste      52       52
( 181, 182)   coste      53       53
( 181, 183)   coste      40       40
( 181, 184)   coste      56       56
( 185, 186)   coste      34       34
( 187, 188)   coste      49       49
( 189, 190)   coste      45       45
( 160, 191)   coste      19       19
( 161, 191)   coste      39       39
(  71, 135)   coste      49       49
( 192, 193)   coste      57       57
( 194, 195)   coste      19       19
( 184, 194)   coste      31       31
( 196, 197)   coste      35       35
( 196, 198)   coste      26       26
( 196, 199)   coste      36       36
( 200, 201)   coste      42       42
( 200, 202)   coste      48       48
( 200, 203)   coste      25       25
(  47,  48)   coste       6        6
(  47, 204)   coste      39       39
(  47, 205)   coste      41       41
( 206, 207)   coste      37       37
( 206, 208)   coste      55       55
( 206, 209)   coste      51       51
( 210, 211)   coste      28       28
( 210, 212)   coste      18       18
( 213, 214)   coste      40       40
( 213, 215)   coste      51       51
( 216, 217)   coste      11       11
( 218, 219)   coste      29       29
( 218, 220)   coste      34       34
( 221, 222)   coste       6        6
( 221, 223)   coste      58       58
( 224, 225)   coste      47       47
( 224, 226)   coste      80       80
( 107, 227)   coste      39       39
( 228, 229)   coste      46       46
( 230, 231)   coste      55       55
( 232, 233)   coste      45       45
( 232, 234)   coste      59       59
(  48, 205)   coste      44       44
( 235, 236)   coste      55       55
( 235, 237)   coste      23       23
(  40, 199)   coste      55       55
( 238, 239)   coste      38       38
( 238, 240)   coste      15       15
( 241, 242)   coste      15       15
( 243, 244)   coste      61       61
( 245, 246)   coste      34       34
( 247, 248)   coste      35       35
( 247, 249)   coste      58       58
( 203, 247)   coste      55       55
( 250, 251)   coste      56       56
( 250, 252)   coste      47       47
( 246, 253)   coste      35       35
( 254, 255)   coste      32       32
( 254, 256)   coste      13       13
( 257, 258)   coste      21       21
( 257, 259)   coste      48       48
( 260, 261)   coste      56       56
( 260, 262)   coste      49       49
( 263, 264)   coste      32       32
( 263, 265)   coste      61       61
( 266, 267)   coste      20       20
( 239, 268)   coste      24       24
( 269, 270)   coste      44       44
( 269, 271)   coste      62       62
( 272, 273)   coste      28       28
( 244, 274)   coste      45       45
( 275, 276)   coste      45       45
( 277, 278)   coste      16       16
( 279, 280)   coste      55       55
( 279, 281)   coste      31       31
( 282, 283)   coste      18       18
( 284, 285)   coste      25       25
(  41, 286)   coste      51       51
( 236, 286)   coste      57       57
( 286, 287)   coste      49       49
( 288, 289)   coste      40       40
( 288, 290)   coste      46       46
( 291, 292)   coste      47       47
( 293, 294)   coste      28       28
( 295, 296)   coste      40       40
(  38, 295)   coste      49       49
( 171, 297)   coste      41       41
( 298, 299)   coste      43       43
( 298, 300)   coste      17       17
( 144, 298)   coste      24       24
(  65, 211)   coste      59       59
( 301, 302)   coste      69       69
( 301, 303)   coste      42       42
(  19, 301)   coste      38       38
( 301, 304)   coste      61       61
( 305, 306)   coste      46       46
( 305, 307)   coste      44       44
( 305, 308)   coste      41       41
( 178, 309)   coste      39       39
(  55, 310)   coste      69       69
( 310, 311)   coste      29       29
( 312, 313)   coste      24       24
( 122, 197)   coste      13       13
( 122, 314)   coste      30       30
( 122, 198)   coste      38       38
(  31, 315)   coste      53       53
( 316, 317)   coste       3        3
( 316, 318)   coste      30       30
( 316, 319)   coste      34       34
( 320, 321)   coste       9        9
( 320, 322)   coste      37       37
(  14, 320)   coste      32       32
( 323, 324)   coste       9        9
( 323, 325)   coste      20       20
( 326, 327)   coste      26       26
( 328, 329)   coste      30       30
( 270, 328)   coste      66       66
( 271, 328)   coste      44       44
( 179, 202)   coste      34       34
( 330, 331)   coste      47       47
(  50, 330)   coste      45       45
( 332, 333)   coste      69       69
( 334, 335)   coste       4        4
( 336, 337)   coste      52       52
( 336, 338)   coste      57       57
( 336, 339)   coste      48       48
(  41, 195)   coste      67       67
(  41, 287)   coste      23       23
( 340, 341)   coste      34       34
(  55, 342)   coste      53       53
(  55,  56)   coste      42       42
( 163, 219)   coste      21       21
( 147, 343)   coste      11       11
(  17, 343)   coste      50       50
( 166, 344)   coste      52       52
(  24, 345)   coste      47       47
( 217, 346)   coste      28       28
( 147, 347)   coste      42       42
( 236, 348)   coste      55       55
( 348, 349)   coste      33       33
( 350, 351)   coste      16       16
( 352, 353)   coste      40       40
( 183, 354)   coste      44       44
( 195, 354)   coste       7        7
( 184, 354)   coste      31       31
( 172, 355)   coste      30       30
( 356, 357)   coste      51       51
( 358, 359)   coste      60       60
(  61, 360)   coste      46       46
(  61, 361)   coste      46       46
( 362, 363)   coste      11       11
(  12, 142)   coste      56       56
( 364, 365)   coste      68       68
( 100, 366)   coste      19       19
( 367, 368)   coste      43       43
( 267, 369)   coste      52       52
( 370, 371)   coste      32       32
( 240, 370)   coste      44       44
( 271, 329)   coste      17       17
( 372, 373)   coste      54       54
( 374, 375)   coste      72       72
( 376, 377)   coste      39       39
(  37, 127)   coste      40       40
( 127, 290)   coste      25       25
( 127, 378)   coste      21       21
( 163, 379)   coste      40       40
( 380, 381)   coste      37       37
( 380, 382)   coste      46       46
( 380, 383)   coste      44       44
( 384, 385)   coste      48       48
( 101, 386)   coste       9        9
( 242, 296)   coste      28       28
( 387, 388)   coste      15       15
( 387, 389)   coste      11       11
( 331, 390)   coste      27       27
( 176, 390)   coste      48       48
( 391, 392)   coste      31       31
( 393, 394)   coste      40       40
( 395, 396)   coste      55       55
( 395, 397)   coste      57       57
( 398, 399)   coste      10       10
( 325, 351)   coste      40       40
( 400, 401)   coste      31       31
( 400, 402)   coste      35       35
( 375, 400)   coste      58       58
( 403, 404)   coste      17       17
( 405, 406)   coste      37       37
( 357, 407)   coste      29       29
( 407, 408)   coste       4        4
( 407, 409)   coste      35       35
( 261, 410)   coste      60       60
( 371, 411)   coste      27       27
( 308, 371)   coste      24       24
( 306, 399)   coste      39       39
( 308, 399)   coste      13       13
( 412, 413)   coste      54       54
( 414, 415)   coste       2        2
( 174, 416)   coste      43       43
( 222, 417)   coste      19       19
( 418, 419)   coste      16       16
( 118, 420)   coste      64       64
( 294, 421)   coste      44       44
( 294, 422)   coste      47       47
( 302, 423)   coste      56       56
( 360, 424)   coste      10       10
( 425, 426)   coste      13       13
( 427, 428)   coste      31       31
( 171, 429)   coste      38       38
( 313, 430)   coste      44       44
( 430, 431)   coste      59       59
( 193, 432)   coste      31       31
( 433, 434)   coste      13       13
( 226, 255)   coste      55       55
( 435, 436)   coste      82       82
( 333, 437)   coste      58       58
( 438, 439)   coste      68       68
( 259, 440)   coste      32       32
( 441, 442)   coste      30       30
( 341, 443)   coste      42       42
(  59, 274)   coste      35       35
( 444, 445)   coste      26       26
( 357, 408)   coste      32       32
( 446, 447)   coste      50       50
( 164, 448)   coste      34       34
( 396, 449)   coste      64       64
( 434, 450)   coste      38       38
( 451, 452)   coste      35       35
( 267, 451)   coste       6        6
( 207, 314)   coste      52       52
(   2, 309)   coste      51       51
(   2, 447)   coste      14       14
( 215, 453)   coste      63       63
(   3,  22)   coste      61       61
(  22, 454)   coste      38       38
(  22, 455)   coste      42       42
( 456, 457)   coste      34       34
( 299, 458)   coste      25       25
( 299, 459)   coste      48       48
( 299, 460)   coste      30       30
(  85, 379)   coste      50       50
( 421, 461)   coste      32       32
( 436, 462)   coste      80       80
( 229, 436)   coste      24       24
( 436, 463)   coste      50       50
( 464, 465)   coste      26       26
( 466, 467)   coste      50       50
( 193, 466)   coste      24       24
( 447, 468)   coste      36       36
( 311, 429)   coste      48       48
( 469, 470)   coste      43       43
(  76, 471)   coste      21       21
( 289, 290)   coste      16       16
( 413, 442)   coste      58       58
( 472, 473)   coste      54       54
( 285, 474)   coste      24       24
( 474, 475)   coste      47       47
( 476, 477)   coste      46       46
( 454, 478)   coste      20       20
( 208, 314)   coste      37       37
( 479, 480)   coste      45       45
( 281, 479)   coste      49       49
( 481, 482)   coste      84       84
( 273, 483)   coste      28       28
( 324, 484)   coste       7        7
( 319, 324)   coste      31       31
( 139, 485)   coste      55       55
( 402, 485)   coste      37       37
(  80, 486)   coste      57       57
(  80, 487)   coste      83       83
( 142, 488)   coste      80       80
(  97, 489)   coste      47       47
( 396, 490)   coste      51       51
( 209, 491)   coste      10       10
( 131, 404)   coste      32       32
( 131, 492)   coste      17       17
( 493, 494)   coste      39       39
( 495, 496)   coste      40       40
(  76, 373)   coste      50       50
(  37, 290)   coste      55       55
( 180, 497)   coste      35       35
( 497, 498)   coste      37       37
( 499, 500)   coste      60       60
( 308, 501)   coste      17       17
( 484, 502)   coste      36       36
( 502, 503)   coste      40       40
( 363, 504)   coste      44       44
(  97, 505)   coste      43       43
( 231, 454)   coste      40       40
( 506, 507)   coste      23       23
(  49, 308)   coste      31       31
( 508, 509)   coste      42       42
( 129, 510)   coste      38       38
(  35, 511)   coste      43       43
( 229, 486)   coste      46       46
(  81, 486)   coste      58       58
( 180, 512)   coste      41       41
( 513, 514)   coste      39       39
( 341, 513)   coste      35       35
( 184, 515)   coste      51       51
( 515, 516)   coste      50       50
( 411, 517)   coste      54       54
( 496, 517)   coste      22       22
( 246, 507)   coste      59       59
( 304, 423)   coste      67       67
( 452, 518)   coste      56       56
( 205, 411)   coste      44       44
( 385, 519)   coste      48       48
( 520, 521)   coste      46       46
( 156, 382)   coste      48       48
( 156, 383)   coste      13       13
( 434, 522)   coste      28       28
(  29, 522)   coste      33       33
( 327, 523)   coste      28       28
( 327, 353)   coste      27       27
( 327, 524)   coste      14       14
(  44, 525)   coste      65       65
( 361, 424)   coste      12       12
( 394, 487)   coste      19       19
( 408, 409)   coste      33       33
( 482, 526)   coste      74       74
( 144, 527)   coste      71       71
( 526, 528)   coste      56       56
( 480, 529)   coste      66       66
(  33, 285)   coste      45       45
( 487, 530)   coste      50       50
( 455, 531)   coste      54       54
(  44,  45)   coste      18       18
( 251, 532)   coste      36       36
(  74, 287)   coste      53       53
( 205, 308)   coste      41       41
( 533, 534)   coste       8        8
( 144, 300)   coste      38       38
( 355, 535)   coste      40       40
( 536, 537)   coste      49       49
( 536, 538)   coste      23       23
( 461, 539)   coste      17       17
( 540, 541)   coste      56       56
( 490, 542)   coste      38       38
( 339, 543)   coste      21       21
( 544, 545)   coste      34       34
( 143, 546)   coste      53       53
( 410, 538)   coste      35       35
( 532, 547)   coste      40       40
(  68, 548)   coste      25       25
( 199, 314)   coste      47       47
( 125, 549)   coste      24       24
(  45, 217)   coste      72       72
( 550, 551)   coste      56       56
( 174, 331)   coste      44       44
( 174, 552)   coste      33       33
( 125, 494)   coste      32       32
(   8, 125)   coste      34       34
(  59, 553)   coste      26       26
( 190, 554)   coste      42       42
( 519, 555)   coste      19       19
( 556, 557)   coste      33       33
( 558, 559)   coste      43       43
( 409, 558)   coste      46       46
(  96,  97)   coste      37       37
(  96, 560)   coste      56       56
( 561, 562)   coste      12       12
( 561, 563)   coste       8        8
( 457, 564)   coste      49       49
( 144, 460)   coste      43       43
( 537, 565)   coste      59       59
( 565, 566)   coste      37       37
( 353, 567)   coste      36       36
( 562, 567)   coste      30       30
( 568, 569)   coste      57       57
( 568, 570)   coste      50       50
( 571, 572)   coste      52       52
( 285, 475)   coste      40       40
( 236, 573)   coste      62       62
( 313, 431)   coste      29       29
( 521, 574)   coste       7        7
(  50, 575)   coste      55       55
( 537, 576)   coste      53       53
( 175, 552)   coste      11       11
( 267, 577)   coste      28       28
( 577, 578)   coste      47       47
( 264, 579)   coste      40       40
( 562, 580)   coste      25       25
( 541, 581)   coste      47       47
( 267, 582)   coste      21       21
(  29, 434)   coste      11       11
( 583, 584)   coste      51       51
( 428, 528)   coste      52       52
( 229, 463)   coste      52       52
( 338, 339)   coste      14       14
( 528, 585)   coste      35       35
(   8, 494)   coste      34       34
( 586, 587)   coste      24       24
( 538, 566)   coste      13       13
(  94, 514)   coste      56       56
( 175, 176)   coste      45       45
( 366, 457)   coste      39       39
( 265, 503)   coste      33       33
(  59, 560)   coste      51       51
( 563, 580)   coste      30       30
( 588, 589)   coste      15       15
(  25, 424)   coste      24       24
( 431, 545)   coste      30       30
( 268, 590)   coste      58       58
( 280, 585)   coste      22       22
( 366, 591)   coste      37       37
( 252, 592)   coste      43       43
( 539, 593)   coste      33       33
( 233, 234)   coste      23       23
LISTA_ARISTAS_NOREQ :
(   1,  64)   coste     121      121
(   1, 309)   coste      26       26
(   1, 438)   coste     121      121
(   1, 531)   coste      59       59
(   1, 534)   coste     100      100
(   2, 178)   coste      50       50
(   2, 439)   coste      72       72
(   2, 446)   coste      53       53
(   2, 468)   coste      49       49
(   3, 230)   coste      52       52
(   3, 309)   coste      63       63
(   3, 438)   coste     136      136
(   3, 512)   coste      59       59
(   3, 531)   coste      29       29
(   3, 534)   coste     115      115
(   4,  85)   coste     100      100
(   4, 164)   coste      46       46
(   4, 218)   coste      39       39
(   4, 220)   coste      30       30
(   4, 439)   coste      89       89
(   4, 448)   coste      18       18
(   5, 220)   coste      34       34
(   5, 439)   coste      67       67
(   5, 541)   coste       5        5
(   5, 581)   coste      48       48
(   6, 123)   coste      33       33
(   6, 125)   coste      48       48
(   7,   8)   coste      46       46
(   7, 123)   coste      43       43
(   7, 124)   coste      13       13
(   7, 234)   coste       2        2
(   8, 234)   coste      46       46
(   8, 549)   coste      52       52
(   9, 123)   coste      49       49
(   9, 125)   coste      31       31
(   9, 494)   coste      56       56
(   9, 549)   coste      28       28
(  10, 148)   coste      30       30
(  10, 149)   coste       4        4
(  11,  12)   coste      32       32
(  11, 141)   coste      59       59
(  11, 142)   coste      34       34
(  11, 143)   coste      23       23
(  12, 149)   coste      17       17
(  12, 226)   coste      84       84
(  12, 488)   coste     129      129
(  13, 322)   coste      21       21
(  13, 438)   coste      56       56
(  13, 569)   coste      67       67
(  13, 570)   coste     125      125
(  13, 583)   coste     129      129
(  14,  15)   coste      35       35
(  14, 321)   coste      35       35
(  14, 322)   coste      23       23
(  14, 439)   coste     136      136
(  14, 569)   coste     102      102
(  14, 570)   coste     130      130
(  15, 191)   coste      99       99
(  15, 418)   coste      78       78
(  15, 419)   coste      84       84
(  15, 569)   coste     111      111
(  15, 570)   coste     102      102
(  15, 583)   coste      83       83
(  15, 584)   coste      95       95
(  16, 113)   coste      80       80
(  16, 114)   coste      62       62
(  16, 337)   coste      68       68
(  16, 343)   coste      48       48
(  16, 376)   coste      32       32
(  17, 119)   coste      26       26
(  17, 168)   coste     192      192
(  17, 169)   coste     191      191
(  17, 190)   coste      86       86
(  17, 231)   coste     176      176
(  17, 376)   coste      34       34
(  17, 454)   coste     137      137
(  17, 478)   coste     146      146
(  17, 558)   coste      66       66
(  17, 559)   coste     104      104
(  18, 301)   coste      58       58
(  18, 304)   coste      32       32
(  19,  20)   coste      65       65
(  19,  87)   coste      83       83
(  19,  88)   coste      43       43
(  19, 173)   coste      60       60
(  19, 303)   coste      63       63
(  19, 405)   coste      87       87
(  19, 406)   coste     113      113
(  20, 173)   coste      70       70
(  20, 301)   coste      56       56
(  20, 304)   coste      44       44
(  21,  51)   coste      58       58
(  21,  53)   coste      93       93
(  21,  58)   coste      69       69
(  21, 167)   coste      45       45
(  21, 168)   coste      42       42
(  21, 455)   coste       7        7
(  21, 478)   coste      45       45
(  22, 168)   coste      81       81
(  22, 230)   coste      50       50
(  22, 231)   coste      56       56
(  22, 478)   coste      22       22
(  23, 222)   coste      99       99
(  23, 315)   coste     118      118
(  23, 360)   coste      47       47
(  23, 368)   coste     114      114
(  23, 389)   coste      51       51
(  23, 417)   coste      88       88
(  23, 424)   coste      49       49
(  24,  30)   coste      38       38
(  24,  31)   coste      24       24
(  24,  62)   coste      29       29
(  24, 222)   coste     102      102
(  24, 368)   coste     117      117
(  24, 417)   coste      91       91
(  25, 387)   coste       4        4
(  25, 388)   coste      17       17
(  25, 389)   coste      13       13
(  26, 264)   coste      52       52
(  26, 450)   coste      77       77
(  26, 522)   coste      80       80
(  26, 579)   coste      14       14
(  27, 264)   coste      44       44
(  27, 552)   coste      17       17
(  27, 579)   coste      42       42
(  28,  29)   coste      30       30
(  28, 204)   coste      55       55
(  28, 433)   coste      42       42
(  28, 434)   coste      38       38
(  28, 450)   coste      59       59
(  28, 522)   coste      62       62
(  28, 574)   coste     112      112
(  28, 579)   coste      35       35
(  29, 433)   coste      21       21
(  29, 450)   coste      32       32
(  30,  60)   coste      35       35
(  30,  62)   coste      31       31
(  30, 259)   coste      47       47
(  30, 440)   coste      46       46
(  31,  60)   coste      54       54
(  31,  62)   coste      43       43
(  31, 440)   coste      53       53
(  32,  78)   coste      18       18
(  32, 365)   coste      67       67
(  32, 462)   coste     201      201
(  32, 463)   coste     205      205
(  32, 474)   coste      50       50
(  32, 567)   coste      69       69
(  33,  79)   coste     143      143
(  33,  80)   coste     166      166
(  33,  81)   coste     128      128
(  33, 365)   coste      50       50
(  33, 462)   coste     190      190
(  33, 463)   coste     194      194
(  33, 474)   coste      27       27
(  33, 567)   coste      91       91
(  34, 128)   coste      39       39
(  34, 129)   coste      35       35
(  34, 150)   coste      45       45
(  34, 250)   coste      45       45
(  34, 532)   coste      32       32
(  34, 547)   coste      11       11
(  35, 128)   coste      27       27
(  35, 129)   coste      10       10
(  35, 148)   coste      72       72
(  35, 150)   coste      58       58
(  35, 532)   coste      47       47
(  35, 547)   coste      20       20
(  36, 126)   coste      50       50
(  36, 285)   coste      41       41
(  36, 364)   coste      60       60
(  36, 365)   coste      46       46
(  37,  38)   coste      10       10
(  37, 126)   coste      50       50
(  37, 289)   coste      54       54
(  37, 295)   coste      54       54
(  37, 378)   coste      59       59
(  38, 126)   coste      54       54
(  38, 127)   coste      49       49
(  39, 183)   coste     100      100
(  39, 184)   coste     108      108
(  39, 194)   coste      92       92
(  39, 238)   coste      65       65
(  39, 239)   coste      48       48
(  39, 268)   coste      28       28
(  39, 286)   coste      54       54
(  40, 239)   coste      54       54
(  40, 268)   coste      34       34
(  40, 286)   coste      57       57
(  40, 573)   coste      53       53
(  40, 590)   coste      37       37
(  41,  73)   coste      11       11
(  41, 215)   coste      45       45
(  42, 127)   coste      53       53
(  42, 288)   coste      39       39
(  42, 289)   coste      20       20
(  43,  45)   coste      39       39
(  43, 288)   coste      20       20
(  43, 525)   coste      58       58
(  44, 328)   coste      96       96
(  44, 329)   coste     113      113
(  44, 334)   coste      74       74
(  44, 346)   coste      31       31
(  45, 216)   coste      79       79
(  45, 288)   coste      44       44
(  45, 328)   coste     109      109
(  45, 329)   coste     126      126
(  45, 334)   coste      87       87
(  45, 346)   coste      47       47
(  45, 525)   coste      64       64
(  46, 205)   coste      18       18
(  46, 575)   coste      48       48
(  48, 204)   coste      42       42
(  48, 575)   coste      24       24
(  49, 205)   coste      18       18
(  49, 305)   coste      30       30
(  49, 398)   coste      30       30
(  49, 501)   coste      17       17
(  50, 121)   coste      80       80
(  50, 146)   coste      94       94
(  50, 176)   coste      60       60
(  50, 305)   coste      54       54
(  50, 307)   coste      70       70
(  51,  58)   coste      15       15
(  51, 136)   coste      16       16
(  51, 167)   coste      19       19
(  51, 169)   coste      28       28
(  51, 455)   coste      58       58
(  51, 478)   coste     101      101
(  52, 136)   coste      38       38
(  52, 167)   coste      34       34
(  52, 169)   coste      31       31
(  52, 274)   coste      36       36
(  52, 553)   coste      25       25
(  52, 560)   coste      55       55
(  53, 136)   coste      50       50
(  53, 167)   coste      61       61
(  53, 168)   coste      66       66
(  53, 169)   coste      72       72
(  53, 180)   coste      23       23
(  53, 455)   coste      93       93
(  53, 478)   coste     136      136
(  53, 512)   coste      35       35
(  53, 531)   coste      47       47
(  54, 339)   coste      55       55
(  54, 499)   coste      32       32
(  54, 500)   coste      35       35
(  54, 543)   coste      39       39
(  55,  57)   coste      22       22
(  55, 500)   coste      41       41
(  56,  57)   coste      49       49
(  56, 336)   coste      39       39
(  56, 499)   coste      34       34
(  56, 500)   coste      43       43
(  57, 131)   coste     105      105
(  57, 259)   coste      86       86
(  57, 342)   coste      52       52
(  57, 440)   coste     114      114
(  57, 492)   coste      98       98
(  57, 500)   coste      25       25
(  58,  59)   coste      23       23
(  58, 167)   coste      26       26
(  58, 168)   coste      31       31
(  58, 169)   coste      29       29
(  58, 455)   coste      69       69
(  58, 478)   coste     112      112
(  59, 169)   coste      36       36
(  59, 244)   coste      55       55
(  60, 345)   coste      26       26
(  61,  62)   coste      34       34
(  61,  63)   coste      29       29
(  61, 345)   coste       9        9
(  62, 345)   coste      26       26
(  63, 360)   coste      41       41
(  63, 361)   coste      38       38
(  64, 210)   coste       8        8
(  64, 212)   coste      23       23
(  64, 230)   coste      39       39
(  64, 533)   coste      39       39
(  64, 534)   coste      32       32
(  65, 210)   coste      46       46
(  65, 230)   coste      40       40
(  65, 231)   coste      20       20
(  65, 454)   coste      56       56
(  66, 223)   coste      56       56
(  66, 367)   coste      15       15
(  66, 368)   coste      29       29
(  66, 548)   coste      28       28
(  67,  68)   coste      13       13
(  67, 318)   coste      49       49
(  67, 319)   coste      51       51
(  67, 323)   coste      78       78
(  67, 367)   coste      32       32
(  67, 368)   coste      51       51
(  67, 389)   coste      36       36
(  67, 548)   coste      30       30
(  68, 316)   coste      68       68
(  68, 318)   coste      39       39
(  68, 319)   coste      42       42
(  68, 323)   coste      69       69
(  68, 367)   coste      34       34
(  68, 389)   coste      45       45
(  69, 106)   coste      53       53
(  69, 291)   coste      45       45
(  69, 292)   coste      12       12
(  70,  71)   coste      55       55
(  70, 291)   coste      52       52
(  70, 292)   coste      24       24
(  70, 332)   coste      59       59
(  71, 102)   coste      90       90
(  71, 103)   coste      77       77
(  71, 104)   coste     109      109
(  71, 245)   coste      50       50
(  71, 291)   coste       5        5
(  72, 128)   coste      23       23
(  72, 150)   coste      50       50
(  72, 476)   coste      34       34
(  73, 215)   coste      35       35
(  73, 286)   coste      57       57
(  73, 287)   coste      18       18
(  74,  76)   coste      87       87
(  74, 137)   coste      65       65
(  74, 215)   coste      40       40
(  74, 444)   coste      53       53
(  74, 445)   coste      29       29
(  74, 453)   coste      32       32
(  75, 372)   coste      49       49
(  75, 373)   coste      32       32
(  75, 471)   coste      48       48
(  75, 561)   coste      52       52
(  75, 563)   coste      59       59
(  75, 580)   coste      74       74
(  76, 137)   coste      98       98
(  76, 140)   coste     106      106
(  76, 444)   coste      37       37
(  76, 453)   coste      67       67
(  76, 561)   coste      79       79
(  76, 563)   coste      86       86
(  76, 580)   coste     101      101
(  77,  80)   coste     144      144
(  77,  81)   coste     109      109
(  77, 327)   coste      49       49
(  77, 365)   coste      84       84
(  77, 462)   coste     186      186
(  77, 463)   coste     190      190
(  77, 523)   coste      49       49
(  77, 567)   coste      77       77
(  78, 365)   coste      81       81
(  78, 523)   coste      52       52
(  78, 567)   coste      72       72
(  79, 365)   coste     115      115
(  79, 384)   coste      55       55
(  79, 524)   coste      47       47
(  79, 555)   coste      60       60
(  80,  81)   coste      47       47
(  80, 365)   coste     138      138
(  80, 384)   coste      76       76
(  81, 365)   coste     100      100
(  81, 462)   coste     105      105
(  81, 463)   coste     109      109
(  82, 129)   coste      34       34
(  82, 251)   coste      32       32
(  82, 456)   coste      52       52
(  82, 457)   coste      78       78
(  82, 511)   coste       7        7
(  82, 550)   coste      66       66
(  83, 129)   coste      38       38
(  83, 251)   coste      17       17
(  83, 456)   coste      53       53
(  83, 457)   coste      74       74
(  83, 550)   coste      62       62
(  84, 294)   coste      24       24
(  84, 421)   coste      21       21
(  84, 422)   coste      46       46
(  84, 461)   coste      26       26
(  84, 539)   coste      36       36
(  85,  86)   coste      23       23
(  85, 293)   coste       7        7
(  85, 294)   coste      32       32
(  85, 448)   coste     101      101
(  86, 124)   coste      54       54
(  86, 233)   coste      51       51
(  86, 293)   coste      24       24
(  86, 294)   coste      19       19
(  87, 112)   coste      94       94
(  87, 362)   coste      87       87
(  87, 363)   coste      95       95
(  87, 397)   coste      70       70
(  87, 405)   coste      33       33
(  87, 470)   coste      40       40
(  87, 489)   coste     126      126
(  87, 504)   coste      89       89
(  88, 110)   coste      92       92
(  88, 112)   coste      70       70
(  88, 173)   coste      56       56
(  88, 397)   coste      58       58
(  88, 405)   coste      47       47
(  88, 406)   coste      73       73
(  88, 470)   coste      78       78
(  89, 162)   coste      50       50
(  89, 293)   coste     118      118
(  89, 464)   coste      34       34
(  89, 465)   coste      38       38
(  89, 477)   coste     112      112
(  89, 540)   coste      91       91
(  89, 581)   coste      92       92
(  89, 593)   coste     101      101
(  90,  91)   coste      73       73
(  90, 143)   coste      91       91
(  90, 293)   coste     144      144
(  90, 465)   coste      71       71
(  90, 527)   coste      29       29
(  90, 546)   coste      86       86
(  90, 593)   coste     127      127
(  91, 293)   coste     151      151
(  91, 464)   coste     120      120
(  91, 465)   coste      99       99
(  91, 527)   coste      57       57
(  91, 593)   coste     134      134
(  92, 185)   coste      60       60
(  92, 260)   coste     114      114
(  92, 262)   coste      82       82
(  92, 469)   coste      47       47
(  93,  94)   coste      63       63
(  93, 185)   coste      87       87
(  93, 260)   coste     147      147
(  93, 262)   coste     115      115
(  93, 395)   coste      22       22
(  93, 469)   coste      25       25
(  93, 473)   coste      80       80
(  94, 185)   coste     104      104
(  94, 260)   coste     149      149
(  94, 262)   coste     117      117
(  94, 472)   coste      45       45
(  94, 473)   coste      25       25
(  95, 153)   coste      37       37
(  95, 154)   coste      49       49
(  95, 587)   coste      43       43
(  96, 136)   coste      90       90
(  96, 152)   coste      58       58
(  96, 153)   coste      19       19
(  96, 180)   coste      89       89
(  96, 498)   coste      48       48
(  97, 152)   coste      23       23
(  97, 560)   coste      36       36
(  98, 366)   coste      35       35
(  98, 477)   coste     104      104
(  98, 540)   coste      93       93
(  98, 541)   coste      54       54
(  99, 100)   coste      24       24
(  99, 320)   coste      28       28
(  99, 321)   coste      26       26
(  99, 591)   coste      32       32
( 100, 321)   coste      45       45
( 100, 457)   coste      27       27
( 100, 591)   coste      22       22
( 101, 246)   coste      47       47
( 101, 332)   coste      37       37
( 101, 437)   coste      42       42
( 102, 106)   coste      65       65
( 102, 291)   coste      87       87
( 102, 312)   coste      45       45
( 102, 442)   coste      74       74
( 102, 544)   coste      53       53
( 103, 104)   coste      35       35
( 103, 105)   coste      35       35
( 103, 106)   coste      52       52
( 103, 107)   coste      40       40
( 103, 291)   coste      74       74
( 103, 442)   coste      83       83
( 103, 522)   coste      98       98
( 104, 106)   coste      84       84
( 104, 107)   coste      68       68
( 104, 227)   coste      73       73
( 104, 291)   coste     106      106
( 104, 433)   coste      93       93
( 104, 442)   coste      51       51
( 104, 522)   coste      87       87
( 105, 106)   coste      79       79
( 105, 107)   coste      73       73
( 105, 135)   coste      40       40
( 105, 312)   coste      24       24
( 105, 313)   coste      44       44
( 105, 433)   coste     150      150
( 105, 442)   coste      89       89
( 105, 544)   coste      35       35
( 106, 135)   coste      69       69
( 106, 291)   coste      37       37
( 106, 292)   coste      46       46
( 106, 350)   coste      66       66
( 106, 351)   coste      56       56
( 107, 135)   coste      88       88
( 107, 351)   coste      59       59
( 107, 522)   coste      85       85
( 108, 193)   coste     220      220
( 108, 275)   coste     175      175
( 108, 396)   coste      77       77
( 108, 490)   coste      68       68
( 108, 542)   coste      83       83
( 109, 470)   coste     140      140
( 110, 111)   coste      44       44
( 110, 112)   coste      41       41
( 110, 396)   coste      12       12
( 110, 397)   coste      40       40
( 110, 405)   coste     137      137
( 110, 406)   coste     163      163
( 111, 396)   coste      45       45
( 111, 490)   coste      30       30
( 111, 542)   coste      53       53
( 112, 173)   coste      22       22
( 112, 397)   coste      32       32
( 112, 405)   coste     115      115
( 112, 406)   coste     141      141
( 112, 470)   coste     111      111
( 113, 146)   coste      34       34
( 113, 147)   coste      42       42
( 113, 343)   coste      48       48
( 113, 347)   coste      47       47
( 114, 337)   coste       8        8
( 114, 343)   coste      85       85
( 114, 357)   coste      66       66
( 115, 146)   coste      28       28
( 115, 330)   coste      43       43
( 115, 331)   coste      55       55
( 115, 416)   coste      52       52
( 116, 177)   coste     131      131
( 116, 178)   coste     113      113
( 116, 201)   coste      24       24
( 116, 493)   coste      57       57
( 117, 118)   coste      25       25
( 117, 177)   coste      77       77
( 117, 178)   coste      59       59
( 117, 179)   coste      67       67
( 117, 201)   coste      61       61
( 117, 446)   coste      36       36
( 118, 177)   coste      89       89
( 118, 178)   coste      63       63
( 118, 446)   coste      25       25
( 118, 447)   coste      71       71
( 118, 468)   coste      64       64
( 119, 168)   coste     190      190
( 119, 169)   coste     189      189
( 119, 343)   coste      66       66
( 119, 376)   coste      58       58
( 119, 454)   coste     135      135
( 119, 478)   coste     144      144
( 119, 558)   coste      64       64
( 119, 559)   coste     102      102
( 120, 190)   coste      60       60
( 120, 209)   coste      42       42
( 120, 491)   coste      42       42
( 121, 146)   coste      49       49
( 121, 196)   coste      44       44
( 121, 197)   coste      16       16
( 121, 198)   coste      38       38
( 121, 307)   coste      43       43
( 121, 347)   coste      37       37
( 122, 196)   coste      25       25
( 122, 206)   coste      53       53
( 122, 207)   coste      69       69
( 122, 347)   coste      42       42
( 123, 549)   coste      62       62
( 124, 232)   coste      60       60
( 124, 233)   coste      17       17
( 124, 234)   coste      12       12
( 126, 364)   coste      26       26
( 126, 365)   coste      78       78
( 127, 289)   coste      35       35
( 128, 148)   coste      50       50
( 128, 150)   coste      35       35
( 128, 547)   coste      29       29
( 129, 511)   coste      34       34
( 129, 547)   coste      28       28
( 130, 258)   coste      62       62
( 130, 259)   coste      74       74
( 130, 403)   coste      23       23
( 130, 404)   coste      17       17
( 130, 406)   coste      96       96
( 130, 492)   coste      35       35
( 131, 258)   coste      60       60
( 131, 259)   coste      59       59
( 131, 403)   coste      42       42
( 131, 440)   coste      87       87
( 131, 500)   coste     107      107
( 132, 139)   coste      56       56
( 132, 172)   coste      15       15
( 132, 375)   coste       9        9
( 132, 400)   coste      55       55
( 132, 535)   coste      15       15
( 133, 355)   coste      64       64
( 133, 374)   coste      75       75
( 133, 375)   coste      25       25
( 133, 400)   coste      59       59
( 134, 245)   coste      34       34
( 134, 253)   coste      45       45
( 134, 430)   coste      29       29
( 134, 545)   coste      42       42
( 135, 245)   coste      33       33
( 135, 312)   coste      50       50
( 136, 153)   coste      79       79
( 136, 498)   coste      54       54
( 137, 444)   coste      83       83
( 137, 453)   coste      36       36
( 137, 471)   coste      93       93
( 138, 139)   coste      52       52
( 138, 140)   coste       8        8
( 138, 373)   coste      55       55
( 139, 140)   coste      52       52
( 139, 535)   coste      45       45
( 140, 373)   coste      57       57
( 140, 444)   coste      91       91
( 140, 445)   coste      87       87
( 140, 453)   coste      55       55
( 140, 471)   coste     101      101
( 141, 298)   coste      34       34
( 141, 460)   coste      44       44
( 142, 143)   coste      37       37
( 142, 145)   coste      46       46
( 143, 145)   coste      39       39
( 143, 527)   coste      95       95
( 144, 145)   coste      23       23
( 145, 527)   coste      60       60
( 146, 197)   coste      53       53
( 146, 305)   coste     107      107
( 146, 307)   coste      88       88
( 146, 347)   coste      26       26
( 147, 206)   coste      53       53
( 148, 226)   coste      91       91
( 148, 488)   coste     146      146
( 149, 226)   coste      74       74
( 149, 488)   coste     127      127
( 150, 226)   coste     108      108
( 150, 488)   coste     163      163
( 150, 547)   coste      42       42
( 151, 429)   coste      46       46
( 151, 489)   coste      40       40
( 151, 505)   coste       9        9
( 152, 489)   coste      34       34
( 152, 505)   coste      21       21
( 152, 560)   coste      28       28
( 153, 498)   coste      35       35
( 153, 586)   coste     101      101
( 154, 200)   coste     105      105
( 154, 202)   coste     105      105
( 154, 203)   coste     121      121
( 154, 247)   coste      84       84
( 154, 249)   coste      29       29
( 154, 571)   coste     109      109
( 154, 586)   coste      58       58
( 154, 587)   coste      47       47
( 155, 326)   coste      52       52
( 155, 382)   coste      21       21
( 155, 384)   coste      13       13
( 155, 385)   coste      44       44
( 155, 519)   coste      14       14
( 155, 555)   coste      13       13
( 156, 158)   coste      87       87
( 156, 160)   coste     112      112
( 156, 352)   coste     100      100
( 156, 380)   coste      55       55
( 156, 381)   coste      89       89
( 156, 385)   coste      12       12
( 156, 393)   coste     100      100
( 156, 519)   coste      50       50
( 157, 191)   coste      37       37
( 157, 393)   coste      22       22
( 157, 394)   coste      32       32
( 157, 487)   coste      46       46
( 158, 160)   coste      27       27
( 158, 191)   coste      41       41
( 158, 369)   coste     167      167
( 158, 385)   coste      83       83
( 158, 393)   coste      24       24
( 158, 518)   coste      92       92
( 158, 568)   coste     139      139
( 158, 570)   coste     107      107
( 158, 583)   coste      58       58
( 159, 161)   coste      33       33
( 159, 394)   coste      25       25
( 159, 530)   coste      32       32
( 160, 161)   coste      43       43
( 160, 385)   coste     108      108
( 160, 393)   coste      20       20
( 160, 394)   coste      53       53
( 160, 487)   coste      64       64
( 160, 584)   coste      47       47
( 161, 583)   coste      53       53
( 161, 584)   coste       7        7
( 162, 218)   coste      34       34
( 162, 219)   coste      20       20
( 162, 379)   coste      39       39
( 162, 464)   coste      21       21
( 162, 465)   coste      46       46
( 162, 477)   coste     105      105
( 162, 540)   coste      84       84
( 163, 164)   coste      26       26
( 163, 218)   coste      27       27
( 163, 477)   coste     103      103
( 163, 540)   coste      82       82
( 164, 218)   coste      15       15
( 164, 219)   coste      17       17
( 164, 379)   coste      22       22
( 165, 236)   coste     123      123
( 165, 348)   coste     110      110
( 165, 369)   coste      38       38
( 165, 381)   coste     105      105
( 165, 391)   coste      82       82
( 165, 392)   coste      53       53
( 165, 580)   coste     153      153
( 166, 236)   coste      69       69
( 166, 348)   coste     115      115
( 166, 369)   coste      82       82
( 166, 381)   coste     124      124
( 166, 392)   coste      57       57
( 166, 580)   coste     171      171
( 167, 455)   coste      46       46
( 167, 553)   coste      33       33
( 168, 169)   coste       8        8
( 168, 343)   coste     239      239
( 168, 377)   coste     174      174
( 168, 409)   coste     167      167
( 168, 455)   coste      44       44
( 168, 478)   coste      84       84
( 168, 558)   coste     133      133
( 168, 559)   coste     111      111
( 169, 343)   coste     238      238
( 169, 377)   coste     173      173
( 169, 409)   coste     166      166
( 169, 553)   coste      22       22
( 169, 558)   coste     132      132
( 169, 559)   coste     110      110
( 170, 297)   coste      74       74
( 170, 303)   coste     177      177
( 170, 311)   coste      19       19
( 170, 342)   coste      57       57
( 170, 403)   coste     147      147
( 170, 404)   coste     149      149
( 170, 406)   coste     139      139
( 170, 429)   coste      44       44
( 171, 303)   coste     166      166
( 171, 403)   coste     136      136
( 171, 404)   coste     138      138
( 171, 406)   coste     128      128
( 172, 374)   coste      67       67
( 172, 375)   coste      17       17
( 172, 535)   coste      16       16
( 173, 397)   coste      49       49
( 173, 470)   coste     124      124
( 174, 175)   coste      25       25
( 174, 338)   coste      22       22
( 174, 390)   coste      29       29
( 174, 543)   coste      50       50
( 175, 338)   coste      45       45
( 175, 390)   coste      37       37
( 175, 579)   coste      54       54
( 176, 330)   coste      47       47
( 176, 552)   coste      35       35
( 176, 575)   coste      32       32
( 177, 446)   coste      91       91
( 177, 497)   coste      32       32
( 177, 512)   coste      52       52
( 178, 446)   coste      42       42
( 178, 447)   coste      58       58
( 179, 247)   coste      53       53
( 179, 248)   coste      24       24
( 179, 497)   coste      43       43
( 180, 498)   coste      43       43
( 181, 282)   coste      52       52
( 181, 358)   coste      23       23
( 181, 496)   coste      53       53
( 182, 282)   coste      31       31
( 182, 283)   coste      47       47
( 182, 358)   coste      44       44
( 182, 359)   coste      39       39
( 182, 425)   coste      82       82
( 182, 426)   coste      90       90
( 183, 184)   coste      19       19
( 183, 194)   coste      38       38
( 183, 238)   coste      48       48
( 183, 268)   coste      97       97
( 183, 358)   coste      50       50
( 184, 195)   coste      37       37
( 184, 238)   coste      63       63
( 184, 239)   coste      96       96
( 184, 240)   coste      77       77
( 184, 268)   coste     105      105
( 184, 358)   coste      62       62
( 185, 260)   coste     107      107
( 185, 262)   coste      75       75
( 185, 469)   coste      86       86
( 185, 587)   coste      75       75
( 186, 262)   coste      54       54
( 186, 586)   coste      25       25
( 186, 587)   coste      43       43
( 187, 221)   coste     103      103
( 187, 222)   coste     107      107
( 187, 302)   coste      88       88
( 187, 315)   coste      58       58
( 187, 423)   coste      61       61
( 187, 508)   coste      79       79
( 188, 302)   coste      64       64
( 188, 423)   coste      15       15
( 188, 508)   coste      84       84
( 189, 210)   coste     120      120
( 189, 211)   coste      99       99
( 189, 554)   coste      55       55
( 189, 568)   coste      97       97
( 189, 569)   coste     121      121
( 189, 578)   coste      43       43
( 190, 209)   coste      48       48
( 190, 231)   coste     112      112
( 190, 376)   coste     113      113
( 190, 409)   coste     159      159
( 190, 454)   coste     102      102
( 190, 558)   coste     117      117
( 190, 559)   coste      78       78
( 191, 418)   coste      93       93
( 191, 583)   coste      23       23
( 191, 584)   coste      41       41
( 192, 275)   coste      24       24
( 192, 449)   coste      60       60
( 192, 466)   coste      35       35
( 192, 467)   coste      73       73
( 192, 542)   coste     117      117
( 193, 275)   coste      46       46
( 193, 276)   coste      56       56
( 193, 467)   coste      56       56
( 193, 490)   coste     154      154
( 193, 542)   coste     166      166
( 194, 238)   coste      47       47
( 194, 239)   coste      80       80
( 194, 240)   coste      61       61
( 194, 268)   coste      89       89
( 194, 354)   coste      16       16
( 195, 214)   coste      63       63
( 196, 206)   coste      67       67
( 196, 314)   coste      14       14
( 197, 198)   coste      39       39
( 197, 314)   coste      42       42
( 197, 347)   coste      33       33
( 198, 199)   coste      22       22
( 198, 307)   coste      40       40
( 198, 590)   coste      44       44
( 199, 307)   coste      52       52
( 199, 573)   coste      48       48
( 199, 590)   coste      29       29
( 200, 247)   coste      33       33
( 200, 249)   coste      81       81
( 200, 494)   coste     116      116
( 200, 549)   coste     129      129
( 200, 571)   coste      45       45
( 201, 202)   coste      54       54
( 201, 203)   coste      56       56
( 201, 247)   coste      58       58
( 201, 493)   coste      54       54
( 202, 247)   coste      24       24
( 202, 248)   coste      27       27
( 202, 249)   coste      81       81
( 202, 571)   coste      84       84
( 203, 249)   coste      97       97
( 203, 493)   coste      54       54
( 203, 549)   coste     112      112
( 203, 571)   coste      34       34
( 204, 574)   coste      59       59
( 204, 575)   coste      57       57
( 205, 398)   coste      43       43
( 205, 501)   coste      32       32
( 206, 314)   coste      58       58
( 206, 491)   coste      43       43
( 206, 554)   coste      93       93
( 207, 208)   coste      26       26
( 207, 209)   coste      64       64
( 207, 491)   coste      60       60
( 207, 554)   coste      99       99
( 208, 344)   coste      58       58
( 209, 554)   coste      55       55
( 210, 230)   coste      45       45
( 210, 533)   coste      39       39
( 210, 534)   coste      34       34
( 210, 568)   coste     119      119
( 210, 578)   coste     128      128
( 210, 582)   coste     141      141
( 211, 212)   coste      21       21
( 211, 568)   coste      98       98
( 211, 569)   coste      45       45
( 211, 578)   coste     107      107
( 211, 582)   coste     120      120
( 212, 533)   coste      27       27
( 212, 534)   coste      25       25
( 212, 569)   coste      54       54
( 213, 485)   coste      66       66
( 213, 588)   coste      54       54
( 214, 483)   coste      29       29
( 214, 485)   coste      80       80
( 214, 588)   coste      42       42
( 214, 589)   coste      51       51
( 215, 287)   coste      45       45
( 216, 270)   coste     105      105
( 216, 328)   coste     114      114
( 216, 346)   coste      37       37
( 216, 525)   coste      55       55
( 217, 270)   coste     101      101
( 217, 328)   coste     110      110
( 217, 525)   coste      57       57
( 218, 448)   coste      23       23
( 218, 581)   coste      47       47
( 219, 379)   coste      20       20
( 219, 464)   coste      31       31
( 219, 465)   coste      49       49
( 220, 439)   coste      87       87
( 220, 448)   coste      19       19
( 220, 541)   coste      37       37
( 220, 581)   coste      39       39
( 221, 315)   coste     101      101
( 222, 223)   coste      54       54
( 222, 315)   coste     105      105
( 223, 367)   coste      67       67
( 223, 368)   coste      35       35
( 223, 417)   coste      39       39
( 224, 254)   coste       9        9
( 224, 256)   coste      12       12
( 225, 250)   coste      62       62
( 225, 254)   coste      52       52
( 225, 255)   coste      39       39
( 225, 256)   coste      40       40
( 226, 254)   coste      73       73
( 226, 256)   coste      71       71
( 226, 488)   coste      88       88
( 227, 265)   coste      42       42
( 227, 291)   coste     100      100
( 227, 292)   coste      80       80
( 227, 350)   coste      29       29
( 227, 351)   coste      38       38
( 227, 502)   coste      35       35
( 228, 427)   coste      36       36
( 228, 428)   coste      34       34
( 228, 436)   coste      64       64
( 228, 486)   coste      65       65
( 228, 529)   coste     110      110
( 228, 530)   coste      61       61
( 229, 428)   coste      47       47
( 229, 482)   coste      61       61
( 229, 530)   coste     105      105
( 231, 343)   coste     223      223
( 231, 478)   coste      53       53
( 231, 558)   coste     117      117
( 231, 559)   coste      76       76
( 232, 420)   coste      16       16
( 232, 468)   coste      59       59
( 233, 420)   coste      53       53
( 234, 420)   coste      62       62
( 235, 287)   coste      57       57
( 235, 348)   coste      40       40
( 235, 349)   coste      18       18
( 235, 445)   coste      51       51
( 236, 344)   coste      45       45
( 236, 381)   coste     162      162
( 237, 348)   coste      40       40
( 237, 349)   coste       8        8
( 237, 444)   coste      43       43
( 237, 445)   coste      40       40
( 237, 580)   coste     106      106
( 238, 268)   coste      52       52
( 239, 240)   coste      26       26
( 239, 306)   coste      51       51
( 239, 370)   coste      49       49
( 240, 268)   coste      45       45
( 240, 517)   coste      57       57
( 241, 295)   coste      51       51
( 241, 296)   coste      38       38
( 241, 475)   coste      21       21
( 241, 556)   coste      79       79
( 241, 557)   coste      53       53
( 242, 335)   coste      35       35
( 242, 556)   coste      78       78
( 242, 557)   coste      49       49
( 243, 310)   coste      26       26
( 243, 311)   coste      49       49
( 243, 356)   coste      56       56
( 243, 357)   coste      57       57
( 243, 407)   coste      60       60
( 244, 429)   coste      40       40
( 244, 553)   coste      56       56
( 245, 253)   coste      34       34
( 246, 386)   coste      44       44
( 246, 437)   coste      10       10
( 246, 506)   coste      40       40
( 247, 571)   coste      61       61
( 248, 249)   coste      59       59
( 249, 571)   coste      85       85
( 249, 586)   coste      76       76
( 249, 587)   coste      66       66
( 250, 532)   coste      23       23
( 250, 592)   coste      39       39
( 251, 252)   coste      35       35
( 251, 456)   coste      63       63
( 251, 457)   coste      84       84
( 251, 550)   coste      72       72
( 252, 281)   coste      50       50
( 252, 418)   coste      85       85
( 252, 419)   coste      86       86
( 252, 532)   coste      41       41
( 252, 550)   coste      69       69
( 252, 551)   coste      44       44
( 253, 437)   coste      39       39
( 253, 506)   coste      43       43
( 253, 507)   coste      48       48
( 255, 256)   coste      22       22
( 257, 440)   coste      17       17
( 257, 508)   coste      44       44
( 257, 509)   coste       8        8
( 258, 403)   coste      81       81
( 258, 440)   coste      33       33
( 258, 492)   coste      75       75
( 258, 508)   coste      28       28
( 258, 509)   coste      24       24
( 259, 403)   coste      93       93
( 259, 492)   coste      50       50
( 259, 500)   coste      88       88
( 260, 410)   coste       7        7
( 260, 469)   coste     146      146
( 260, 572)   coste      91       91
( 261, 262)   coste      29       29
( 261, 536)   coste      72       72
( 261, 565)   coste      92       92
( 261, 566)   coste      88       88
( 261, 572)   coste     109      109
( 261, 586)   coste      57       57
( 262, 469)   coste     114      114
( 262, 586)   coste      59       59
( 263, 450)   coste      36       36
( 263, 502)   coste      76       76
( 263, 503)   coste      41       41
( 263, 579)   coste      59       59
( 264, 450)   coste      55       55
( 265, 450)   coste      38       38
( 265, 502)   coste      21       21
( 265, 522)   coste      23       23
( 266, 391)   coste       9        9
( 266, 451)   coste      15       15
( 266, 452)   coste      43       43
( 266, 554)   coste      51       51
( 266, 578)   coste      43       43
( 266, 582)   coste      31       31
( 267, 391)   coste      22       22
( 267, 452)   coste      30       30
( 267, 578)   coste      38       38
( 269, 328)   coste      65       65
( 269, 329)   coste      66       66
( 269, 355)   coste      50       50
( 269, 374)   coste      28       28
( 269, 556)   coste      93       93
( 270, 271)   coste      88       88
( 270, 329)   coste      84       84
( 270, 346)   coste     118      118
( 270, 374)   coste      52       52
( 271, 355)   coste      92       92
( 271, 556)   coste      36       36
( 271, 557)   coste      55       55
( 272, 414)   coste      60       60
( 272, 415)   coste      60       60
( 272, 483)   coste      54       54
( 272, 515)   coste      30       30
( 272, 516)   coste      24       24
( 273, 515)   coste      21       21
( 273, 516)   coste      39       39
( 274, 553)   coste      15       15
( 275, 449)   coste      72       72
( 275, 466)   coste      32       32
( 275, 467)   coste      81       81
( 275, 490)   coste     109      109
( 275, 542)   coste     121      121
( 276, 340)   coste      83       83
( 276, 341)   coste      99       99
( 276, 432)   coste      86       86
( 276, 466)   coste      61       61
( 276, 467)   coste     109      109
( 276, 513)   coste     116      116
( 277, 352)   coste      38       38
( 277, 353)   coste      33       33
( 277, 523)   coste      34       34
( 277, 562)   coste      27       27
( 277, 567)   coste      24       24
( 278, 352)   coste      44       44
( 278, 561)   coste      27       27
( 278, 562)   coste      19       19
( 278, 567)   coste      34       34
( 278, 580)   coste      14       14
( 279, 479)   coste      19       19
( 279, 480)   coste      40       40
( 279, 592)   coste      37       37
( 280, 479)   coste      51       51
( 280, 480)   coste      24       24
( 280, 481)   coste      27       27
( 280, 528)   coste      46       46
( 281, 529)   coste      52       52
( 281, 551)   coste      57       57
( 281, 592)   coste      18       18
( 282, 358)   coste      57       57
( 282, 413)   coste     110      110
( 282, 441)   coste     141      141
( 282, 496)   coste      39       39
( 283, 413)   coste      94       94
( 283, 425)   coste      81       81
( 283, 426)   coste      89       89
( 283, 441)   coste     125      125
( 283, 495)   coste       8        8
( 283, 496)   coste      39       39
( 283, 520)   coste      44       44
( 284, 295)   coste      86       86
( 284, 474)   coste      12       12
( 284, 475)   coste      36       36
( 285, 295)   coste      81       81
( 286, 573)   coste      57       57
( 288, 378)   coste      56       56
( 290, 378)   coste      16       16
( 291, 350)   coste      97       97
( 291, 351)   coste      84       84
( 292, 350)   coste      71       71
( 292, 351)   coste      58       58
( 293, 379)   coste      52       52
( 293, 461)   coste      50       50
( 293, 465)   coste      84       84
( 294, 461)   coste      26       26
( 294, 593)   coste      45       45
( 295, 334)   coste      41       41
( 295, 335)   coste      39       39
( 295, 475)   coste      56       56
( 296, 328)   coste      63       63
( 296, 329)   coste      58       58
( 296, 334)   coste      11       11
( 296, 335)   coste       8        8
( 297, 303)   coste     167      167
( 297, 342)   coste     130      130
( 297, 403)   coste     137      137
( 297, 404)   coste     139      139
( 297, 406)   coste     129      129
( 297, 489)   coste      50       50
( 297, 504)   coste      23       23
( 298, 458)   coste      38       38
( 298, 460)   coste      26       26
( 299, 300)   coste      38       38
( 300, 458)   coste      25       25
( 300, 460)   coste      35       35
( 302, 303)   coste      55       55
( 302, 304)   coste      76       76
( 302, 508)   coste      46       46
( 303, 403)   coste      61       61
( 303, 406)   coste      63       63
( 305, 398)   coste      34       34
( 305, 399)   coste      41       41
( 305, 501)   coste      27       27
( 306, 307)   coste      50       50
( 306, 398)   coste      44       44
( 306, 590)   coste      36       36
( 307, 590)   coste      50       50
( 308, 370)   coste      43       43
( 308, 398)   coste       8        8
( 308, 411)   coste      45       45
( 309, 512)   coste      60       60
( 310, 342)   coste      53       53
( 311, 342)   coste      50       50
( 312, 431)   coste      39       39
( 312, 544)   coste      12       12
( 313, 544)   coste      23       23
( 313, 545)   coste      12       12
( 314, 344)   coste      74       74
( 315, 368)   coste     128      128
( 315, 417)   coste     102      102
( 315, 509)   coste      57       57
( 316, 323)   coste      34       34
( 316, 325)   coste      29       29
( 316, 548)   coste      45       45
( 317, 318)   coste      30       30
( 317, 319)   coste      36       36
( 317, 323)   coste      35       35
( 317, 325)   coste      28       28
( 318, 367)   coste      37       37
( 318, 548)   coste      23       23
( 319, 323)   coste      28       28
( 320, 438)   coste      81       81
( 320, 439)   coste     145      145
( 320, 569)   coste     124      124
( 321, 322)   coste      44       44
( 321, 569)   coste     131      131
( 321, 591)   coste      39       39
( 322, 438)   coste      53       53
( 322, 439)   coste     115      115
( 323, 484)   coste      13       13
( 324, 325)   coste      27       27
( 324, 350)   coste      27       27
( 324, 502)   coste      35       35
( 325, 484)   coste      26       26
( 326, 352)   coste      33       33
( 326, 353)   coste      17       17
( 326, 382)   coste      61       61
( 326, 384)   coste      60       60
( 326, 519)   coste      54       54
( 326, 524)   coste      39       39
( 326, 555)   coste      48       48
( 327, 555)   coste      40       40
( 328, 334)   coste      58       58
( 328, 335)   coste      61       61
( 328, 346)   coste     108      108
( 329, 334)   coste      64       64
( 329, 346)   coste     125      125
( 329, 556)   coste      50       50
( 330, 390)   coste      39       39
( 330, 416)   coste      30       30
( 331, 337)   coste      66       66
( 331, 338)   coste      48       48
( 331, 416)   coste      18       18
( 332, 386)   coste      40       40
( 333, 386)   coste      51       51
( 333, 506)   coste      40       40
( 333, 507)   coste      51       51
( 334, 346)   coste      86       86
( 336, 499)   coste      42       42
( 337, 343)   coste      91       91
( 337, 357)   coste      62       62
( 338, 390)   coste      45       45
( 338, 543)   coste      30       30
( 339, 499)   coste      26       26
( 340, 443)   coste      15       15
( 340, 513)   coste      35       35
( 340, 514)   coste      53       53
( 340, 537)   coste     102      102
( 340, 538)   coste     106      106
( 341, 473)   coste      65       65
( 341, 514)   coste      22       22
( 343, 454)   coste     184      184
( 343, 478)   coste     193      193
( 343, 558)   coste     113      113
( 343, 559)   coste     151      151
( 344, 381)   coste     159      159
( 344, 573)   coste      45       45
( 345, 360)   coste      50       50
( 346, 525)   coste      58       58
( 348, 381)   coste     109      109
( 348, 392)   coste     147      147
( 348, 444)   coste      78       78
( 348, 471)   coste      84       84
( 348, 580)   coste      91       91
( 349, 471)   coste      66       66
( 349, 580)   coste     108      108
( 350, 484)   coste      21       21
( 350, 502)   coste      32       32
( 351, 484)   coste      28       28
( 352, 380)   coste      71       71
( 352, 381)   coste      35       35
( 352, 382)   coste      69       69
( 352, 383)   coste      92       92
( 353, 523)   coste       7        7
( 353, 524)   coste      40       40
( 355, 374)   coste      50       50
( 355, 375)   coste      46       46
( 355, 556)   coste      78       78
( 356, 377)   coste      19       19
( 356, 407)   coste      25       25
( 356, 408)   coste      26       26
( 356, 409)   coste      19       19
( 358, 414)   coste      63       63
( 359, 414)   coste      36       36
( 359, 415)   coste      37       37
( 359, 425)   coste      98       98
( 359, 426)   coste     106      106
( 359, 441)   coste     200      200
( 360, 361)   coste       4        4
( 360, 387)   coste      37       37
( 361, 388)   coste      46       46
( 362, 405)   coste      84       84
( 362, 406)   coste     108      108
( 362, 470)   coste     102      102
( 362, 504)   coste      46       46
( 363, 405)   coste      92       92
( 363, 406)   coste     116      116
( 363, 470)   coste     110      110
( 363, 489)   coste      36       36
( 365, 462)   coste     162      162
( 365, 463)   coste     166      166
( 366, 477)   coste      92       92
( 366, 540)   coste      81       81
( 366, 564)   coste      39       39
( 367, 548)   coste      16       16
( 368, 417)   coste      58       58
( 369, 383)   coste     128      128
( 369, 391)   coste      50       50
( 369, 392)   coste      43       43
( 369, 452)   coste      26       26
( 370, 398)   coste      47       47
( 370, 399)   coste      39       39
( 370, 517)   coste      28       28
( 371, 399)   coste      31       31
( 371, 501)   coste      38       38
( 371, 517)   coste      43       43
( 372, 471)   coste      95       95
( 372, 561)   coste      51       51
( 372, 563)   coste      49       49
( 373, 556)   coste      67       67
( 376, 408)   coste      42       42
( 376, 558)   coste      44       44
( 377, 407)   coste      22       22
( 377, 408)   coste      20       20
( 377, 409)   coste      14       14
( 377, 454)   coste     119      119
( 377, 478)   coste     128      128
( 377, 558)   coste      55       55
( 377, 559)   coste      92       92
( 381, 382)   coste      55       55
( 381, 392)   coste     156      156
( 382, 383)   coste      46       46
( 382, 385)   coste      48       48
( 382, 519)   coste       8        8
( 383, 385)   coste      24       24
( 383, 452)   coste     123      123
( 383, 518)   coste      87       87
( 383, 519)   coste      50       50
( 383, 570)   coste     128      128
( 383, 577)   coste     126      126
( 384, 524)   coste      53       53
( 384, 555)   coste      15       15
( 385, 393)   coste      96       96
( 386, 437)   coste      37       37
( 386, 506)   coste      53       53
( 388, 389)   coste      22       22
( 388, 424)   coste      35       35
( 390, 416)   coste      16       16
( 390, 552)   coste      37       37
( 391, 451)   coste      19       19
( 391, 452)   coste      38       38
( 391, 582)   coste      38       38
( 392, 451)   coste      49       49
( 392, 580)   coste     203      203
( 393, 487)   coste      47       47
( 394, 427)   coste      95       95
( 394, 529)   coste     117      117
( 394, 530)   coste      38       38
( 395, 469)   coste      34       34
( 395, 470)   coste      73       73
( 396, 397)   coste      47       47
( 397, 406)   coste     129      129
( 397, 470)   coste      87       87
( 398, 501)   coste      14       14
( 400, 485)   coste      25       25
( 401, 402)   coste      18       18
( 401, 485)   coste      44       44
( 402, 588)   coste      40       40
( 402, 589)   coste      34       34
( 403, 406)   coste      74       74
( 404, 406)   coste      85       85
( 404, 492)   coste      43       43
( 405, 470)   coste      71       71
( 405, 489)   coste     123      123
( 405, 504)   coste      86       86
( 406, 489)   coste     147      147
( 406, 504)   coste     110      110
( 409, 454)   coste     112      112
( 409, 478)   coste     121      121
( 409, 559)   coste      85       85
( 410, 536)   coste      25       25
( 410, 566)   coste      40       40
( 411, 521)   coste      30       30
( 411, 574)   coste      36       36
( 412, 425)   coste      33       33
( 412, 426)   coste      28       28
( 412, 431)   coste      88       88
( 412, 520)   coste     114      114
( 413, 425)   coste      59       59
( 413, 431)   coste     129      129
( 413, 441)   coste      58       58
( 413, 495)   coste      89       89
( 413, 520)   coste      70       70
( 414, 515)   coste      88       88
( 414, 516)   coste      64       64
( 415, 515)   coste      88       88
( 415, 516)   coste      64       64
( 418, 550)   coste      36       36
( 418, 551)   coste      58       58
( 418, 569)   coste     162      162
( 418, 583)   coste      77       77
( 418, 584)   coste      53       53
( 419, 550)   coste      47       47
( 419, 551)   coste      52       52
( 419, 569)   coste     168      168
( 419, 583)   coste      83       83
( 419, 584)   coste      40       40
( 420, 468)   coste      59       59
( 421, 539)   coste      31       31
( 422, 461)   coste      22       22
( 422, 539)   coste      12       12
( 422, 593)   coste      24       24
( 423, 508)   coste      84       84
( 425, 441)   coste     107      107
( 425, 495)   coste      83       83
( 425, 520)   coste      96       96
( 426, 431)   coste     112      112
( 426, 495)   coste      91       91
( 427, 528)   coste      39       39
( 427, 529)   coste     100      100
( 427, 530)   coste      59       59
( 428, 436)   coste      52       52
( 428, 482)   coste      59       59
( 429, 505)   coste      52       52
( 430, 545)   coste      33       33
( 431, 520)   coste     187      187
( 431, 544)   coste      29       29
( 432, 466)   coste      36       36
( 432, 467)   coste      29       29
( 433, 441)   coste      96       96
( 433, 442)   coste      79       79
( 433, 521)   coste     147      147
( 433, 522)   coste      38       38
( 433, 574)   coste     141      141
( 435, 462)   coste       9        9
( 435, 463)   coste      42       42
( 435, 486)   coste      96       96
( 436, 482)   coste      40       40
( 437, 506)   coste      32       32
( 437, 507)   coste      53       53
( 438, 533)   coste      59       59
( 438, 534)   coste      63       63
( 439, 448)   coste      96       96
( 439, 541)   coste      70       70
( 439, 569)   coste     187      187
( 440, 492)   coste      80       80
( 440, 500)   coste     116      116
( 440, 509)   coste      24       24
( 441, 495)   coste     120      120
( 441, 521)   coste      54       54
( 441, 574)   coste      48       48
( 442, 521)   coste      83       83
( 442, 574)   coste      77       77
( 443, 513)   coste      28       28
( 443, 514)   coste      57       57
( 443, 537)   coste      90       90
( 443, 538)   coste      94       94
( 444, 453)   coste      52       52
( 444, 471)   coste      18       18
( 444, 580)   coste     130      130
( 445, 453)   coste      42       42
( 446, 468)   coste      55       55
( 449, 490)   coste      38       38
( 449, 542)   coste      60       60
( 450, 503)   coste      42       42
( 450, 522)   coste      33       33
( 451, 578)   coste      36       36
( 451, 582)   coste      20       20
( 452, 577)   coste      31       31
( 453, 471)   coste      62       62
( 454, 558)   coste      78       78
( 454, 559)   coste      38       38
( 455, 478)   coste      50       50
( 456, 550)   coste      30       30
( 456, 591)   coste      38       38
( 457, 591)   coste       6        6
( 458, 460)   coste      42       42
( 459, 460)   coste      47       47
( 459, 488)   coste      43       43
( 460, 488)   coste      78       78
( 461, 593)   coste      29       29
( 462, 463)   coste      36       36
( 462, 486)   coste      88       88
( 463, 482)   coste      83       83
( 463, 486)   coste      55       55
( 465, 593)   coste      67       67
( 466, 542)   coste     148      148
( 470, 489)   coste     141      141
( 470, 504)   coste     104      104
( 471, 561)   coste      96       96
( 471, 563)   coste     103      103
( 471, 580)   coste     118      118
( 472, 513)   coste      52       52
( 472, 514)   coste      22       22
( 473, 514)   coste      55       55
( 475, 556)   coste      97       97
( 475, 557)   coste      71       71
( 476, 546)   coste      35       35
( 477, 540)   coste      57       57
( 477, 546)   coste      47       47
( 477, 564)   coste     104      104
( 477, 581)   coste      76       76
( 478, 558)   coste      87       87
( 479, 585)   coste      48       48
( 479, 592)   coste      52       52
( 480, 585)   coste       4        4
( 481, 526)   coste      13       13
( 481, 528)   coste      50       50
( 481, 585)   coste      44       44
( 483, 485)   coste     107      107
( 483, 515)   coste      31       31
( 483, 516)   coste      66       66
( 485, 588)   coste      45       45
( 485, 589)   coste      52       52
( 489, 504)   coste      46       46
( 489, 505)   coste      43       43
( 492, 500)   coste     100      100
( 493, 549)   coste      59       59
( 493, 572)   coste     132      132
( 493, 576)   coste     125      125
( 494, 549)   coste      31       31
( 494, 565)   coste     180      180
( 494, 572)   coste     166      166
( 494, 576)   coste     159      159
( 495, 517)   coste      58       58
( 495, 520)   coste      37       37
( 497, 512)   coste      60       60
( 499, 543)   coste      21       21
( 503, 522)   coste      52       52
( 505, 560)   coste      26       26
( 510, 511)   coste      14       14
( 510, 564)   coste      18       18
( 511, 550)   coste      70       70
( 511, 551)   coste     116      116
( 512, 531)   coste      33       33
( 513, 537)   coste      71       71
( 513, 538)   coste      75       75
( 514, 537)   coste     106      106
( 514, 538)   coste     110      110
( 518, 568)   coste      62       62
( 518, 570)   coste      48       48
( 518, 577)   coste      47       47
( 520, 574)   coste      49       49
( 523, 524)   coste      41       41
( 523, 567)   coste      32       32
( 524, 555)   coste      39       39
( 527, 546)   coste      90       90
( 528, 529)   coste      67       67
( 529, 530)   coste      81       81
( 529, 551)   coste      41       41
( 532, 592)   coste      54       54
( 536, 565)   coste      41       41
( 536, 566)   coste      19       19
( 537, 538)   coste      28       28
( 537, 566)   coste      31       31
( 538, 576)   coste      58       58
( 540, 564)   coste      93       93
( 540, 581)   coste      22       22
( 549, 565)   coste     193      193
( 549, 572)   coste     179      179
( 549, 576)   coste     172      172
( 552, 579)   coste      49       49
( 554, 578)   coste      57       57
( 561, 580)   coste      27       27
( 562, 563)   coste       7        7
( 563, 567)   coste      33       33
( 565, 571)   coste      57       57
( 565, 572)   coste      19       19
( 565, 576)   coste      27       27
( 566, 576)   coste      47       47
( 568, 577)   coste      54       54
( 568, 578)   coste      83       83
( 569, 578)   coste     129      129
( 569, 582)   coste     142      142
( 569, 583)   coste     113      113
( 570, 583)   coste      72       72
( 572, 576)   coste      26       26
( 573, 590)   coste      61       61
( 577, 582)   coste      32       32
( 578, 582)   coste      18       18
