NOMBRE : UR767
COMENTARIO :   1  componentes 
VERTICES :  749
ARISTAS_REQ : 1747
ARISTAS_NOREQ :  567
LISTA_ARISTAS_REQ :
(   1,   2)   coste      29       29
(   1,   3)   coste      22       22
(   1,   4)   coste      46       46
(   1,   5)   coste      25       25
(   1,   6)   coste      50       50
(   1,   7)   coste      56       56
(   8,   9)   coste      22       22
(   8,  10)   coste      55       55
(   8,  11)   coste      44       44
(   8,  12)   coste      23       23
(  13,  14)   coste      15       15
(  13,  15)   coste      59       59
(  13,  16)   coste      39       39
(  13,  17)   coste      41       41
(  13,  18)   coste      45       45
(  19,  20)   coste      12       12
(  19,  21)   coste       5        5
(  19,  22)   coste      33       33
(  19,  23)   coste      37       37
(  19,  24)   coste       7        7
(  19,  25)   coste      12       12
(  19,  26)   coste      30       30
(  27,  28)   coste      34       34
(  27,  29)   coste      28       28
(  27,  30)   coste      21       21
(  27,  31)   coste      40       40
(  32,  33)   coste      38       38
(  32,  34)   coste      35       35
(  32,  35)   coste      23       23
(  32,  36)   coste       8        8
(  32,  37)   coste      23       23
(  32,  38)   coste      22       22
(  32,  39)   coste      46       46
(  32,  40)   coste      38       38
(  41,  42)   coste      30       30
(  41,  43)   coste      56       56
(  41,  44)   coste      13       13
(  41,  45)   coste      41       41
(  41,  46)   coste      51       51
(  47,  48)   coste      30       30
(  47,  49)   coste      45       45
(  50,  51)   coste      44       44
(  50,  52)   coste      39       39
(  50,  53)   coste      25       25
(  30,  50)   coste      28       28
(  50,  54)   coste      43       43
(  50,  55)   coste      47       47
(  56,  57)   coste      49       49
(  56,  58)   coste      64       64
(  56,  59)   coste      59       59
(  60,  61)   coste      32       32
(  60,  62)   coste      28       28
(  60,  63)   coste      38       38
(  60,  64)   coste      42       42
(  60,  65)   coste      35       35
(  66,  67)   coste      60       60
(  66,  68)   coste      18       18
(  66,  69)   coste      47       47
(  66,  70)   coste      39       39
(  66,  71)   coste      27       27
(  72,  73)   coste      38       38
(  72,  74)   coste      35       35
(  72,  75)   coste      38       38
(  76,  77)   coste      43       43
(  76,  78)   coste      80       80
(  76,  79)   coste      99       99
(  80,  81)   coste      29       29
(  80,  82)   coste      43       43
(  79,  80)   coste      32       32
(  80,  83)   coste      46       46
(  59,  84)   coste      46       46
(  84,  85)   coste      66       66
(  84,  86)   coste      73       73
(  87,  88)   coste      22       22
(  87,  89)   coste      61       61
(  87,  90)   coste      47       47
(  87,  91)   coste      47       47
(  87,  92)   coste      13       13
(  39,  87)   coste      44       44
(  40,  87)   coste      39       39
(  93,  94)   coste      52       52
(  93,  95)   coste      54       54
(  93,  96)   coste      56       56
(  93,  97)   coste      33       33
(  93,  98)   coste      50       50
(  99, 100)   coste      36       36
(  99, 101)   coste      27       27
(  99, 102)   coste      38       38
(  99, 103)   coste      41       41
(  99, 104)   coste      22       22
(  77, 105)   coste      59       59
( 105, 106)   coste      40       40
( 105, 107)   coste      44       44
( 105, 108)   coste      48       48
( 105, 109)   coste      33       33
( 110, 111)   coste      37       37
( 110, 112)   coste      57       57
( 110, 113)   coste      43       43
( 110, 114)   coste      24       24
( 110, 115)   coste      63       63
( 110, 116)   coste      62       62
( 117, 118)   coste      55       55
( 117, 119)   coste      10       10
( 117, 120)   coste      38       38
( 117, 121)   coste      60       60
( 117, 122)   coste      31       31
( 123, 124)   coste       1        1
( 123, 125)   coste      43       43
( 126, 127)   coste      21       21
( 126, 128)   coste      38       38
( 126, 129)   coste       3        3
( 126, 130)   coste      35       35
( 126, 131)   coste      46       46
( 126, 132)   coste      29       29
( 133, 134)   coste      70       70
( 133, 135)   coste      26       26
( 133, 136)   coste      57       57
( 133, 137)   coste      16       16
( 138, 139)   coste      12       12
( 138, 140)   coste      49       49
( 138, 141)   coste      85       85
( 138, 142)   coste      15       15
( 138, 143)   coste      36       36
( 138, 144)   coste      44       44
( 145, 146)   coste      40       40
( 107, 145)   coste      62       62
( 108, 145)   coste      34       34
( 145, 147)   coste      24       24
( 145, 148)   coste      53       53
( 145, 149)   coste      22       22
( 145, 150)   coste      70       70
( 151, 152)   coste      58       58
( 151, 153)   coste      56       56
( 151, 154)   coste      39       39
( 151, 155)   coste      32       32
( 151, 156)   coste      31       31
( 151, 157)   coste      36       36
( 158, 159)   coste      39       39
( 158, 160)   coste      57       57
( 158, 161)   coste      35       35
( 162, 163)   coste      34       34
( 162, 164)   coste      19       19
( 162, 165)   coste      48       48
( 162, 166)   coste      37       37
( 162, 167)   coste      46       46
(  31, 162)   coste      29       29
( 162, 168)   coste      46       46
( 169, 170)   coste      26       26
( 169, 171)   coste      57       57
( 169, 172)   coste      34       34
( 169, 173)   coste      25       25
( 169, 174)   coste      15       15
( 127, 128)   coste      41       41
( 127, 129)   coste      22       22
( 127, 175)   coste      44       44
( 127, 176)   coste      33       33
( 127, 177)   coste      20       20
( 127, 178)   coste      44       44
( 179, 180)   coste      53       53
(  95, 179)   coste      32       32
( 179, 181)   coste      45       45
( 179, 182)   coste      47       47
(  98, 179)   coste      26       26
( 128, 130)   coste       9        9
( 128, 183)   coste      46       46
( 128, 184)   coste      44       44
( 128, 185)   coste      37       37
( 128, 186)   coste      33       33
( 187, 188)   coste      32       32
( 187, 189)   coste      34       34
( 187, 190)   coste      36       36
( 187, 191)   coste      40       40
( 187, 192)   coste      42       42
( 193, 194)   coste      34       34
( 193, 195)   coste      39       39
( 193, 196)   coste      22       22
( 193, 197)   coste      35       35
( 193, 198)   coste      34       34
( 199, 200)   coste      23       23
( 199, 201)   coste      21       21
( 202, 203)   coste      43       43
( 202, 204)   coste      35       35
( 202, 205)   coste      42       42
(  97, 202)   coste       9        9
( 202, 206)   coste      40       40
( 202, 207)   coste      38       38
( 208, 209)   coste      57       57
( 208, 210)   coste      42       42
( 211, 212)   coste      38       38
( 211, 213)   coste      36       36
( 211, 214)   coste      35       35
( 111, 112)   coste      57       57
( 111, 114)   coste      57       57
( 111, 115)   coste      47       47
( 111, 116)   coste      27       27
( 111, 215)   coste      23       23
( 216, 217)   coste      17       17
( 216, 218)   coste      28       28
( 216, 219)   coste      41       41
( 216, 220)   coste      47       47
( 216, 221)   coste      28       28
( 222, 223)   coste      25       25
( 222, 224)   coste      46       46
( 222, 225)   coste      34       34
( 222, 226)   coste      29       29
( 222, 227)   coste      26       26
( 222, 228)   coste      61       61
( 229, 230)   coste      21       21
( 229, 231)   coste      56       56
( 174, 229)   coste      52       52
( 229, 232)   coste      57       57
( 233, 234)   coste      42       42
( 233, 235)   coste      33       33
( 201, 233)   coste      66       66
( 233, 236)   coste      57       57
(  62, 237)   coste      23       23
( 237, 238)   coste       9        9
(  63, 237)   coste      36       36
( 232, 237)   coste      20       20
( 129, 175)   coste      23       23
( 129, 176)   coste      43       43
( 129, 131)   coste      44       44
( 129, 132)   coste      27       27
( 129, 185)   coste      36       36
( 239, 240)   coste      37       37
( 239, 241)   coste      43       43
( 239, 242)   coste      50       50
( 239, 243)   coste      33       33
( 239, 244)   coste      38       38
( 245, 246)   coste      66       66
( 245, 247)   coste      84       84
( 245, 248)   coste      51       51
( 249, 250)   coste      31       31
( 249, 251)   coste      11       11
( 249, 252)   coste      41       41
( 197, 249)   coste      43       43
( 249, 253)   coste      44       44
( 254, 255)   coste      21       21
( 254, 256)   coste      46       46
( 254, 257)   coste      21       21
( 254, 258)   coste      39       39
( 103, 254)   coste      30       30
( 254, 259)   coste      38       38
( 254, 260)   coste      35       35
( 261, 262)   coste      49       49
( 261, 263)   coste      39       39
( 261, 264)   coste      64       64
( 154, 261)   coste      49       49
( 261, 265)   coste      21       21
( 266, 267)   coste      42       42
( 266, 268)   coste      15       15
( 266, 269)   coste      65       65
( 266, 270)   coste      66       66
( 266, 271)   coste      27       27
( 159, 272)   coste      66       66
( 272, 273)   coste      46       46
( 272, 274)   coste      37       37
( 272, 275)   coste      44       44
( 272, 276)   coste      36       36
( 277, 278)   coste      38       38
( 242, 277)   coste      36       36
( 113, 277)   coste      28       28
( 116, 277)   coste      36       36
(  77, 279)   coste      55       55
( 279, 280)   coste      59       59
( 279, 281)   coste      39       39
(  78, 279)   coste       4        4
( 109, 279)   coste      41       41
(  79, 279)   coste      26       26
(  83, 279)   coste      40       40
(  94, 282)   coste      30       30
(  94,  95)   coste       7        7
(  94, 283)   coste      47       47
( 241, 278)   coste      42       42
( 278, 284)   coste      64       64
( 278, 285)   coste      64       64
( 215, 278)   coste      31       31
(  28,  51)   coste      35       35
(  30,  51)   coste      40       40
(  51, 286)   coste      39       39
(  51, 287)   coste      56       56
( 114, 288)   coste      43       43
( 288, 289)   coste      37       37
( 288, 290)   coste      63       63
( 291, 292)   coste      21       21
( 224, 291)   coste      21       21
( 225, 291)   coste      44       44
( 291, 293)   coste      28       28
( 226, 291)   coste      33       33
( 294, 295)   coste      43       43
( 294, 296)   coste      20       20
( 294, 297)   coste      26       26
( 294, 298)   coste      49       49
( 294, 299)   coste      27       27
(   2,   5)   coste      49       49
(   2,   7)   coste      30       30
(   2, 300)   coste      33       33
(   2,  46)   coste      68       68
( 189, 301)   coste      17       17
( 190, 301)   coste      19       19
( 301, 302)   coste      42       42
(  88,  90)   coste      26       26
(  88,  92)   coste      34       34
(  88, 303)   coste      16       16
(  40,  88)   coste      48       48
( 304, 305)   coste      28       28
( 304, 306)   coste      50       50
( 304, 307)   coste       5        5
( 304, 308)   coste      38       38
( 304, 309)   coste      29       29
( 246, 247)   coste      25       25
( 246, 248)   coste      30       30
( 246, 310)   coste      27       27
( 311, 312)   coste      26       26
( 311, 313)   coste      20       20
( 311, 314)   coste      40       40
( 315, 316)   coste      55       55
( 315, 317)   coste      46       46
( 315, 318)   coste      13       13
( 315, 319)   coste      26       26
( 315, 320)   coste      27       27
( 234, 321)   coste      60       60
( 321, 322)   coste      38       38
( 321, 323)   coste      31       31
( 321, 324)   coste       8        8
( 325, 326)   coste      18       18
( 325, 327)   coste      11       11
( 325, 328)   coste      40       40
( 325, 329)   coste      37       37
( 325, 330)   coste      41       41
( 325, 331)   coste      34       34
( 325, 332)   coste      22       22
( 325, 333)   coste      23       23
( 334, 335)   coste      69       69
( 334, 336)   coste      17       17
( 334, 337)   coste      38       38
( 334, 338)   coste      65       65
( 334, 339)   coste      65       65
( 334, 340)   coste      62       62
( 341, 342)   coste      54       54
( 341, 343)   coste      98       98
( 341, 344)   coste      44       44
( 341, 345)   coste      24       24
( 341, 346)   coste      48       48
( 347, 348)   coste      43       43
( 163, 347)   coste      61       61
( 165, 347)   coste      49       49
( 167, 347)   coste      66       66
( 347, 349)   coste      63       63
( 347, 350)   coste      72       72
( 351, 352)   coste      56       56
( 264, 351)   coste      36       36
( 351, 353)   coste      69       69
(  57,  58)   coste      19       19
(  57, 167)   coste      49       49
(  57,  86)   coste      87       87
(  57, 350)   coste      41       41
( 354, 355)   coste      52       52
( 354, 356)   coste      40       40
( 276, 354)   coste      52       52
( 170, 173)   coste      18       18
( 357, 358)   coste      47       47
( 357, 359)   coste      13       13
( 357, 360)   coste      32       32
( 180, 282)   coste      15       15
(  95, 180)   coste      39       39
( 180, 283)   coste      13       13
(  14,  15)   coste      52       52
(  14,  16)   coste      26       26
(  14, 340)   coste      35       35
( 118, 361)   coste      57       57
( 118, 122)   coste      27       27
( 188, 191)   coste      48       48
( 188, 362)   coste      49       49
( 188, 192)   coste      17       17
( 188, 363)   coste      35       35
(   3,   4)   coste      44       44
(   3, 364)   coste      60       60
(   3,   5)   coste      10       10
(   3, 270)   coste      57       57
( 292, 365)   coste      62       62
( 365, 366)   coste      45       45
( 191, 365)   coste      51       51
( 302, 365)   coste      44       44
( 227, 365)   coste      46       46
(  95, 282)   coste      33       33
( 282, 316)   coste      48       48
( 367, 368)   coste      24       24
( 367, 369)   coste      28       28
( 367, 370)   coste      32       32
( 326, 371)   coste      34       34
( 371, 372)   coste      23       23
( 332, 371)   coste      32       32
( 371, 373)   coste      15       15
( 355, 374)   coste      52       52
( 374, 375)   coste      39       39
( 108, 146)   coste       7        7
( 146, 147)   coste      28       28
( 146, 376)   coste      43       43
(  83, 146)   coste      36       36
(  20,  21)   coste      10       10
(  20,  22)   coste      39       39
(  20, 161)   coste      44       44
(  20, 377)   coste      45       45
(  20,  25)   coste      22       22
(  20,  26)   coste      34       34
( 326, 327)   coste      25       25
( 326, 331)   coste      48       48
( 326, 372)   coste      35       35
( 326, 332)   coste      10       10
( 326, 373)   coste      26       26
( 326, 333)   coste      26       26
( 378, 379)   coste      66       66
( 378, 380)   coste       7        7
( 378, 381)   coste      36       36
( 382, 383)   coste      51       51
( 382, 384)   coste      44       44
( 382, 385)   coste      10       10
( 382, 386)   coste      14       14
(  42,  44)   coste      30       30
(  42, 259)   coste      40       40
( 364, 387)   coste      53       53
( 142, 387)   coste      55       55
( 387, 388)   coste      46       46
( 144, 387)   coste      30       30
( 223, 389)   coste       5        5
( 223, 366)   coste      21       21
( 223, 302)   coste      34       34
( 390, 391)   coste      16       16
( 390, 392)   coste      35       35
( 390, 393)   coste      10       10
( 308, 390)   coste      40       40
( 390, 394)   coste      46       46
( 390, 395)   coste      38       38
( 396, 397)   coste      46       46
( 396, 398)   coste      25       25
( 317, 396)   coste      45       45
( 396, 399)   coste      22       22
( 396, 400)   coste      29       29
(  58, 164)   coste      45       45
(  58, 167)   coste      42       42
(  58, 350)   coste      51       51
( 312, 401)   coste       9        9
( 312, 313)   coste      42       42
( 312, 314)   coste      44       44
( 312, 402)   coste      43       43
( 312, 403)   coste      43       43
(  70, 312)   coste      36       36
( 322, 404)   coste      35       35
( 404, 405)   coste      31       31
( 404, 406)   coste      54       54
( 305, 391)   coste      35       35
( 391, 393)   coste      25       25
( 306, 391)   coste      45       45
( 308, 391)   coste      25       25
( 407, 408)   coste      59       59
( 196, 407)   coste       4        4
( 407, 409)   coste      14       14
(  89,  91)   coste      60       60
(  89, 410)   coste      61       61
(  89,  92)   coste      51       51
(  89, 411)   coste      43       43
(  39,  89)   coste      64       64
( 412, 413)   coste      45       45
( 235, 412)   coste      70       70
( 412, 414)   coste      21       21
( 412, 415)   coste      48       48
( 412, 416)   coste      58       58
( 412, 417)   coste      24       24
( 418, 419)   coste      26       26
( 418, 420)   coste      55       55
( 262, 418)   coste      45       45
( 263, 418)   coste      46       46
( 264, 418)   coste      68       68
( 154, 418)   coste      43       43
( 265, 418)   coste      21       21
( 397, 421)   coste      18       18
( 375, 397)   coste      40       40
( 422, 423)   coste      14       14
( 424, 425)   coste      61       61
( 424, 426)   coste      34       34
( 424, 427)   coste      62       62
( 428, 429)   coste      25       25
( 428, 430)   coste      16       16
( 428, 431)   coste      20       20
( 428, 432)   coste      17       17
( 275, 428)   coste      34       34
( 360, 428)   coste      53       53
( 428, 433)   coste      23       23
( 434, 435)   coste      25       25
( 434, 436)   coste      43       43
( 192, 434)   coste      39       39
( 437, 438)   coste      61       61
( 398, 437)   coste      26       26
( 437, 439)   coste      37       37
( 437, 440)   coste      40       40
( 400, 437)   coste      11       11
(  79,  81)   coste      19       19
(  81,  83)   coste      60       60
( 441, 442)   coste      32       32
( 219, 441)   coste      43       43
( 441, 443)   coste      33       33
( 441, 444)   coste      50       50
( 445, 446)   coste      59       59
( 445, 447)   coste      60       60
( 445, 448)   coste      43       43
( 449, 450)   coste      21       21
( 451, 452)   coste      50       50
( 450, 451)   coste      12       12
( 451, 453)   coste      66       66
(  77, 280)   coste      17       17
(  77,  78)   coste      56       56
( 292, 454)   coste      37       37
( 310, 454)   coste      41       41
( 454, 455)   coste      17       17
( 456, 457)   coste      30       30
( 166, 456)   coste      65       65
( 456, 458)   coste      59       59
( 456, 459)   coste      23       23
( 456, 460)   coste      38       38
(   9, 461)   coste      30       30
(   9,  12)   coste       6        6
( 106, 462)   coste      37       37
( 109, 462)   coste      40       40
(  83, 462)   coste      34       34
( 342, 344)   coste      74       74
( 342, 463)   coste      73       73
( 342, 346)   coste      93       93
(  23, 464)   coste      38       38
( 386, 464)   coste      31       31
( 361, 379)   coste      41       41
( 121, 361)   coste      49       49
( 361, 381)   coste      62       62
( 361, 465)   coste      51       51
( 343, 466)   coste      41       41
( 343, 467)   coste      34       34
( 343, 468)   coste      23       23
( 343, 469)   coste      11       11
( 470, 471)   coste      45       45
( 470, 472)   coste      15       15
(  59, 470)   coste      53       53
( 470, 473)   coste      29       29
( 470, 474)   coste      22       22
(  85, 470)   coste      25       25
( 435, 470)   coste      33       33
( 475, 476)   coste      42       42
( 475, 477)   coste      61       61
( 475, 478)   coste      59       59
( 475, 479)   coste      60       60
( 160, 408)   coste      23       23
( 408, 480)   coste      49       49
( 408, 409)   coste      58       58
( 481, 482)   coste      22       22
( 481, 483)   coste      51       51
( 481, 484)   coste      45       45
( 433, 481)   coste      41       41
(  91, 485)   coste      35       35
( 410, 485)   coste      65       65
( 303, 485)   coste      59       59
( 443, 485)   coste      41       41
( 485, 486)   coste      27       27
( 100, 101)   coste      22       22
( 100, 487)   coste      33       33
( 100, 488)   coste      18       18
( 100, 489)   coste      26       26
( 267, 490)   coste      60       60
( 490, 491)   coste      22       22
( 490, 492)   coste      35       35
( 490, 493)   coste      54       54
( 270, 490)   coste      60       60
( 490, 494)   coste      48       48
( 405, 413)   coste      52       52
( 413, 495)   coste      30       30
( 413, 417)   coste      44       44
( 119, 482)   coste      43       43
( 482, 496)   coste      29       29
( 482, 483)   coste      42       42
( 482, 484)   coste      46       46
( 482, 497)   coste      41       41
( 498, 499)   coste      13       13
(  48, 498)   coste      38       38
( 498, 500)   coste      36       36
(  49, 498)   coste      28       28
( 498, 501)   coste      34       34
( 344, 502)   coste     123      123
( 344, 346)   coste      29       29
( 217, 442)   coste      48       48
( 217, 218)   coste      27       27
( 217, 220)   coste      48       48
( 217, 461)   coste      34       34
( 217, 221)   coste      25       25
(  28,  53)   coste      28       28
(  28, 286)   coste      18       18
(  28, 287)   coste      25       25
(  28, 503)   coste      32       32
( 446, 504)   coste      50       50
( 446, 505)   coste      62       62
( 446, 447)   coste      21       21
( 446, 448)   coste      39       39
( 298, 446)   coste      60       60
( 255, 257)   coste      29       29
( 255, 258)   coste      32       32
( 255, 259)   coste      49       49
( 255, 506)   coste      48       48
( 250, 251)   coste      29       29
( 196, 250)   coste      29       29
( 197, 250)   coste      17       17
( 250, 409)   coste      37       37
( 198, 250)   coste      16       16
(  33,  34)   coste      36       36
(  33,  35)   coste      17       17
(  33, 507)   coste      40       40
( 508, 509)   coste      31       31
( 508, 510)   coste       9        9
( 190, 508)   coste      53       53
( 508, 511)   coste      42       42
( 508, 512)   coste      41       41
(  21,  24)   coste       6        6
(  21, 383)   coste      39       39
( 152, 467)   coste      36       36
( 152, 156)   coste      59       59
( 152, 513)   coste      48       48
( 295, 447)   coste      55       55
( 148, 295)   coste      44       44
( 295, 514)   coste      40       40
( 295, 298)   coste      12       12
( 295, 307)   coste      42       42
( 295, 299)   coste      42       42
( 295, 309)   coste      21       21
( 295, 515)   coste      50       50
( 194, 516)   coste      47       47
( 194, 195)   coste      17       17
( 194, 383)   coste      26       26
( 194, 384)   coste      30       30
( 194, 517)   coste      47       47
( 194, 198)   coste      33       33
( 518, 519)   coste      53       53
( 172, 518)   coste      27       27
(  63, 518)   coste      41       41
( 518, 520)   coste      58       58
( 384, 516)   coste      30       30
( 306, 516)   coste      51       51
( 516, 517)   coste       9        9
( 198, 516)   coste      52       52
( 521, 522)   coste      74       74
( 521, 523)   coste      56       56
(  22, 521)   coste      60       60
(  23, 521)   coste      49       49
( 521, 524)   coste      33       33
( 521, 525)   coste      59       59
(  78, 280)   coste      59       59
( 109, 280)   coste      47       47
(  95, 283)   coste      46       46
(  95,  98)   coste      10       10
( 526, 527)   coste      33       33
( 526, 528)   coste      21       21
( 526, 529)   coste      16       16
( 401, 403)   coste      42       42
(  71, 401)   coste      49       49
( 335, 336)   coste      65       65
( 329, 335)   coste      64       64
( 335, 530)   coste      45       45
( 335, 531)   coste      29       29
( 335, 532)   coste      54       54
(  52, 533)   coste      55       55
(  52, 200)   coste      32       32
(  52,  54)   coste      15       15
(  52,  55)   coste      53       53
(  52, 236)   coste      21       21
(  73, 534)   coste      40       40
(  73, 535)   coste      28       28
(  73, 536)   coste      55       55
( 283, 477)   coste      68       68
(  98, 283)   coste      53       53
( 124, 125)   coste      43       43
( 124, 537)   coste      46       46
( 124, 538)   coste      14       14
(   6, 539)   coste      19       19
( 440, 539)   coste      21       21
( 471, 472)   coste      38       38
( 471, 540)   coste      55       55
( 471, 541)   coste      17       17
( 471, 542)   coste      42       42
( 219, 442)   coste      20       20
( 220, 442)   coste      38       38
( 442, 443)   coste      50       50
( 240, 543)   coste      64       64
( 543, 544)   coste      19       19
( 543, 545)   coste      35       35
( 305, 306)   coste      31       31
( 305, 308)   coste      16       16
( 305, 546)   coste      49       49
( 163, 348)   coste      22       22
( 165, 348)   coste       7        7
( 167, 348)   coste      42       42
( 168, 348)   coste      28       28
( 348, 350)   coste      72       72
( 509, 510)   coste      32       32
( 509, 547)   coste      30       30
( 509, 511)   coste      21       21
( 509, 548)   coste      32       32
( 509, 512)   coste      37       37
( 240, 549)   coste      53       53
( 240, 550)   coste      59       59
( 240, 551)   coste      43       43
( 163, 164)   coste      44       44
( 163, 167)   coste      28       28
( 163, 349)   coste      30       30
( 163, 168)   coste      32       32
( 163, 350)   coste      66       66
( 358, 552)   coste      44       44
( 369, 552)   coste      47       47
( 552, 553)   coste      39       39
( 181, 554)   coste      20       20
( 181, 182)   coste      41       41
( 181, 555)   coste      31       31
( 181, 556)   coste      24       24
( 181, 557)   coste      56       56
( 181, 558)   coste      43       43
( 224, 292)   coste      27       27
( 292, 293)   coste      28       28
( 292, 455)   coste      21       21
( 226, 292)   coste      44       44
(  30,  53)   coste      21       21
(  53, 286)   coste      22       22
(  17, 559)   coste      31       31
( 372, 559)   coste      32       32
(  34,  35)   coste      35       35
(  34, 530)   coste      30       30
(  34, 560)   coste      14       14
( 313, 402)   coste       2        2
( 313, 561)   coste      52       52
( 285, 313)   coste      64       64
(  70, 313)   coste      18       18
(  61, 238)   coste      46       46
(  61,  64)   coste      50       50
(  61, 562)   coste      57       57
(  61, 443)   coste      65       65
(  61,  65)   coste      17       17
( 419, 420)   coste      47       47
( 265, 419)   coste      41       41
( 419, 563)   coste      30       30
(  48, 499)   coste      45       45
( 499, 500)   coste      30       30
( 499, 564)   coste      46       46
(  49, 499)   coste      32       32
( 220, 499)   coste      43       43
( 499, 565)   coste      25       25
( 499, 501)   coste      22       22
( 444, 499)   coste      36       36
( 368, 566)   coste      44       44
( 368, 567)   coste      35       35
( 368, 568)   coste      28       28
( 368, 536)   coste      45       45
( 327, 328)   coste      31       31
( 327, 329)   coste      32       32
( 463, 467)   coste      58       58
( 463, 468)   coste      54       54
( 519, 569)   coste      25       25
( 171, 519)   coste      11       11
( 370, 519)   coste      45       45
( 519, 536)   coste      24       24
( 119, 121)   coste      64       64
( 119, 570)   coste      33       33
( 120, 571)   coste      43       43
( 120, 572)   coste      63       63
( 120, 573)   coste      31       31
( 120, 570)   coste      26       26
( 358, 574)   coste      59       59
( 358, 575)   coste      46       46
( 212, 213)   coste      42       42
( 212, 214)   coste       4        4
( 212, 576)   coste      49       49
( 212, 577)   coste      44       44
( 212, 578)   coste      65       65
( 472, 473)   coste      32       32
( 472, 474)   coste       8        8
(  85, 472)   coste      39       39
( 472, 579)   coste      39       39
( 234, 414)   coste      57       57
( 234, 580)   coste      24       24
( 425, 581)   coste      25       25
( 425, 582)   coste      29       29
( 425, 583)   coste      50       50
( 425, 584)   coste      66       66
( 425, 585)   coste      25       25
( 425, 426)   coste      45       45
( 425, 586)   coste      53       53
(  82, 281)   coste      49       49
(  78, 281)   coste      39       39
( 267, 268)   coste      54       54
( 267, 492)   coste      69       69
( 106, 107)   coste      46       46
( 106, 108)   coste      28       28
( 106, 149)   coste      23       23
( 106, 587)   coste      26       26
( 209, 588)   coste      24       24
( 588, 589)   coste      23       23
( 436, 588)   coste      17       17
( 504, 590)   coste      29       29
( 147, 504)   coste      53       53
( 376, 504)   coste      38       38
( 527, 591)   coste      45       45
( 591, 592)   coste      41       41
( 528, 591)   coste      37       37
( 593, 594)   coste      55       55
( 593, 595)   coste      54       54
( 593, 596)   coste      65       65
( 593, 597)   coste      42       42
( 574, 598)   coste      34       34
( 574, 575)   coste      26       26
( 574, 599)   coste      58       58
( 203, 438)   coste      34       34
( 207, 438)   coste      26       26
( 190, 510)   coste      47       47
( 510, 511)   coste      38       38
( 510, 512)   coste      33       33
( 505, 590)   coste      66       66
( 448, 505)   coste      30       30
( 505, 592)   coste      69       69
( 496, 522)   coste      61       61
( 274, 522)   coste      72       72
( 522, 525)   coste      25       25
( 209, 600)   coste      38       38
( 209, 579)   coste      54       54
( 601, 602)   coste      13       13
( 601, 603)   coste      37       37
( 601, 604)   coste      18       18
( 578, 601)   coste      31       31
( 213, 605)   coste      43       43
( 213, 263)   coste      46       46
( 213, 214)   coste      39       39
( 213, 577)   coste      26       26
( 213, 606)   coste      18       18
( 466, 607)   coste      44       44
( 466, 608)   coste      45       45
( 466, 468)   coste      21       21
( 323, 609)   coste      24       24
( 406, 609)   coste      35       35
( 458, 609)   coste      48       48
( 558, 609)   coste      65       65
( 324, 609)   coste      36       36
( 102, 256)   coste      33       33
( 103, 256)   coste      29       29
( 256, 259)   coste      16       16
( 256, 260)   coste      12       12
(  10, 218)   coste      39       39
( 218, 221)   coste       3        3
(  23, 523)   coste      18       18
( 383, 523)   coste      37       37
( 386, 523)   coste      31       31
( 610, 611)   coste      39       39
( 610, 612)   coste      19       19
( 610, 613)   coste      38       38
( 614, 615)   coste      19       19
( 614, 616)   coste      31       31
( 534, 614)   coste      46       46
( 614, 617)   coste      16       16
( 614, 618)   coste      10       10
( 614, 619)   coste      52       52
( 614, 620)   coste      35       35
( 621, 622)   coste      37       37
( 621, 623)   coste      38       38
( 157, 621)   coste      35       35
(  22,  26)   coste       9        9
( 322, 405)   coste      26       26
( 322, 414)   coste      39       39
( 322, 415)   coste      35       35
( 338, 624)   coste      47       47
( 491, 624)   coste      37       37
( 624, 625)   coste      25       25
( 493, 624)   coste      55       55
( 339, 624)   coste      28       28
( 398, 399)   coste      15       15
( 171, 569)   coste      34       34
( 369, 569)   coste      29       29
( 370, 569)   coste      22       22
( 536, 569)   coste      23       23
(  17, 328)   coste      60       60
( 328, 372)   coste      43       43
( 328, 333)   coste      18       18
(  59, 626)   coste      28       28
( 241, 242)   coste      21       21
( 241, 243)   coste      45       45
( 116, 241)   coste      44       44
( 215, 241)   coste      42       42
( 241, 244)   coste      25       25
( 590, 592)   coste      67       67
(  82, 590)   coste      38       38
( 376, 590)   coste      29       29
( 247, 248)   coste      36       36
( 247, 310)   coste      26       26
( 627, 628)   coste      55       55
(  15, 627)   coste      54       54
( 627, 629)   coste      44       44
( 627, 630)   coste      85       85
( 627, 631)   coste      11       11
( 420, 632)   coste      56       56
( 154, 420)   coste      32       32
( 420, 633)   coste      41       41
( 370, 566)   coste      53       53
( 375, 566)   coste      26       26
( 399, 421)   coste      61       61
( 375, 421)   coste      35       35
( 576, 632)   coste      41       41
( 538, 632)   coste      54       54
( 604, 632)   coste      40       40
( 578, 632)   coste      41       41
(  48,  49)   coste      16       16
(  48, 634)   coste      33       33
( 200, 533)   coste      25       25
( 236, 533)   coste      43       43
( 635, 636)   coste      41       41
( 635, 637)   coste      14       14
( 392, 635)   coste      43       43
( 394, 635)   coste      31       31
( 625, 638)   coste      40       40
( 638, 639)   coste      75       75
( 571, 640)   coste      44       44
( 570, 571)   coste      45       45
( 525, 571)   coste      64       64
( 447, 448)   coste      55       55
( 447, 514)   coste      49       49
( 298, 447)   coste      45       45
( 429, 496)   coste      24       24
( 429, 430)   coste      20       20
( 429, 431)   coste      33       33
( 429, 432)   coste       9        9
( 429, 497)   coste      49       49
( 429, 433)   coste      31       31
( 636, 637)   coste      42       42
( 394, 636)   coste      55       55
( 636, 641)   coste      64       64
(  29, 349)   coste      30       30
(  29,  31)   coste      31       31
(  29, 168)   coste      25       25
(  29, 287)   coste      22       22
(  29, 503)   coste      18       18
( 160, 642)   coste      36       36
( 130, 178)   coste      28       28
( 130, 185)   coste      29       29
( 130, 186)   coste      30       30
( 159, 643)   coste      38       38
( 159, 377)   coste      43       43
( 159, 274)   coste      48       48
( 637, 644)   coste      45       45
( 637, 645)   coste      57       57
( 581, 582)   coste      42       42
( 581, 585)   coste       2        2
( 594, 646)   coste      39       39
( 595, 646)   coste      60       60
( 135, 646)   coste      61       61
( 646, 647)   coste      43       43
( 646, 648)   coste      30       30
( 336, 338)   coste      59       59
( 336, 339)   coste      64       64
( 336, 560)   coste      59       59
( 336, 531)   coste      58       58
( 583, 649)   coste      44       44
( 495, 649)   coste      70       70
( 417, 649)   coste      48       48
( 316, 650)   coste       4        4
( 319, 650)   coste      57       57
( 476, 650)   coste      66       66
( 183, 184)   coste      45       45
( 183, 651)   coste      39       39
( 178, 183)   coste      28       28
( 323, 458)   coste      32       32
( 323, 324)   coste      37       37
(  68, 652)   coste       6        6
(  69, 652)   coste      36       36
( 652, 653)   coste      46       46
( 652, 654)   coste      13       13
(  71, 652)   coste      15       15
( 615, 617)   coste      12       12
( 507, 615)   coste      29       29
( 615, 620)   coste      25       25
( 572, 655)   coste      41       41
( 551, 572)   coste      57       57
( 379, 598)   coste      62       62
( 379, 381)   coste      43       43
( 379, 599)   coste      63       63
( 345, 346)   coste      38       38
(  30, 286)   coste       5        5
(  30, 287)   coste      21       21
( 248, 310)   coste      11       11
( 189, 190)   coste       8        8
( 189, 389)   coste      52       52
( 189, 656)   coste      33       33
(  62, 564)   coste      29       29
(  62, 238)   coste      29       29
(  62,  64)   coste      33       33
(  62, 232)   coste      20       20
(  15, 628)   coste      94       94
( 628, 629)   coste      41       41
( 628, 630)   coste      47       47
( 628, 631)   coste      62       62
(  44, 657)   coste      36       36
( 300, 657)   coste      42       42
( 506, 657)   coste      48       48
(  46, 657)   coste      37       37
( 337, 338)   coste      72       72
( 337, 339)   coste      61       61
( 410, 658)   coste      74       74
( 658, 659)   coste      57       57
( 136, 658)   coste      24       24
( 121, 122)   coste      35       35
( 121, 483)   coste      59       59
( 166, 457)   coste      39       39
( 457, 660)   coste      52       52
(  55, 457)   coste      55       55
( 457, 459)   coste      38       38
( 595, 661)   coste      18       18
( 596, 661)   coste      48       48
( 331, 661)   coste      54       54
( 125, 608)   coste      34       34
( 125, 537)   coste      15       15
( 125, 468)   coste      51       51
( 125, 469)   coste      40       40
( 224, 225)   coste      24       24
( 224, 293)   coste       8        8
( 224, 455)   coste      47       47
( 224, 226)   coste      18       18
( 224, 228)   coste      51       51
( 190, 656)   coste      31       31
( 171, 172)   coste      37       37
( 171, 535)   coste      45       45
(  15, 629)   coste      58       58
(  15,  16)   coste      31       31
(  15, 662)   coste      44       44
(  15, 340)   coste      40       40
(  15, 631)   coste      60       60
( 663, 664)   coste      25       25
( 140, 663)   coste      51       51
( 663, 665)   coste      32       32
( 663, 666)   coste      19       19
( 663, 667)   coste      37       37
( 663, 668)   coste      32       32
( 101, 102)   coste      40       40
( 101, 488)   coste      17       17
( 101, 542)   coste      32       32
( 296, 297)   coste      11       11
( 296, 514)   coste      17       17
( 669, 670)   coste       8        8
( 406, 669)   coste      50       50
( 555, 669)   coste      14       14
( 556, 669)   coste       8        8
( 669, 671)   coste      24       24
( 448, 529)   coste      53       53
( 594, 648)   coste      66       66
( 316, 672)   coste      55       55
( 316, 319)   coste      55       55
( 338, 673)   coste      20       20
( 493, 673)   coste      35       35
( 339, 673)   coste      38       38
( 619, 673)   coste      52       52
( 500, 564)   coste      30       30
(  49, 500)   coste      26       26
(  64, 500)   coste      48       48
( 231, 500)   coste      49       49
( 500, 501)   coste      41       41
( 491, 492)   coste      50       50
( 491, 625)   coste      35       35
( 491, 639)   coste      59       59
( 491, 493)   coste      44       44
( 491, 494)   coste      46       46
( 380, 381)   coste      38       38
( 380, 465)   coste      36       36
( 380, 674)   coste      29       29
( 380, 675)   coste      39       39
( 540, 589)   coste      49       49
( 589, 600)   coste      25       25
( 436, 589)   coste      24       24
( 579, 589)   coste      47       47
( 352, 622)   coste      35       35
( 262, 352)   coste      26       26
( 265, 352)   coste      54       54
( 352, 353)   coste      15       15
( 157, 352)   coste      28       28
( 676, 677)   coste      18       18
( 676, 678)   coste      36       36
( 676, 679)   coste      14       14
( 676, 680)   coste      23       23
( 153, 622)   coste      55       55
( 155, 622)   coste      20       20
( 353, 622)   coste      22       22
( 114, 452)   coste      49       49
( 289, 452)   coste      44       44
( 605, 611)   coste      28       28
( 611, 681)   coste      10       10
( 611, 682)   coste      50       50
( 153, 155)   coste      42       42
( 319, 672)   coste      13       13
( 320, 672)   coste      27       27
(  23,  24)   coste      37       37
(  23,  25)   coste      26       26
(  23,  26)   coste      32       32
(  23, 386)   coste      47       47
( 231, 683)   coste      51       51
( 381, 683)   coste      36       36
( 683, 684)   coste      51       51
( 431, 496)   coste      39       39
( 496, 525)   coste      75       75
( 432, 496)   coste      30       30
( 107, 149)   coste      43       43
( 107, 150)   coste      71       71
( 534, 616)   coste      55       55
(  90, 616)   coste      48       48
( 616, 618)   coste      32       32
( 616, 620)   coste      13       13
(  24,  25)   coste      15       15
(  24,  26)   coste      35       35
( 155, 262)   coste      40       40
( 262, 353)   coste      35       35
(  64, 564)   coste      23       23
( 232, 564)   coste      44       44
( 184, 524)   coste      44       44
( 524, 685)   coste      51       51
( 186, 524)   coste      41       41
( 386, 524)   coste      53       53
( 203, 204)   coste      13       13
( 203, 205)   coste      22       22
( 203, 258)   coste      52       52
( 203, 207)   coste      20       20
( 160, 161)   coste      50       50
( 160, 643)   coste      57       57
( 160, 479)   coste      58       58
( 160, 480)   coste      46       46
( 172, 174)   coste      44       44
( 487, 488)   coste      34       34
( 487, 489)   coste      20       20
( 487, 686)   coste      21       21
( 487, 687)   coste      47       47
( 540, 600)   coste      30       30
(  45, 540)   coste      65       65
( 355, 553)   coste      52       52
( 355, 375)   coste      58       58
( 355, 360)   coste      55       55
( 659, 688)   coste      47       47
( 688, 689)   coste      46       46
( 688, 690)   coste      64       64
( 688, 691)   coste      31       31
(  74, 534)   coste      36       36
(  75, 534)   coste      40       40
( 164, 166)   coste      49       49
( 164, 167)   coste      44       44
(  31, 164)   coste      47       47
(  90, 620)   coste      50       50
( 297, 514)   coste      11       11
( 252, 297)   coste      16       16
( 253, 297)   coste      58       58
( 139, 140)   coste      50       50
( 139, 142)   coste      15       15
(  54, 200)   coste      18       18
( 200, 201)   coste      38       38
( 200, 236)   coste      19       19
( 108, 147)   coste      26       26
( 108, 587)   coste      47       47
(  83, 108)   coste      42       42
( 184, 651)   coste      41       41
( 184, 692)   coste      46       46
( 184, 685)   coste      29       29
( 184, 186)   coste      21       21
( 147, 148)   coste      57       57
( 147, 376)   coste      45       45
( 165, 167)   coste      39       39
( 165, 349)   coste      21       21
( 605, 681)   coste      24       24
( 195, 384)   coste      32       32
( 195, 517)   coste      39       39
( 195, 198)   coste      22       22
(  63, 238)   coste      29       29
( 238, 520)   coste      19       19
(  65, 238)   coste      44       44
( 677, 693)   coste      42       42
( 677, 680)   coste      30       30
( 677, 694)   coste      35       35
( 612, 678)   coste      23       23
( 612, 679)   coste      44       44
( 612, 613)   coste      29       29
( 612, 680)   coste      34       34
( 612, 694)   coste      42       42
( 612, 682)   coste      48       48
(  91, 410)   coste      54       54
( 467, 695)   coste      50       50
( 467, 469)   coste      41       41
( 467, 513)   coste      46       46
(  31, 166)   coste      28       28
(  55, 166)   coste      38       38
( 166, 459)   coste      59       59
( 629, 662)   coste      32       32
(   4, 268)   coste      63       63
(   4,   6)   coste      13       13
(   4, 271)   coste      58       58
(   4, 439)   coste      43       43
( 131, 175)   coste      49       49
( 175, 395)   coste      30       30
( 204, 205)   coste      12       12
( 204, 258)   coste      50       50
( 204, 206)   coste      33       33
( 204, 207)   coste      27       27
( 167, 696)   coste      62       62
( 167, 350)   coste      40       40
( 148, 298)   coste      41       41
( 148, 515)   coste      16       16
( 369, 568)   coste      30       30
( 369, 370)   coste       8        8
( 230, 598)   coste      67       67
( 598, 697)   coste      29       29
( 575, 598)   coste      49       49
( 598, 599)   coste      41       41
( 602, 604)   coste       6        6
( 298, 514)   coste      41       41
( 131, 176)   coste      15       15
( 176, 177)   coste      43       43
( 176, 289)   coste      50       50
( 176, 453)   coste      34       34
( 176, 698)   coste      36       36
(  16, 340)   coste      15       15
(   6, 268)   coste      68       68
( 268, 270)   coste      58       58
( 364, 639)   coste      43       43
(   5, 364)   coste      54       54
( 270, 364)   coste      63       63
( 364, 388)   coste      70       70
( 582, 584)   coste      40       40
( 582, 585)   coste      41       41
( 427, 582)   coste      38       38
(  69, 607)   coste      47       47
( 607, 608)   coste      43       43
( 403, 607)   coste      28       28
( 640, 692)   coste      16       16
( 640, 699)   coste      43       43
( 640, 685)   coste      28       28
( 640, 700)   coste      18       18
( 551, 640)   coste      59       59
( 473, 474)   coste      38       38
(  85, 473)   coste      30       30
( 435, 473)   coste       9        9
( 555, 670)   coste      21       21
( 558, 670)   coste      36       36
( 670, 671)   coste      25       25
( 660, 701)   coste      32       32
( 557, 660)   coste      36       36
( 251, 702)   coste      22       22
( 251, 253)   coste      38       38
( 134, 703)   coste      50       50
( 329, 703)   coste      54       54
( 703, 704)   coste      44       44
( 331, 703)   coste      50       50
( 648, 703)   coste      61       61
( 511, 547)   coste      30       30
( 547, 548)   coste      23       23
( 547, 705)   coste      51       51
( 547, 706)   coste      37       37
(  74, 707)   coste      50       50
(  74, 535)   coste      59       59
(  74, 562)   coste      48       48
( 392, 393)   coste      33       33
( 308, 392)   coste      36       36
( 392, 546)   coste      27       27
(  43, 300)   coste      54       54
( 286, 287)   coste      19       19
( 366, 389)   coste      25       25
( 389, 656)   coste      54       54
(  67, 708)   coste      51       51
( 653, 708)   coste      36       36
( 502, 708)   coste      28       28
( 562, 709)   coste      27       27
( 443, 709)   coste      47       47
(  65, 709)   coste      38       38
( 486, 709)   coste      51       51
( 546, 644)   coste      43       43
( 641, 644)   coste      65       65
( 317, 399)   coste      29       29
( 317, 320)   coste      50       50
(  35,  36)   coste      17       17
(  35,  40)   coste      42       42
( 205, 258)   coste      41       41
( 205, 206)   coste      26       26
( 435, 474)   coste      37       37
( 474, 541)   coste      45       45
( 474, 579)   coste      41       41
( 664, 710)   coste      35       35
( 664, 711)   coste      40       40
( 678, 693)   coste      49       49
( 679, 693)   coste      30       30
( 131, 645)   coste      63       63
( 131, 453)   coste      37       37
( 318, 319)   coste      22       22
( 318, 399)   coste      61       61
( 318, 320)   coste      16       16
( 298, 309)   coste      32       32
( 298, 515)   coste      51       51
( 383, 386)   coste      49       49
( 112, 114)   coste      51       51
( 112, 115)   coste      26       26
( 112, 290)   coste      17       17
( 244, 314)   coste      40       40
( 405, 414)   coste      45       45
( 405, 480)   coste      59       59
( 405, 415)   coste      57       57
( 324, 405)   coste      54       54
( 293, 712)   coste      46       46
( 141, 630)   coste      94       94
( 630, 713)   coste      81       81
( 617, 714)   coste      46       46
( 617, 618)   coste       7        7
( 617, 619)   coste      41       41
( 544, 655)   coste      20       20
( 134, 135)   coste      48       48
( 134, 715)   coste      57       57
( 527, 583)   coste      35       35
( 527, 528)   coste      17       17
( 527, 529)   coste      24       24
( 423, 527)   coste      27       27
( 302, 366)   coste      28       28
( 227, 366)   coste       2        2
( 492, 639)   coste      21       21
( 707, 716)   coste      48       48
( 562, 707)   coste      36       36
( 230, 231)   coste      59       59
( 230, 381)   coste      44       44
( 230, 674)   coste      37       37
( 329, 704)   coste      49       49
( 329, 331)   coste      30       30
( 329, 532)   coste      43       43
( 329, 333)   coste      45       45
( 384, 517)   coste      24       24
( 384, 385)   coste      38       38
( 717, 718)   coste      45       45
( 717, 719)   coste      46       46
( 538, 717)   coste      37       37
( 714, 720)   coste      59       59
( 619, 714)   coste      13       13
( 494, 714)   coste      30       30
( 406, 558)   coste      46       46
(  63, 520)   coste      28       28
(  63,  65)   coste      43       43
( 161, 643)   coste      29       29
( 161, 377)   coste      23       23
( 196, 197)   coste      18       18
( 196, 409)   coste      17       17
( 196, 198)   coste      37       37
( 219, 220)   coste      19       19
( 219, 565)   coste      31       31
( 219, 501)   coste      36       36
( 219, 444)   coste      21       21
( 719, 721)   coste      10       10
( 721, 722)   coste      25       25
( 721, 723)   coste       6        6
( 545, 721)   coste       7        7
( 651, 692)   coste      13       13
( 651, 700)   coste      30       30
( 182, 554)   coste      31       31
( 554, 555)   coste      43       43
(  96, 554)   coste      66       66
( 554, 556)   coste      41       41
( 554, 557)   coste      41       41
( 410, 659)   coste      23       23
( 410, 724)   coste      64       64
( 595, 704)   coste      50       50
( 595, 597)   coste      17       17
(  54, 201)   coste      53       53
(  54, 236)   coste       8        8
( 603, 718)   coste      23       23
( 603, 722)   coste      25       25
( 135, 647)   coste      21       21
( 135, 137)   coste      21       21
( 647, 725)   coste      63       63
( 647, 715)   coste      43       43
( 647, 648)   coste      27       27
( 430, 726)   coste      29       29
( 349, 503)   coste      36       36
( 263, 577)   coste      30       30
( 263, 265)   coste      49       49
( 263, 563)   coste      29       29
( 308, 393)   coste      46       46
( 393, 394)   coste      41       41
( 393, 395)   coste      45       45
( 273, 274)   coste      37       37
( 273, 431)   coste      21       21
( 273, 275)   coste      15       15
( 273, 433)   coste      22       22
( 377, 643)   coste      32       32
( 710, 727)   coste       6        6
( 710, 728)   coste      46       46
( 710, 729)   coste      36       36
( 710, 711)   coste      13       13
( 136, 659)   coste      70       70
( 659, 724)   coste      43       43
( 659, 691)   coste      43       43
( 511, 548)   coste      45       45
( 511, 512)   coste      22       22
( 360, 730)   coste      24       24
( 726, 730)   coste      11       11
( 655, 722)   coste      51       51
( 545, 655)   coste      50       50
( 149, 150)   coste      55       55
( 149, 587)   coste      38       38
(  64, 501)   coste      38       38
(  64, 444)   coste      43       43
( 330, 731)   coste      18       18
( 332, 731)   coste      41       41
( 373, 731)   coste      22       22
( 330, 704)   coste      49       49
( 331, 704)   coste      21       21
( 606, 681)   coste      28       28
( 681, 682)   coste      45       45
( 264, 265)   coste      50       50
( 264, 682)   coste      44       44
( 306, 308)   coste      43       43
( 299, 306)   coste      50       50
( 257, 260)   coste      22       22
(  67,  69)   coste      58       58
(  67, 561)   coste      54       54
(  67, 502)   coste      77       77
( 210, 732)   coste      49       49
( 705, 732)   coste      10       10
( 729, 732)   coste      47       47
(  10, 689)   coste      51       51
( 689, 690)   coste      31       31
(  26, 377)   coste      41       41
( 727, 729)   coste      33       33
( 711, 727)   coste      13       13
( 733, 734)   coste      32       32
( 210, 733)   coste      34       34
( 733, 735)   coste       5        5
( 728, 733)   coste      34       34
( 733, 736)   coste      18       18
(  55, 459)   coste      46       46
( 696, 701)   coste      56       56
( 686, 701)   coste      69       69
( 557, 701)   coste      49       49
( 687, 701)   coste      27       27
( 460, 701)   coste      70       70
(  17, 372)   coste      46       46
( 626, 737)   coste      38       38
( 488, 737)   coste      40       40
( 541, 737)   coste      25       25
(  96, 182)   coste      40       40
( 285, 402)   coste      64       64
( 244, 402)   coste      49       49
( 154, 633)   coste      45       45
( 154, 513)   coste      25       25
( 150, 641)   coste      37       37
( 530, 560)   coste      26       26
( 530, 531)   coste      19       19
( 530, 532)   coste      44       44
(  38, 530)   coste      31       31
(  85, 435)   coste      38       38
( 270, 639)   coste      30       30
( 274, 431)   coste      56       56
( 274, 275)   coste      48       48
( 274, 433)   coste      56       56
( 330, 596)   coste      37       37
( 330, 597)   coste      54       54
( 330, 331)   coste      46       46
( 330, 373)   coste      38       38
( 373, 596)   coste      54       54
( 225, 293)   coste      23       23
( 225, 226)   coste      13       13
( 225, 228)   coste      33       33
( 718, 719)   coste      29       29
( 718, 722)   coste      13       13
( 718, 723)   coste      28       28
( 545, 718)   coste      32       32
( 450, 645)   coste      68       68
( 453, 645)   coste      28       28
( 113, 116)   coste      29       29
( 113, 215)   coste       9        9
( 458, 459)   coste      42       42
( 220, 565)   coste      19       19
( 220, 501)   coste      32       32
( 220, 444)   coste      22       22
( 140, 141)   coste      82       82
( 140, 665)   coste      31       31
( 140, 668)   coste      41       41
( 528, 592)   coste      67       67
( 584, 592)   coste      40       40
( 586, 592)   coste      36       36
( 319, 320)   coste      17       17
( 356, 476)   coste      49       49
( 356, 738)   coste      23       23
( 276, 356)   coste      21       21
(  68, 653)   coste      44       44
(  68, 654)   coste      17       17
(  68,  71)   coste      17       17
( 719, 722)   coste      25       25
( 719, 723)   coste       8        8
( 136, 724)   coste      42       42
( 136, 715)   coste      60       60
( 284, 561)   coste      43       43
( 284, 285)   coste       9        9
( 168, 503)   coste      33       33
( 476, 738)   coste      56       56
( 476, 739)   coste      22       22
( 132, 185)   coste      30       30
(  65, 716)   coste      45       45
( 141, 388)   coste      82       82
( 141, 143)   coste      66       66
( 141, 713)   coste      19       19
( 141, 740)   coste      54       54
( 307, 308)   coste      38       38
( 307, 309)   coste      26       26
( 308, 546)   coste      37       37
(  92, 303)   coste      37       37
(  92, 411)   coste      54       54
(  39,  92)   coste      35       35
(  40,  92)   coste      34       34
( 269, 568)   coste      68       68
( 269, 494)   coste      66       66
( 555, 556)   coste      14       14
( 555, 558)   coste      17       17
( 122, 573)   coste      37       37
( 549, 692)   coste      50       50
( 549, 550)   coste      21       21
( 549, 551)   coste      24       24
( 394, 546)   coste      29       29
( 339, 493)   coste      48       48
(  69, 653)   coste      12       12
(  69, 502)   coste      51       51
( 423, 583)   coste      27       27
( 426, 583)   coste      35       35
( 563, 577)   coste      25       25
( 685, 692)   coste      26       26
( 692, 700)   coste      20       20
( 381, 697)   coste      42       42
( 599, 697)   coste      53       53
( 191, 362)   coste      32       32
( 191, 741)   coste      32       32
( 191, 192)   coste      41       41
( 191, 363)   coste      23       23
(   6, 271)   coste      60       60
(   6, 439)   coste      33       33
(   6, 440)   coste      37       37
( 502, 653)   coste      45       45
( 320, 399)   coste      63       63
( 399, 400)   coste      32       32
( 285, 561)   coste      35       35
( 275, 431)   coste      24       24
( 431, 433)   coste       5        5
( 102, 103)   coste      26       26
( 102, 260)   coste      38       38
( 102, 542)   coste      28       28
( 483, 497)   coste      13       13
( 570, 573)   coste      26       26
( 477, 478)   coste      21       21
( 477, 742)   coste      33       33
( 477, 671)   coste      69       69
( 665, 666)   coste      26       26
( 665, 667)   coste      14       14
( 568, 720)   coste      62       62
( 531, 560)   coste      32       32
(  38, 560)   coste      40       40
( 478, 742)   coste      47       47
( 478, 479)   coste       7        7
( 546, 641)   coste      86       86
(  82, 376)   coste      25       25
( 548, 705)   coste      30       30
( 548, 706)   coste      24       24
(  96, 489)   coste      53       53
(  96, 686)   coste      51       51
(  96, 743)   coste      38       38
( 235, 414)   coste      66       66
( 235, 580)   coste      39       39
( 435, 579)   coste      16       16
( 299, 309)   coste      29       29
( 556, 744)   coste      26       26
( 556, 671)   coste      22       22
( 678, 679)   coste      23       23
( 613, 678)   coste      35       35
( 678, 694)   coste      41       41
( 541, 626)   coste      45       45
(  78, 109)   coste      44       44
(  78,  79)   coste      24       24
(  78,  83)   coste      43       43
( 210, 734)   coste      38       38
( 734, 736)   coste      37       37
( 231, 634)   coste      38       38
( 488, 489)   coste      37       37
( 488, 686)   coste      47       47
( 488, 542)   coste      40       40
( 502, 654)   coste      79       79
( 411, 725)   coste      35       35
(  39, 725)   coste      62       62
( 528, 529)   coste      22       22
( 114, 115)   coste      67       67
( 114, 290)   coste      63       63
( 515, 641)   coste      85       85
( 287, 745)   coste      27       27
( 287, 503)   coste      28       28
(  86, 350)   coste      72       72
( 525, 570)   coste      66       66
( 686, 687)   coste      46       46
( 679, 680)   coste      13       13
( 679, 694)   coste      41       41
(  11, 679)   coste      40       40
( 671, 742)   coste      52       52
( 512, 656)   coste      48       48
( 507, 620)   coste      22       22
( 156, 633)   coste      49       49
( 513, 633)   coste      29       29
( 666, 667)   coste      23       23
( 666, 668)   coste      49       49
( 575, 599)   coste      52       52
( 253, 702)   coste      34       34
( 634, 684)   coste      34       34
( 634, 746)   coste      24       24
( 557, 687)   coste      66       66
( 460, 557)   coste      40       40
( 427, 584)   coste      75       75
( 584, 586)   coste      39       39
( 459, 460)   coste      59       59
( 155, 623)   coste      43       43
( 157, 623)   coste      55       55
( 103, 260)   coste      24       24
( 103, 104)   coste      40       40
( 613, 680)   coste      30       30
(  36,  38)   coste      24       24
( 210, 735)   coste      36       36
( 362, 741)   coste       9        9
( 192, 362)   coste      33       33
( 362, 363)   coste      15       15
( 671, 744)   coste       5        5
( 735, 747)   coste      25       25
( 370, 536)   coste      32       32
( 403, 654)   coste      34       34
(  71, 403)   coste      13       13
( 201, 236)   coste      49       49
( 606, 682)   coste      50       50
( 143, 388)   coste      41       41
( 388, 713)   coste      65       65
( 388, 740)   coste      33       33
( 144, 388)   coste      35       35
( 667, 668)   coste      56       56
(  97, 206)   coste      47       47
(  97, 207)   coste      45       45
( 243, 244)   coste      22       22
( 722, 723)   coste      20       20
( 545, 722)   coste      22       22
( 541, 542)   coste      43       43
(  44,  45)   coste      48       48
(  44, 259)   coste      51       51
(  44,  46)   coste      54       54
( 375, 553)   coste      49       49
( 363, 741)   coste      22       22
( 115, 116)   coste      63       63
( 115, 290)   coste      37       37
( 271, 439)   coste      54       54
( 271, 400)   coste      63       63
(  10, 690)   coste      35       35
( 414, 495)   coste      56       56
( 414, 415)   coste      32       32
( 414, 417)   coste      44       44
( 525, 699)   coste      64       64
( 359, 360)   coste      22       22
(  75, 536)   coste      55       55
( 137, 715)   coste      27       27
( 460, 558)   coste      41       41
( 432, 433)   coste      27       27
( 174, 520)   coste      55       55
( 232, 520)   coste      29       29
( 332, 372)   coste      27       27
( 372, 373)   coste      33       33
( 333, 372)   coste      37       37
(  70, 285)   coste      72       72
( 155, 353)   coste      37       37
( 155, 157)   coste      16       16
( 417, 495)   coste      24       24
( 332, 373)   coste      28       28
( 332, 333)   coste      20       20
( 309, 515)   coste      53       53
( 178, 186)   coste      43       43
( 400, 439)   coste      46       46
( 439, 748)   coste      31       31
( 276, 739)   coste      40       40
( 550, 700)   coste      46       46
( 550, 551)   coste      43       43
( 579, 600)   coste      35       35
(  45, 259)   coste      61       61
( 484, 497)   coste      10       10
( 484, 599)   coste      42       42
( 197, 409)   coste      32       32
( 197, 198)   coste      31       31
( 381, 465)   coste      62       62
( 685, 699)   coste      57       57
( 699, 700)   coste      54       54
( 156, 513)   coste      25       25
( 469, 695)   coste      42       42
( 116, 215)   coste      21       21
( 465, 675)   coste      69       69
( 436, 579)   coste      48       48
( 680, 694)   coste      30       30
( 228, 293)   coste      46       46
( 324, 415)   coste      46       46
( 157, 353)   coste      23       23
( 713, 740)   coste      41       41
( 585, 749)   coste      27       27
( 426, 749)   coste      59       59
( 427, 749)   coste      30       30
( 674, 684)   coste      49       49
( 674, 675)   coste      41       41
( 494, 619)   coste      28       28
( 453, 698)   coste      57       57
( 684, 746)   coste      24       24
( 440, 748)   coste      18       18
( 144, 740)   coste      35       35
( 259, 260)   coste       9        9
( 728, 736)   coste      17       17
( 728, 729)   coste      38       38
(  98, 743)   coste      51       51
( 501, 565)   coste      16       16
( 444, 565)   coste      17       17
( 198, 409)   coste      37       37
( 675, 746)   coste       9        9
( 545, 723)   coste       7        7
( 104, 206)   coste      43       43
( 685, 700)   coste      43       43
(  37,  38)   coste      28       28
(  37,  39)   coste      34       34
(  12, 461)   coste      33       33
( 551, 700)   coste      44       44
( 192, 363)   coste      22       22
( 226, 227)   coste      40       40
( 300, 506)   coste      51       51
(  46, 300)   coste      41       41
( 705, 747)   coste      44       44
( 705, 729)   coste      42       42
( 705, 706)   coste      21       21
( 497, 599)   coste      50       50
(  12, 694)   coste      53       53
( 578, 604)   coste      22       22
(  38, 531)   coste      49       49
( 360, 726)   coste      28       28
(  11,  12)   coste      34       34
( 506, 748)   coste      64       64
(  79,  83)   coste      45       45
( 736, 747)   coste      13       13
( 729, 747)   coste      39       39
( 711, 747)   coste      47       47
( 221, 690)   coste      42       42
( 729, 736)   coste      50       50
( 706, 729)   coste      39       39
( 711, 729)   coste      24       24
(  39, 411)   coste      39       39
( 416, 417)   coste      51       51
LISTA_ARISTAS_NOREQ :
(   3,   6)   coste      54       54
(   4, 270)   coste      60       60
(   5, 387)   coste      60       60
(   7,  43)   coste      50       50
(   7,  46)   coste      46       46
(   7, 300)   coste      31       31
(   7, 657)   coste      66       66
(   9,  10)   coste      49       49
(  10, 221)   coste      37       37
(  10, 461)   coste      42       42
(  11, 677)   coste      13       13
(  11, 694)   coste      36       36
(  16, 337)   coste      76       76
(  16, 627)   coste      80       80
(  16, 631)   coste      85       85
(  16, 662)   coste      69       69
(  17,  18)   coste      19       19
(  18, 559)   coste      42       42
(  19, 383)   coste      40       40
(  22,  23)   coste      25       25
(  22,  25)   coste      22       22
(  24, 383)   coste      34       34
(  24, 523)   coste      38       38
(  25,  26)   coste      21       21
(  25, 523)   coste      34       34
(  27,  50)   coste      43       43
(  27,  55)   coste      42       42
(  27, 166)   coste      48       48
(  27, 286)   coste      21       21
(  27, 287)   coste      11       11
(  27, 745)   coste      36       36
(  29, 745)   coste      12       12
(  30,  55)   coste      50       50
(  31, 168)   coste      31       31
(  33,  36)   coste      31       31
(  33, 560)   coste      46       46
(  34,  36)   coste      28       28
(  34,  38)   coste      31       31
(  34, 531)   coste      42       42
(  35,  37)   coste      44       44
(  37,  40)   coste      36       36
(  37, 411)   coste      59       59
(  38, 532)   coste      49       49
(  39,  40)   coste      18       18
(  41, 657)   coste      44       44
(  42,  45)   coste      24       24
(  42, 256)   coste      49       49
(  43,  44)   coste      61       61
(  43,  46)   coste      15       15
(  44, 257)   coste      48       48
(  45, 208)   coste      30       30
(  47, 605)   coste      26       26
(  47, 606)   coste      47       47
(  47, 611)   coste      18       18
(  47, 681)   coste      25       25
(  48, 611)   coste      47       47
(  49, 634)   coste      39       39
(  50, 286)   coste      32       32
(  51,  53)   coste      22       22
(  52, 458)   coste      61       61
(  56,  84)   coste      17       17
(  56,  86)   coste      72       72
(  56, 626)   coste      42       42
(  58, 162)   coste      60       60
(  58, 696)   coste      38       38
(  59, 471)   coste      36       36
(  59, 541)   coste      20       20
(  59, 737)   coste      28       28
(  60, 232)   coste      37       37
(  60, 237)   coste      21       21
(  60, 238)   coste      16       16
(  60, 520)   coste      34       34
(  61, 441)   coste      49       49
(  61, 709)   coste      38       38
(  65, 562)   coste      49       49
(  66, 403)   coste      38       38
(  66, 652)   coste      23       23
(  67,  68)   coste      68       68
(  67, 653)   coste      49       49
(  68,  69)   coste      36       36
(  69, 654)   coste      30       30
(  69, 708)   coste      47       47
(  70, 311)   coste      27       27
(  70, 561)   coste      51       51
(  71, 607)   coste      25       25
(  71, 654)   coste      24       24
(  72, 534)   coste       3        3
(  72, 535)   coste      53       53
(  73,  75)   coste       2        2
(  74, 716)   coste      19       19
(  75, 720)   coste      52       52
(  76, 279)   coste      81       81
(  76, 280)   coste      27       27
(  77, 109)   coste      33       33
(  79, 281)   coste      19       19
(  80, 281)   coste      14       14
(  81, 281)   coste      23       23
(  82,  83)   coste      44       44
(  82, 146)   coste      56       56
(  82, 504)   coste      59       59
(  83, 281)   coste      39       39
(  84, 626)   coste      37       37
(  85,  86)   coste      85       85
(  86, 245)   coste      82       82
(  87, 303)   coste      25       25
(  88,  91)   coste      54       54
(  90, 303)   coste      34       34
(  90, 707)   coste      37       37
(  91,  92)   coste      51       51
(  91, 303)   coste      40       40
(  94,  98)   coste      16       16
(  94, 180)   coste      38       38
(  98, 180)   coste      48       48
(  99, 488)   coste      43       43
( 101, 737)   coste      47       47
( 102, 104)   coste      50       50
( 103, 257)   coste      33       33
( 104, 254)   coste      49       49
( 105, 462)   coste      31       31
( 105, 587)   coste      21       21
( 106, 145)   coste      22       22
( 106, 147)   coste      37       37
( 107, 587)   coste      28       28
( 108, 149)   coste      48       48
( 108, 376)   coste      49       49
( 108, 462)   coste      23       23
( 110, 215)   coste      47       47
( 111, 113)   coste      27       27
( 112, 449)   coste      58       58
( 116, 278)   coste      12       12
( 117, 573)   coste       8        8
( 118, 119)   coste      61       61
( 118, 121)   coste      12       12
( 119, 120)   coste      44       44
( 119, 122)   coste      39       39
( 119, 483)   coste      55       55
( 119, 573)   coste      14       14
( 120, 122)   coste      56       56
( 123, 608)   coste      32       32
( 123, 717)   coste      39       39
( 125, 466)   coste      45       45
( 125, 538)   coste      50       50
( 125, 695)   coste      18       18
( 126, 177)   coste      38       38
( 126, 185)   coste      35       35
( 127, 131)   coste      41       41
( 127, 698)   coste      28       28
( 128, 178)   coste      20       20
( 129, 177)   coste      40       40
( 130, 184)   coste      45       45
( 132, 175)   coste       8        8
( 132, 395)   coste      28       28
( 133, 715)   coste      16       16
( 134, 647)   coste      39       39
( 134, 648)   coste      37       37
( 134, 725)   coste      30       30
( 135, 715)   coste      24       24
( 137, 647)   coste      39       39
( 139, 143)   coste      47       47
( 140, 667)   coste      44       44
( 142, 143)   coste      38       38
( 142, 144)   coste      37       37
( 143, 144)   coste      23       23
( 143, 713)   coste      56       56
( 143, 740)   coste      18       18
( 145, 515)   coste      52       52
( 146, 462)   coste      24       24
( 147, 590)   coste      67       67
( 148, 309)   coste      53       53
( 149, 641)   coste      90       90
( 150, 515)   coste      54       54
( 151, 262)   coste      37       37
( 151, 621)   coste      33       33
( 152, 153)   coste      38       38
( 152, 621)   coste      46       46
( 153, 621)   coste      25       25
( 153, 623)   coste      29       29
( 154, 156)   coste       9        9
( 155, 621)   coste      20       20
( 156, 418)   coste      44       44
( 157, 262)   coste      26       26
( 157, 622)   coste      17       17
( 158, 475)   coste      68       68
( 158, 643)   coste       7        7
( 159, 161)   coste      59       59
( 161, 408)   coste      50       50
( 162, 696)   coste      47       47
( 163, 165)   coste      16       16
( 164, 696)   coste      29       29
( 165, 168)   coste      25       25
( 168, 349)   coste       6        6
( 168, 745)   coste      27       27
( 170, 171)   coste      39       39
( 170, 172)   coste      36       36
( 170, 519)   coste      49       49
( 171, 518)   coste      46       46
( 172, 173)   coste      50       50
( 172, 535)   coste      51       51
( 173, 174)   coste      36       36
( 173, 574)   coste      52       52
( 175, 185)   coste      36       36
( 177, 178)   coste      35       35
( 177, 289)   coste      36       36
( 177, 698)   coste      17       17
( 179, 283)   coste      52       52
( 179, 743)   coste      47       47
( 179, 744)   coste      35       35
( 181, 671)   coste      31       31
( 181, 743)   coste      44       44
( 181, 744)   coste      31       31
( 182, 743)   coste       4        4
( 185, 186)   coste      44       44
( 186, 685)   coste      48       48
( 187, 363)   coste      45       45
( 188, 434)   coste      50       50
( 188, 508)   coste      60       60
( 189, 302)   coste      38       38
( 193, 409)   coste       6        6
( 195, 516)   coste      37       37
( 197, 251)   coste      38       38
( 198, 249)   coste      36       36
( 198, 251)   coste      39       39
( 198, 407)   coste      39       39
( 199, 236)   coste      40       40
( 199, 533)   coste       7        7
( 201, 533)   coste      27       27
( 208, 540)   coste      61       61
( 208, 589)   coste      53       53
( 209, 436)   coste      15       15
( 209, 589)   coste      14       14
( 210, 747)   coste      51       51
( 211, 605)   coste      23       23
( 211, 606)   coste      28       28
( 211, 681)   coste      43       43
( 214, 577)   coste      42       42
( 214, 606)   coste      47       47
( 215, 277)   coste      28       28
( 216, 442)   coste      34       34
( 218, 690)   coste      40       40
( 221, 461)   coste      41       41
( 223, 227)   coste      21       21
( 226, 293)   coste      21       21
( 228, 712)   coste       1        1
( 229, 683)   coste      30       30
( 230, 683)   coste      14       14
( 230, 697)   coste      54       54
( 231, 684)   coste       7        7
( 234, 235)   coste      18       18
( 237, 520)   coste      17       17
( 239, 314)   coste      44       44
( 240, 572)   coste      57       57
( 241, 277)   coste      16       16
( 242, 244)   coste      15       15
( 242, 278)   coste      44       44
( 242, 402)   coste      47       47
( 243, 311)   coste      40       40
( 243, 314)   coste      19       19
( 247, 454)   coste      18       18
( 249, 702)   coste      18       18
( 252, 253)   coste      53       53
( 252, 296)   coste      14       14
( 252, 702)   coste      28       28
( 253, 445)   coste      30       30
( 257, 259)   coste      21       21
( 258, 506)   coste      48       48
( 261, 418)   coste       8        8
( 261, 419)   coste      21       21
( 262, 265)   coste      34       34
( 262, 351)   coste      65       65
( 263, 264)   coste      59       59
( 263, 419)   coste      30       30
( 265, 351)   coste      63       63
( 266, 567)   coste      73       73
( 267, 269)   coste      28       28
( 268, 271)   coste      17       17
( 269, 714)   coste      57       57
( 269, 720)   coste      33       33
( 270, 492)   coste      27       27
( 272, 739)   coste      46       46
( 273, 428)   coste      38       38
( 275, 433)   coste      28       28
( 275, 726)   coste      45       45
( 276, 476)   coste      56       56
( 283, 475)   coste      64       64
( 288, 451)   coste      59       59
( 288, 452)   coste      11       11
( 289, 453)   coste      59       59
( 289, 698)   coste      22       22
( 290, 449)   coste      49       49
( 290, 450)   coste      67       67
( 290, 452)   coste      56       56
( 291, 365)   coste      45       45
( 291, 454)   coste      48       48
( 291, 455)   coste      36       36
( 294, 306)   coste      50       50
( 294, 309)   coste      42       42
( 294, 514)   coste      20       20
( 297, 447)   coste      51       51
( 297, 702)   coste      41       41
( 299, 304)   coste       1        1
( 301, 389)   coste      43       43
( 301, 656)   coste      19       19
( 302, 389)   coste      34       34
( 303, 707)   coste      55       55
( 305, 307)   coste      30       30
( 306, 395)   coste      50       50
( 307, 546)   coste      51       51
( 311, 401)   coste      34       34
( 311, 402)   coste      20       20
( 314, 401)   coste      43       43
( 315, 650)   coste      55       55
( 317, 318)   coste      41       41
( 317, 374)   coste      50       50
( 317, 397)   coste      41       41
( 317, 421)   coste      42       42
( 321, 415)   coste      46       46
( 321, 580)   coste      47       47
( 321, 609)   coste      33       33
( 322, 324)   coste      32       32
( 323, 580)   coste      65       65
( 324, 404)   coste      43       43
( 324, 406)   coste      51       51
( 326, 330)   coste      36       36
( 326, 731)   coste      32       32
( 327, 331)   coste      38       38
( 327, 332)   coste      25       25
( 327, 333)   coste      16       16
( 328, 332)   coste      36       36
( 330, 593)   coste      89       89
( 330, 661)   coste      40       40
( 336, 337)   coste      53       53
( 337, 340)   coste      64       64
( 337, 624)   coste      68       68
( 337, 638)   coste      77       77
( 338, 339)   coste      20       20
( 338, 493)   coste      43       43
( 339, 491)   coste      55       55
( 341, 463)   coste      53       53
( 342, 502)   coste      52       52
( 343, 463)   coste      47       47
( 343, 695)   coste      48       48
( 344, 345)   coste      50       50
( 345, 463)   coste      57       57
( 348, 349)   coste      23       23
( 349, 745)   coste      30       30
( 351, 682)   coste      76       76
( 354, 374)   coste      56       56
( 354, 650)   coste      64       64
( 354, 738)   coste      34       34
( 355, 358)   coste      65       65
( 356, 739)   coste      41       41
( 357, 553)   coste      61       61
( 357, 575)   coste      38       38
( 358, 553)   coste      23       23
( 359, 575)   coste      49       49
( 359, 730)   coste      18       18
( 361, 378)   coste      61       61
( 362, 434)   coste      49       49
( 364, 638)   coste      67       67
( 367, 567)   coste      12       12
( 367, 568)   coste       9        9
( 368, 369)   coste       6        6
( 369, 566)   coste      47       47
( 370, 552)   coste      48       48
( 370, 568)   coste      33       33
( 371, 559)   coste      43       43
( 374, 421)   coste      19       19
( 378, 465)   coste      32       32
( 378, 674)   coste      31       31
( 379, 697)   coste      38       38
( 381, 674)   coste      26       26
( 382, 523)   coste      43       43
( 383, 384)   coste      27       27
( 383, 385)   coste      51       51
( 385, 517)   coste      44       44
( 385, 523)   coste      50       50
( 391, 392)   coste      35       35
( 391, 395)   coste      40       40
( 392, 394)   coste      13       13
( 394, 644)   coste      39       39
( 397, 399)   coste      51       51
( 398, 400)   coste      19       19
( 404, 742)   coste      61       61
( 406, 555)   coste      50       50
( 406, 670)   coste      46       46
( 407, 642)   coste      64       64
( 408, 642)   coste      29       29
( 408, 643)   coste      68       68
( 412, 495)   coste      41       41
( 412, 580)   coste      52       52
( 413, 414)   coste      48       48
( 413, 416)   coste      16       16
( 415, 580)   coste       6        6
( 416, 495)   coste      30       30
( 416, 642)   coste      63       63
( 420, 513)   coste      43       43
( 422, 527)   coste      39       39
( 422, 528)   coste      54       54
( 422, 529)   coste      44       44
( 422, 583)   coste      37       37
( 422, 649)   coste       9        9
( 423, 528)   coste      43       43
( 423, 529)   coste      37       37
( 424, 581)   coste      46       46
( 424, 749)   coste      40       40
( 425, 427)   coste      36       36
( 426, 581)   coste      46       46
( 427, 585)   coste      18       18
( 428, 726)   coste      28       28
( 429, 481)   coste      17       17
( 429, 484)   coste      45       45
( 430, 431)   coste      35       35
( 430, 432)   coste      14       14
( 430, 730)   coste      36       36
( 431, 432)   coste      27       27
( 433, 496)   coste      35       35
( 433, 522)   coste      72       72
( 434, 473)   coste      32       32
( 434, 579)   coste      17       17
( 434, 588)   coste      29       29
( 435, 472)   coste      32       32
( 436, 600)   coste      43       43
( 439, 440)   coste      14       14
( 439, 539)   coste      23       23
( 442, 444)   coste      39       39
( 442, 486)   coste      62       62
( 443, 486)   coste      15       15
( 444, 501)   coste      16       16
( 447, 504)   coste      65       65
( 448, 526)   coste      43       43
( 449, 452)   coste      24       24
( 450, 452)   coste      41       41
( 451, 645)   coste      58       58
( 456, 660)   coste      52       52
( 457, 460)   coste      60       60
( 460, 660)   coste      40       40
( 462, 587)   coste      40       40
( 463, 469)   coste      56       56
( 464, 521)   coste      31       31
( 464, 523)   coste      34       34
( 464, 524)   coste      30       30
( 466, 469)   coste      32       32
( 467, 633)   coste      49       49
( 468, 469)   coste      18       18
( 471, 474)   coste      33       33
( 471, 737)   coste      39       39
( 474, 540)   coste      48       48
( 475, 739)   coste      60       60
( 479, 480)   coste      57       57
( 480, 642)   coste      24       24
( 481, 496)   coste      15       15
( 481, 497)   coste      44       44
( 483, 599)   coste      58       58
( 485, 709)   coste      57       57
( 489, 686)   coste      12       12
( 490, 625)   coste      52       52
( 490, 639)   coste      51       51
( 492, 625)   coste      62       62
( 493, 494)   coste      18       18
( 493, 619)   coste      34       34
( 493, 714)   coste      42       42
( 494, 673)   coste      51       51
( 498, 565)   coste      31       31
( 501, 564)   coste      42       42
( 503, 745)   coste       7        7
( 505, 526)   coste      22       22
( 505, 528)   coste      40       40
( 507, 617)   coste      40       40
( 518, 535)   coste      32       32
( 519, 535)   coste      45       45
( 531, 532)   coste      50       50
( 532, 703)   coste      49       49
( 536, 568)   coste      50       50
( 537, 538)   coste      50       50
( 537, 608)   coste      47       47
( 537, 633)   coste      33       33
( 537, 695)   coste       7        7
( 539, 748)   coste      19       19
( 540, 579)   coste      59       59
( 542, 737)   coste      36       36
( 543, 572)   coste      41       41
( 543, 655)   coste      25       25
( 543, 721)   coste      41       41
( 544, 572)   coste      24       24
( 546, 635)   coste      57       57
( 548, 732)   coste      36       36
( 549, 700)   coste      33       33
( 550, 651)   coste      56       56
( 550, 692)   coste      58       58
( 552, 566)   coste      38       38
( 552, 569)   coste      45       45
( 553, 566)   coste      40       40
( 557, 558)   coste      52       52
( 562, 716)   coste      33       33
( 563, 576)   coste      50       50
( 567, 568)   coste      15       15
( 571, 699)   coste       2        2
( 575, 730)   coste      65       65
( 576, 578)   coste      27       27
( 576, 604)   coste      47       47
( 578, 602)   coste      26       26
( 579, 588)   coste      32       32
( 581, 749)   coste      28       28
( 582, 586)   coste      44       44
( 582, 591)   coste      48       48
( 586, 591)   coste       8        8
( 588, 600)   coste      32       32
( 594, 595)   coste      45       45
( 594, 597)   coste      52       52
( 595, 596)   coste      60       60
( 596, 597)   coste      46       46
( 596, 731)   coste      35       35
( 597, 661)   coste      21       21
( 601, 718)   coste      52       52
( 602, 603)   coste      43       43
( 602, 718)   coste      52       52
( 605, 606)   coste      27       27
( 607, 652)   coste      25       25
( 607, 654)   coste      19       19
( 610, 681)   coste      44       44
( 610, 682)   coste      43       43
( 613, 694)   coste      16       16
( 614, 714)   coste      54       54
( 615, 616)   coste      29       29
( 615, 618)   coste      10       10
( 616, 617)   coste      38       38
( 616, 707)   coste      53       53
( 618, 619)   coste      47       47
( 618, 620)   coste      32       32
( 622, 623)   coste      44       44
( 624, 638)   coste      55       55
( 624, 673)   coste      62       62
( 625, 639)   coste      58       58
( 627, 662)   coste      62       62
( 629, 630)   coste      44       44
( 630, 662)   coste      59       59
( 633, 695)   coste      29       29
( 635, 644)   coste      37       37
( 635, 645)   coste      66       66
( 636, 644)   coste      19       19
( 650, 738)   coste      38       38
( 651, 685)   coste      31       31
( 658, 724)   coste      19       19
( 661, 704)   coste      40       40
( 664, 666)   coste      18       18
( 665, 668)   coste      44       44
( 670, 742)   coste      44       44
( 674, 683)   coste      24       24
( 675, 684)   coste      26       26
( 676, 693)   coste      26       26
( 677, 679)   coste      28       28
( 678, 680)   coste      17       17
( 683, 697)   coste      57       57
( 691, 724)   coste       4        4
( 703, 725)   coste      62       62
( 705, 734)   coste      24       24
( 709, 716)   coste      50       50
( 711, 728)   coste      35       35
( 715, 725)   coste      62       62
( 718, 721)   coste      33       33
( 728, 747)   coste      18       18
( 732, 734)   coste      16       16
( 732, 747)   coste      40       40
( 733, 747)   coste      22       22
( 734, 747)   coste      27       27
( 735, 736)   coste      18       18
( 738, 739)   coste      57       57
